,0,1,2,3,4,5,6,7,8,9,10,11,12,13,14,15,16,17,18,19,20,21,22,23,24,25,26,27,28,29,30,31,32,33,34,35,36,37,38,39,40,41,42,43,44,45,46,47,48,49
0,0.09525121948251136,0.030430078361568056,0.23770411470450759,0.02931154260466918,0.11755719180894063,0.06060229655182224,0.1414277709848913,0.2599890268046706,0.026467523334833543,0.00016726234976794437,0.04729998179880352,0.23967278355672672,0.08505898086391615,0.033063904361533995,0.007254884316777289,0.049677134049990954,0.11533087425600567,0.18520730178277195,0.08793555567641037,0.285272767038772,0.023950134943805903,0.00638357422122809,0.11864200034886477,0.015384508032154687,0.16491724380012987,0.0202478332387002,0.319112982413187,0.1929775605970198,0.040321788371329874,0.06497636842629054,0.010800601722366328,0.11384892589754261,0.05312828170778981,0.09099082196696756,0.10226425141995453,0.010704774501267634,0.04362186376620484,0.03497271212399896,0.10436883393837243,0.03358451973781209,0.2355629355737497,0.009011787730827336,0.19223293108261774,0.12045436528714493,0.14346550577264716,5.865780605661286e-07,0.01788090841692381,0.06275133012575437,0.20512103406499493,0.0
1,0.11485142709741361,0.07195823334788154,0.06537635440181067,0.07644343683937904,0.2862294397949336,0.10229789020333069,5.6510486129063056e-05,0.0773404959794337,0.06220953195508253,0.06564519545217244,0.13759779831823016,0.1891923492287589,0.22004325338429656,0.005390589853625887,0.0001674315687408761,0.02015351582188894,0.20236208530889765,0.13227268068770953,0.2509749145765917,0.37027352741052355,0.08157967890876743,0.0030869096937943073,0.10822520197004137,0.010665141942959718,0.1003025246399429,0.022465119762195625,0.1828772084056191,0.34763485616553175,0.003820776207443952,0.10845030046978088,9.413932906121153e-05,0.15310045342102283,0.2588504994379107,0.35146382674442067,0.07869277783749296,0.0229209053102531,0.050405433590356874,0.10190256086170292,0.03844786823440796,0.2156012000964659,0.22303180795462077,0.20482113173533728,0.09107818085788386,0.03377435679586662,0.04354189098423083,0.07029216834559517,0.05870063685529772,0.013535473828355179,0.13611874408831362,0.0
2,0.1339841354793997,0.09691933249301589,0.14529396774834172,0.2290306637583174,0.10454461371264029,0.3418437581161893,0.08146030137434383,0.31083740307035107,0.011173725154971998,0.032548985283892454,0.14564005203470134,0.1399703113083459,0.26830217513479215,0.003684934116351322,0.010394305167797066,0.052245187926079587,0.20520265102131746,0.235783589751805,0.18075551398183548,0.08560491947982177,0.001207335314694708,1.2154118347350958e-06,0.251250067715362,0.05001605791664619,0.07350382142603497,0.0025051172992290455,0.41868643701732905,0.1389979692948409,0.06752558226896338,0.1876317692361517,0.10792955349483747,0.34208283433926145,0.030590894590699302,0.07010101242521925,0.0290777517339217,0.03161814567980755,0.014684523602637977,0.033505987518462996,0.14093076563238852,0.03831064269273502,0.11537713125155857,0.05502378274451531,0.23794653517620531,0.07221305360947954,0.31662117476900886,9.289120995586522e-10,0.026452288251810705,0.045222203566928076,0.18967411467908238,0.0
3,0.10807828373760009,0.1484878828503252,0.051549721189099,0.11811007176734709,0.2572039862223598,0.06532111629393789,0.0038854652233286983,0.11739039394640757,0.09544864325998673,0.00292505426491251,0.011554149608272843,0.1459239095077445,0.17474635839360847,0.06614253491337183,0.013134160461954248,0.0758443192708767,0.4414852399086412,0.2453775599156597,0.14291467062774643,0.06738017577302251,0.026058033318548095,0.012365842992786537,0.044848290813066696,0.15534299701472526,0.02658294929868511,0.03815453110832075,0.33125560949363764,0.15231764949444934,0.0007658096191285765,0.23752577697672256,0.0006294547528526707,0.0386177886825482,0.3361570853471006,0.09743017883255774,0.07183906604397719,0.04874028173822917,0.11097148950969253,0.048178627887867996,0.03380098829580095,0.0020111349488846795,0.1758371518635642,0.09940033635406703,0.16594103344846795,0.0727819452347214,0.07386211475640489,0.00011693758424997033,0.1456767187590289,0.0913175674289119,0.14040144700078522,0.0
4,0.16809372214529358,0.12902869313309398,0.13516047369514683,0.1376409363890027,0.16028130045969446,0.19221780905936303,0.07412500608505215,0.1553758435965077,0.08232600344989788,0.030018503108856943,0.16152780926060847,0.06775397449123022,0.16177090117017234,0.005657556178376624,0.001207631163853086,0.018922550508768992,0.3053187306850644,0.08493271738371691,0.08474780039672426,0.25806064799687317,0.04277930999039806,0.013815371141864097,0.24103448349573336,0.01045682748007373,0.09299249995079116,0.020962214137708934,0.0190632558121212,0.05952690379883119,0.008976074685292207,0.08123957406864789,0.005900956058130541,0.10607127609363486,0.3244372710443456,0.19433486243858308,0.16914650215452381,0.0009244964322551384,0.11727696118276697,0.1338541839340409,0.15687365932961597,0.08271195377758994,0.05613963433928439,0.17935448246455787,0.11756210509597072,0.2987666651961783,0.17589890838154337,0.0012037306950171988,0.07078854627411245,0.034601637057584636,0.28761788958661094,0.0
5,0.09167269471980319,0.04254590491219159,0.22895760395660197,0.0371570636212498,0.18636348324889568,0.25190348996472706,0.07627390912616497,0.2443524956968474,0.10340834860728111,0.0025359753056695637,0.05388281531324313,0.10803945363534109,0.09470144405979,0.00012425750079362243,1.319805827731962e-05,0.020131321876059042,0.23181898057682548,0.14460229036887656,0.16469075096785551,0.16074170275883926,0.051477882145565534,0.04158161306680988,0.08968150657990305,0.0107988466676842,0.07575691928867058,0.04582579128251746,0.192059130803119,0.059560130427374236,0.06706081139142445,0.08911136902374608,0.01324411999192782,0.1018365656873251,0.2714866847521484,0.13466433753909704,0.1322676929150954,0.021069909952228016,0.038129975541761146,0.05875693316020475,0.13528231083134817,0.012363001803520854,0.06610987985586503,0.03215429383661149,0.2006187991344692,0.11080866513777451,0.11017160213878957,7.150566951125862e-07,0.012611006418624587,0.012742809995348063,0.11245373041300054,0.0
6,0.049699018299162595,0.10626610016205609,0.10769778677586177,0.04889892110755007,0.3138148395410203,0.029729957983382804,0.011128567615993987,0.1836845544875465,0.06520251118754877,0.00033522122831810506,0.1377755541179569,0.3330367089349489,0.19245422456287947,0.0015934811666731073,0.0019495345335449326,0.011008457813491296,0.09610189720213162,0.2827753176710291,0.21003324647796723,0.13005628414170206,0.008223026767112895,0.0005299891014906702,0.09365832863830023,0.04687056294857393,0.06446110000567282,0.006282514578161307,0.20759576310661382,0.04092376688347519,0.012841130568329584,0.04154933777148273,0.0011821195936831306,0.19468790473614422,0.05955864337293696,0.28677803483903386,0.09255364242465648,0.024936403423631286,0.033319862240355394,0.0737144328699019,0.09244014136335033,0.016451781471251294,0.05183967241003181,0.351754327000113,0.04511114827768063,0.07820174763612191,0.04054037364638102,0.01217687186395084,0.029245721652735087,0.0851155518755856,0.3746861543984711,0.0
7,0.02465724333359806,0.0895965729311772,0.15774217448438171,0.07540453602584522,0.11644338488315464,0.19091844427558213,0.008243090216182766,0.15357762920527127,0.028064654985104565,0.013110140132220083,0.0012381785128234009,0.1270104065634489,0.1304769280273656,2.0272019354185794e-05,1.8923218790580123e-07,0.13965595074999188,0.06906932235290518,0.13938750664122732,0.05752580352811928,0.22124287645246,0.0433831587233549,0.007656498542971001,0.12539550520651851,0.12984735756658483,0.16891930106255024,0.036753245893980935,0.14528996825494514,0.07977079098966322,0.11372451682386975,0.10247673389988915,0.015063713949511752,0.15496169347054653,0.10012696315403231,0.2827672580229838,0.1424226741362585,0.012833010562231094,0.16754655540156152,0.1602389125595044,0.37294995480901305,0.010943858685010468,0.0930760975261447,0.06908680052972954,0.21347137676268513,0.17663215901994042,0.03113844044607365,1.265818602935402e-08,0.025539524133005698,0.1897204610786465,0.21324688634494918,0.0
8,0.06881526872982743,0.028011280608585733,0.14435639678041368,0.11139732766718871,0.20513229057442342,0.15569178514199564,0.007039736628323219,0.1669506847693719,0.3024527231947395,3.1945757486656175e-06,0.08459553965835638,0.12738679318462562,0.225483117554731,0.00014167295079694787,0.0002515189991640476,0.05460279509071774,0.08254325543758533,0.10621371067889389,0.11887627592815346,0.07241378609223996,0.04623836392476865,6.052249084362741e-05,0.13415740476428464,0.07229555869820321,0.1162249368175436,0.0010057715795536498,0.22655624868028995,0.038775010477742455,0.05123330751214291,0.0853315198381928,0.008767285996657858,0.023469743612942566,0.3186572507483927,0.034238612033378406,0.19678830611031634,0.03276064989423686,0.004716180834184323,0.06156639995151427,0.07132805542960954,0.19912054214428604,0.0710497736733263,0.26180957265726346,0.24645219958622755,0.12625306322183502,0.1569360129079158,0.07602919358832692,0.1196231848736278,0.026627649926956355,0.1481036148694776,0.0
9,0.053978034365032096,0.012205112438955947,0.12891823508427358,0.15501052565337725,0.036902330514387426,0.15783006720190315,0.006090191816872769,0.21374971333658832,0.20792630153040595,0.004379782954327709,0.036695213442004576,0.12364886300838275,0.12127862350907669,0.0022470234585072243,0.009964650719107394,0.012494062526785468,0.22598098836781827,0.0814765713355719,0.10592608940722409,0.13807929539332864,0.08103624662361827,0.003039345216860083,0.08954728672891904,0.08049492288389776,0.11934607761373356,0.005257096488501729,0.13130171378789549,0.013606745160862842,0.0894772251502859,0.21413685544473957,0.00047800779300082713,0.07810526725239889,0.14793079355909777,0.14759422181285242,0.11857427287903927,0.005911913242374256,0.12089338741968303,0.05899937112504363,0.120685478714397,0.02563230505476211,0.08575895299289284,0.20333005250690336,0.07685422954057876,0.20174818403168296,0.20943631613746663,0.004254557653004917,0.10981283442757482,0.011246438681835464,0.22338009507580905,0.0
10,0.22632344778893354,0.06511221719517284,0.13091415796912145,0.08315452059454398,0.16182975802406865,0.10998466773852128,0.01951333180479706,0.16643272319407595,0.2846056678664034,0.0017809576711994527,0.04015500366033898,0.1540181099631303,0.11973210751059418,0.00012929890245020473,0.010904965058742474,0.02318456974404463,0.3403561394685512,0.25523900938300514,0.09069122591865626,0.26529207053745846,0.06584695490997677,2.155623109586888e-06,0.11399659720874433,0.06927405112458268,0.07655600873837991,0.021004832844326457,0.07602018630985093,0.23874460845729548,3.836323780751603e-05,0.0677277070581496,0.024593266995622882,0.07840686430156175,0.32241473767087053,0.2754811506457251,0.170098136033976,0.02691769890187029,0.0482279836844314,0.10915040907067491,0.06504993618580927,0.03696718697072469,0.08174804019559419,0.016860951443912593,0.24432047344197977,0.4891918760491309,0.2534298904385383,2.3854334569252744e-05,0.20322046221852358,0.0481462373259706,0.19859134038364565,0.0
11,0.04391885339557072,0.03580402429544209,0.32731339036887197,0.13728696611728047,0.2990147853794494,0.0676727470415454,0.09051387441724751,0.42196039890107406,0.08027827139906941,0.028538101848069607,0.36831844675308023,0.11170633285048867,0.3184808575562725,0.017464244240356187,0.0034717915393825865,0.07470110935716742,0.05254989554870633,0.2560480265377202,0.0029147572853384434,0.009292162767289402,0.10361617288023672,0.01301709044506542,0.057541171053235626,0.21524459468321971,0.054191145785708,0.0008241383457900681,0.11138277315513337,0.10890671965171649,0.060380982172526576,0.02509189699326105,0.02668662767144876,0.04058429071882275,0.21048879347388752,0.08695345351856663,0.130352152211694,0.05434665349409159,0.1291977967207004,0.1019836194384629,0.06816245494070132,0.01487567832611735,0.12311757031082761,0.09144728484808509,0.1222848630765591,0.42072834102391354,0.1791767836583891,9.467386824375713e-10,0.04129035736747843,0.005426242984740199,0.16201556839812928,0.0
12,0.07953626396805077,0.08664326275037254,0.03776731693427023,0.07434818810571052,0.097019202827566,0.17488495660758882,0.05771639708740667,0.20668654788484328,0.06627024621727223,0.12095641926113099,0.07416912397887922,0.11421701006071829,0.13934798499874074,5.062732906420083e-05,0.021230703317251878,0.06599592998868897,0.23867831192968944,0.19128838838480236,0.04846162760407541,0.1000676978897621,0.0027049419373918813,0.005382343566705061,0.05772945068733841,0.20148428776182156,0.11968257968855457,0.002653128193309615,0.12039572028338315,0.10693746240922691,0.017760347583405427,0.029511941636637617,0.026917171105212346,0.0652607688554769,0.2023881234559935,0.10592922652874741,0.1558188079361341,0.10908965882904471,0.20137802231539437,0.12636738500383898,0.23773375772165947,0.039018608472347574,0.025393272135711922,0.06668175736270576,0.12560697914292626,0.07968206503595808,0.162596999126616,0.000422832792526149,0.24531478339130383,0.014767731120538169,0.23332262951031685,0.0
13,0.09886474227061663,0.11214810789881917,0.03382771129358111,0.15588260607947313,0.17425977314042979,0.31465107318010954,0.1731744371798514,0.2868963887803354,0.10492870503030609,0.022757041559759935,0.0818563516411631,0.06779479700707872,0.08615716822183278,0.02628295724173777,2.994427727667874e-08,0.02163538779477624,0.11732701384602666,0.05964654574663969,0.14555884979024084,0.09185394834668822,0.007246085224162071,0.00022757789710416907,0.03912179948337702,0.05172852322130009,0.2522934539165491,0.001602510526864898,0.41832207540324207,0.05102102742445208,0.0018472169886293028,0.0409122262434319,0.01864509427180642,0.01663732140762743,0.029098718447025926,0.20364562378823475,0.11152603552456468,0.0036160424421733616,0.1062247329746983,0.014112997624572665,0.04359997114802796,0.060092305767561666,0.06558219654834714,0.04208347129199276,0.24150887276455726,0.04769869067779562,0.31273481864686203,9.27152153716356e-12,0.07217252685426312,0.0020307808186052394,0.24196816488856843,0.0
14,0.1043941511943628,0.1844555885563148,0.060640527627599854,0.095747629702498,0.184814709711045,0.3196718679469185,0.004105552004715798,0.13177307617199696,0.11880053584253875,0.03013359408131013,0.17480175103093046,0.2147863230280344,0.1877113386400886,0.00010764720941614861,1.6880271766892005e-05,0.029001412857791124,0.14088028723956905,0.23502551603609714,0.016953318724490324,0.14273762780317661,0.03293643805433067,0.02150533595527006,0.23777841289709473,0.03836876462568117,0.06249090152587113,0.06179545884113836,0.3193695392349776,0.1765385785035096,0.0035258641580220708,0.05586234646814457,0.005136238961805228,0.07971509766141,0.24188655172088352,0.27196551693624943,0.020678742343574558,0.21136483207662196,0.05488812257089934,0.04426703330923141,0.4626385629858389,0.061061667376050816,0.10085680654015272,0.11174249717345404,0.15177459609845106,0.0802573209653742,0.14488455246432347,5.085537445930775e-06,0.004221588038210787,0.02301567538050689,0.2254150609167442,0.0
15,0.11323408698126364,0.09567642047273962,0.33991270011900626,0.0746457586717668,0.20485654205121004,0.10188182040288335,0.019710790404014362,0.061299691410090146,0.16778082652120482,0.0002805767692018966,0.00010618186542147968,0.5005981020261937,0.06498416755122023,0.014021913673356272,4.252079339609361e-15,0.04310236977413658,0.22378255811074185,0.18393435987057252,0.09972416034653253,0.132549381337692,0.022163738906260756,0.11350867190171172,0.04781989648455335,0.043775255305959486,0.2044549121570038,0.0016315119924314677,0.13040151641823258,0.2256148606605763,0.05941007541052013,0.27115910226607204,0.006621487195655194,0.0823497329045495,0.266387326765652,0.19861245496722227,0.29765186462230275,0.03867989332465426,0.1547663255365796,0.09241581780009928,0.1290262245509927,0.08315704183045378,0.08100553693474827,0.027139674411728126,0.20218046775725979,0.14191204294540827,0.14016835181446893,1.5383559268844193e-11,0.002249980724073402,0.03944114178665984,0.3043093649320762,0.0
16,0.32464779748023587,0.016293387859702104,0.19337066335062078,0.07417299941875627,0.05178874966015698,0.28350425414409197,0.0020341426278498447,0.16027062679716725,0.12932755818015526,0.17625609201498374,0.007540246912189283,0.23473343609748257,0.15457484733522794,0.01674224495918322,0.0097389626158469,0.05436763122881798,0.19589693672443947,0.2822402199945021,0.3052863097905125,0.3671637396120813,0.03970186930883691,8.445571508624464e-05,0.1414868275539725,0.09149370162965588,0.11572975786568614,0.08958075109840966,0.10311609108118099,0.07172997125970576,0.005828458835282443,0.0688241604395453,0.007553984879567818,0.043024747579162914,0.09413434808411164,0.13386220876879534,0.1268931695122073,0.02403451910758868,0.051389367849388884,0.016075390546611897,0.30505697828985545,0.060141140909978553,0.08161579144694474,0.036167782214406544,0.12049933533284289,0.14753631629107009,0.15750634514794853,8.371797756105101e-05,0.018321644463299275,0.09592203694651828,0.029379499331002038,0.0
17,0.15848510347069658,0.029894407759710074,0.29156310164328064,0.11012785544640401,0.2072423324441028,0.4483175802563695,0.00636851140329458,0.34029307472812936,0.06506565949216325,0.010814603761281839,0.025028049831179486,0.28732387983910807,0.33846049273945994,0.013759551682283702,0.008115512810600342,0.026581903342555224,0.12235288967072269,0.08914670649566017,0.017041043821122353,0.0813825716342422,0.03551643331221769,6.128937489632766e-05,0.15366576310954497,0.06775937417718947,0.09205524167107146,0.014637625625227203,0.12429819909887221,0.027659783503947093,0.06722626677247286,0.12152158290970004,0.011333614874627196,0.10084719939248361,0.14114836768945369,0.15837532494175097,0.20360519133117946,0.0076795256846634765,0.013167527926195292,0.08159940065532674,0.14180376721288107,0.07779468624218204,0.029921027272829564,0.03700863196329291,0.21559633515540946,0.055065989341243834,0.3532083297852162,0.006008669294421717,0.17873879406654566,0.017865233804636067,0.29508382311882203,0.0
18,0.12749823599618879,0.22799287229574053,0.098110343222253,0.14373496830501054,0.13901014934183842,0.05633528189775547,0.01601535577603597,0.2798815721253938,0.17390800769632186,0.06141592834456203,0.006826226088766104,0.20850166106322277,0.0846082687737563,0.02841033273660959,3.46004123221709e-05,0.1137315346292663,0.275431113757989,0.18811171499853135,0.0418071462285117,0.15190374934687192,0.01058355534911846,0.0008724951072828806,0.06816453298085924,0.16317907885372368,0.021272800595038655,0.059081758267095434,0.11496971763153745,0.1387632727006593,0.07736077273703403,0.09017999595919654,0.011041788382351135,0.08056406870864562,0.42684177223881764,0.21460280422518993,0.07146686124751782,0.00114788977487607,0.03434223938672981,0.01699628621175266,0.2780731693584813,0.07516241000825262,0.06493769352822623,0.07621499418162658,0.23803901619078796,0.10131818941337399,0.06889465821572895,3.8402408602616835e-12,0.15095709384447012,0.014020746951212157,0.05128993116486728,0.0
19,0.09658766079804941,0.017213454503479372,0.12964296501053751,0.0544669284985892,0.35773270373623,0.24895279911548165,0.02781441520356644,0.09987854837426775,0.16561116122722291,0.0009327908933504662,0.08465685314852657,0.17238429705443117,0.31468052624508425,0.00018262093699510256,0.0009016966917366124,0.09140296486838835,0.2527045590461664,0.28282640625100613,0.1084257016770899,0.2789133693496667,0.01826880720591009,0.02974210096801732,0.09688942967090491,0.023825267123644946,0.06776787807391237,0.02844946653433077,0.1713609894822129,0.06544558748702675,0.024710824961559495,0.07623098330385547,0.007110338290002,0.0728430598367087,0.19581236342636604,0.08519489129874992,0.1375562627198666,0.0007614618750017274,0.08457597336515676,0.03290177457685426,0.13353917232216103,0.019563081975502977,0.07572363880375546,0.19060139111125554,0.15522558251803942,0.1614138215078716,0.17966016715151098,3.7765394528266385e-07,0.018457685770724333,0.000569824760181962,0.09470123753344242,0.0
20,0.1735492535739068,0.03285553858999117,0.14233833022665773,0.2352995918413844,0.12050045141170423,0.1388043961924595,0.02932137795286281,0.3018591064750389,0.2232022564263723,0.007222875457109782,0.1707186593208624,0.18271878878945885,0.26061113902350047,2.4374502578866203e-05,9.268146777655245e-05,0.0033578862957151243,0.1495443516782096,0.2956866096370495,0.15008331413062656,0.08385481717181795,0.015297140512483508,0.0001849563605550977,0.18621593137839604,0.19648640941080556,0.12035544084011308,0.02981675839937908,0.09867336276642072,0.04004033301641283,0.03860702362809345,0.04201252787910923,0.08271697844333334,0.0296948091863647,0.3767506475286344,0.2511099563859193,0.1119687249677346,0.0005064094554156485,0.07498379611706052,0.035111579004803634,0.07212673149846137,0.021501184467273213,0.11738679827963977,0.3072582085333032,0.2088749686881244,0.3758958366393321,0.12480034541044281,2.6097439484484863e-08,0.04307958831496028,0.0076761003034153084,0.054505292284744794,0.0
21,0.06460616550631645,0.07591860287764865,0.13513721343851226,0.11765885002738463,0.16402621074924578,0.10939431136094425,0.06116416728595941,0.356662228800092,0.03952054788305158,0.00025366799568620233,0.03483789895123829,0.15659563157800233,0.35082438757483236,0.03657313555159039,0.012254331624851593,0.03695433258946458,0.19863340013723546,0.17053818486084135,0.06545100651869523,0.07288209238472346,0.0005934151655650151,0.0018015065733447018,0.0716637622197848,0.08518369867437564,0.09798017518149887,0.09660472730251904,0.2727942083523236,0.0923962547831663,0.00842249724571776,0.011783396781805826,0.025034510829236804,0.19642961524684818,0.20030112917978518,0.159968361554361,0.07480111911588236,0.012462828538955278,0.036161076037506144,0.02997191747431194,0.09884746367265301,0.06999035929903251,0.044910463793558036,0.1267834930258083,0.052754516638752275,0.21140209843645164,0.403778649993418,6.295949827492446e-06,0.17278972917878216,0.013406910358968557,0.4005299641357798,0.0
22,0.10751120879220136,0.1025062935842479,0.13161484726579883,0.2721503772254713,0.10281567276704001,0.051971548203752584,0.024738878386312144,0.39173265742939056,0.07179448020977937,0.0016226228694909395,0.14788074154092765,0.1695131491051782,0.2288456232280947,0.0049920163696337665,1.9580360626267186e-05,0.08790424095551538,0.10787336674255806,0.2854598120730782,0.1110010416378055,0.5638889000298581,0.02865798259445819,0.00025174604295834344,0.19418754365430696,0.12131651284948672,0.08094414134813568,0.02763773447585706,0.277007821758563,0.12661096212871978,0.0023038170501336005,0.13863970351655203,0.011992808325260729,0.112563873190026,0.3757759909577076,0.03766044224706648,0.050709943267341455,0.004765194699949717,0.11420561530563161,0.054390562000961325,0.09487203570221407,0.023252990695221132,0.1384703589130451,0.31115773007335784,0.3265699446332516,0.1408318523629106,0.03733289043339963,0.004438380755106302,0.03614805060756991,0.012743602258026988,0.21033267828269275,0.0
23,0.07445592503002448,0.07715281976733442,0.10164374115503085,0.05116819871937117,0.24037344364937085,0.2644355399915533,0.03919905382156059,0.05350083955935507,0.10980197864340509,0.012445127256687543,0.09201675114584042,0.14114968093209326,0.2770642946292355,0.022618278419744852,1.1917996243624102e-05,0.025437051559894414,0.1321151822822763,0.2185217737405794,0.30553640795584225,0.08737308669490076,0.0667430262673218,0.001725302940752624,0.07845380494843397,0.05290045312723016,0.1522285812860013,0.07672355853649912,0.42007254202867345,0.09293151045265695,0.007300600311436712,0.20499202595600627,0.03938746700465541,0.2003781637799541,0.17089416618491302,0.12312208161643523,0.17384552838733205,0.009622357912826318,0.18871655326354067,0.03806121201254974,0.1757138640988706,0.012457118916459592,0.03570625672225629,0.09792688524103713,0.36582386917850623,0.11705052991390714,0.07664080571146162,2.1454273674253606e-06,0.09382151546903846,0.04797918235733453,0.3291142258214325,0.0
24,0.21006618268048668,0.14791998900905592,0.17003006285391103,0.17176329923099665,0.10869975834930855,0.16679149443701283,0.026200231130010784,0.041615667907821265,0.0958639900945827,0.0018593938229727583,0.008081855865018434,0.305112689205129,0.188563133066004,3.642814327692387e-05,5.250950814705914e-09,0.015275875176345469,0.3080950806782332,0.13858432919960248,0.030908574349853092,0.235105277967549,6.465902760801431e-06,0.03546134107539189,0.09219268323214197,0.1188109638039909,0.04463711595817382,0.0416757099574097,0.12495198790676773,0.18303932426974645,0.11761174777463794,0.07262195502206448,0.10449048008056425,0.10648447246362872,0.07883993208539745,0.13880936528313995,0.10944605796337037,0.004974982808696798,0.026952241500621844,0.034545994355455745,0.04848520781455808,0.010418380344616854,0.14947445852902108,0.060765449380424295,0.03465541305237188,0.22271936249929872,0.11631814093457377,1.5186228587879035e-05,0.3218836609026832,0.03545564481886619,0.1812030064620382,0.0
25,0.054435211926518824,0.017117609195491868,0.10692200685624134,0.22356446195178248,0.08650815596257859,0.31627766701753424,0.021107033439918224,0.12259360126230638,0.0854133268200535,1.0214383221110196e-05,0.2305420116995752,0.32620320463862884,0.12610680888522677,0.0006631021778423683,0.004382486242266834,0.018733624629499318,0.20840004480227325,0.17394784591285586,0.35718104035542014,0.27696609355809565,0.06940942622185599,0.007196270058633718,0.15826371116462382,0.11994063804881588,0.07887811536593428,0.0005545369517883315,0.386995171089609,0.11169731344417684,0.002329277540542523,0.014120228064694401,0.12689612538676562,0.05117573352326811,0.29917377798678,0.06054963183472142,0.024752896907519223,0.004414648782864826,0.1016150437642034,0.06425802852444792,0.09171120090727652,0.00030040410053843716,0.008286472826464166,0.1271743374813866,0.31492210115974534,0.2887898329829684,0.17422194013455258,1.357930520005291e-06,0.07972605116168939,0.012865512597241117,0.15889063366632272,0.0
26,0.15765177882672202,0.1436419630431795,0.10458180301660783,0.0944069759916291,0.0777718987204312,0.15567412665049796,0.0021885617787658893,0.12714759423344119,0.11081915461613563,0.017729752146270688,0.1138492095066966,0.21869765436153238,0.2217448384880426,0.08921920426788586,0.01917923561956995,0.11980162481796613,0.050919140831549185,0.3004969450394752,0.13763997922407903,0.21872165418704864,0.04063996406105321,0.00036397419093199296,0.13343719394731832,0.1262873976740075,0.05885865841608594,0.06972212359655303,0.1420148598630389,0.040281698331276566,0.002482898370198169,0.07192594292140188,0.0028203952289134024,0.06777859236207578,0.15653938842081386,0.15382683887002044,0.10022713284755827,0.03221450256523193,0.12594878598483572,0.08729582217972848,0.03414754667084309,0.0037803635167124833,0.12973751665109504,0.3228723426133819,0.22507694392363156,0.3533414494206509,0.08916989952345439,1.4063942636420085e-05,0.05041450242763793,0.008188271753254978,0.0908710925491723,0.0
27,0.04071088729635164,0.1654428375963772,0.15406140932421294,0.11959957622579066,0.14555846365594863,0.15180326843839193,0.08599087760088861,0.10756676854186327,0.4177951199904714,0.045154498544927604,0.02859547646262445,0.12155161075797066,0.1469130155346761,4.946034483214891e-05,8.718612132043125e-11,0.020778425806363285,0.13530979138330762,0.40403260044089945,0.13564852205491795,0.15385290413143143,0.0149153413902039,0.0073641428480720455,0.15916730081406105,0.02768344960069266,0.034090132230141075,0.007434404948796553,0.18202149239744578,0.1296493507250475,0.0014742387356914274,0.137993130005893,0.14705099036340136,0.06286786708838052,0.06457091449068247,0.2573278584964461,0.027787269116463086,0.0065332201758051085,0.11393068016826541,0.03446533343987046,0.2296129377543596,0.033003012492608556,0.06925861919490858,0.046868303451031094,0.24531655871410105,0.14753256230979525,0.16696831984807475,0.0007464367414432217,0.01629736469982131,0.07012184379163733,0.14470553454692434,0.0
28,0.07868496308459773,0.0007693553937020332,0.0680541361371761,0.058777150801703,0.1828581034892511,0.21036870076629993,0.005858956935375264,0.18043396417686777,0.1271745915699647,0.011077012874641096,0.17018910474441745,0.04159683624311924,0.23337950471091637,0.08745971355119246,0.0005101371340193625,0.02509589751971169,0.2117539707568628,0.12981813659262947,0.08916262091260763,0.259539809521043,0.017578373962439303,0.0009027866709970316,0.10573978126198261,0.08830857431066769,0.06366031380748866,0.027671290049853123,0.38339109309155633,0.11922696374911491,0.04170497315490599,0.019491120793192245,0.03050803818716486,0.11600042245001456,0.25144711687539484,0.06126626621596097,0.10813791542219149,0.10149696350750514,0.07107738598041334,0.008717679403180134,0.05115265810279173,0.13091528139471045,0.07184321040031093,0.16717224021789734,0.4204407158701956,0.0354101065450666,0.0943834234531374,0.004607115032301353,0.06327387494944611,0.04014664627902034,0.2009302532933351,0.0
29,0.13079653400318134,0.11368010335735729,0.0941476753168173,0.11704893019525373,0.04968363434234138,0.13988866874884953,0.08867298070271151,0.2786335331039645,0.10552052875732383,0.0031494996588850356,0.0457235405132764,0.23983716715137168,0.05711976076839045,7.346606276197337e-08,2.177725992543025e-05,0.06723351408802387,0.18382518180955235,0.1703421004819068,0.12690713008488907,0.24906771101861472,0.021120698828461994,6.913986602588926e-08,0.1258345871566001,0.1416021088073807,0.1907484737332326,0.048114663734149035,0.2391385696849035,0.06812996206287687,0.02818388312858554,0.1230599384180892,0.11405754176726572,0.03585752845558233,0.28481439358837196,0.08968103458719925,0.06916580994728416,0.20641416641539465,0.19952235574424396,0.046521087417463886,0.1635617026206555,0.08005964129289146,0.057035510056749145,0.0470044860562637,0.1870887583173623,0.22585385879464365,0.0714278682003373,2.5720338272194613e-06,0.08637462457129347,0.013043329792108245,0.25307321053222975,0.0
30,0.11329886498559325,0.04690866114974881,0.17611014252965512,0.12446779542034968,0.14913066185480967,0.10183568345755556,0.178798872203181,0.1828072532679753,0.09264240673893484,0.000411255596067501,0.1233458214764365,0.2099712098476534,0.24617452541812376,0.00022215006151602804,0.0006363532317629081,0.04912613935992331,0.12826401579312813,0.044472287430957894,0.13651689327465583,0.015873542378000653,0.006250092796977981,0.009330033253926628,0.16548479637367033,0.15921538570547047,0.07902581799586066,0.012806806263156199,0.14847080445303695,0.22368378792325702,0.026217951656521535,0.0835566639836893,0.10914783798410982,0.3475774321716302,0.18449152556228984,0.11509881114652067,0.2303138879847663,0.03397482317943865,0.031155987363790525,0.04100566753402641,0.06959776695942724,0.004953731515579934,0.048398139330593476,0.05837066384903636,0.1464026815980733,0.1321356536820483,0.22311580490938293,2.5923804265852166e-29,0.11954346270955007,0.003681534779998252,0.27794153968618845,0.0
31,0.09104694114126373,0.06892153851993008,0.13523364850122427,0.14433582602387252,0.20211515317112633,0.14548980769099057,0.07059811325606724,0.43414250068669935,0.1565493605004313,0.020900331374506958,0.029373438629090757,0.0467705248252644,0.1668064127988423,0.0019528491210504494,0.0035169347433354533,0.03881338289790492,0.3211950023086438,0.11413667863013996,0.08424874072404115,0.24792511431614683,0.07685857983716114,6.705723833244347e-11,0.30930983102425313,0.05296505432857713,0.1420336691144011,0.02676204498546893,0.15409183569073934,0.1725736885534403,0.07183221598055091,0.00605659811681331,0.0005407018302985364,0.06080068639114246,0.23187916036520903,0.10362392028920869,0.07453686252352802,0.08641331543894082,0.09579861482126319,0.044369352860520135,0.10636625387955917,0.004523092410622628,0.018906005059183568,0.012480550709007235,0.31886379093913286,0.06819229759904404,0.38159471068861395,0.0027732992551126835,0.05084406942120127,0.016426482415072642,0.3686751602736525,0.0
32,0.28208571444943575,0.13171804425263595,0.10965850411915312,0.10934060538361189,0.20421643316347268,0.13228104533347734,0.009226030713493599,0.039677309545711796,0.20766740805332579,0.0004291568355994215,0.01215772473426474,0.49576614375060574,0.2980209994223873,0.011732185814079378,0.0015110568618097557,0.07496014624829472,0.13555543807165524,0.23954802487294946,0.027034502147439975,0.24100785111232337,0.09047048545012237,0.00023679334702026073,0.09256449954601641,0.07135698721216872,0.14486072751857407,0.08346414479439161,0.14162253420305002,0.2044460238189977,0.0203218202406256,0.03387673575765441,0.05194339532784936,0.04879299565521811,0.21681156673987453,0.1896285238464902,0.12210081139273667,0.05571667201509261,0.00892422435521591,0.033403909972158405,0.058988685633804466,0.051157847029837854,0.020311094771081357,0.07589158367688205,0.060087164547294285,0.1400726123137327,0.1111031377889466,1.0798722906718047e-07,0.03367399953198304,0.00030724674691511397,0.21358940764284132,0.0
33,0.09279142643759024,0.06286677530260129,0.2359089285162648,0.16479015118775334,0.3352526718764793,0.04317808437060818,0.00544569695084586,0.10892737206062754,0.03574204902542743,0.007257548969136141,0.06467509296740756,0.17945281865595794,0.18305038447054472,0.0001393495421441624,2.2832732655228357e-05,0.21556461067912389,0.26677493160755456,0.3101773432731978,0.1256141840441533,0.09366784332636667,0.017680593499544657,0.023866626864930646,0.12483409478869564,0.04489965269352753,0.2682411316098414,0.005128888462165618,0.14738769246875993,0.12576393434914965,0.020043238325496517,0.07615336182853491,0.08578116274485996,0.07029536544056145,0.17928773185977986,0.11042036468991528,0.022611359016844176,0.00025130551068052554,0.056290234761351046,0.061710099667751976,0.3274129017590731,0.10647912256962867,0.029388131668228585,0.08706716635406157,0.2582732161622136,0.12617929911110434,0.20723815231260498,0.0012895616149735396,0.08082224529590563,0.02367624562689784,0.08746566700104795,0.0
34,0.0020672251806251804,0.1741712202297365,0.056660208927183785,0.08356876661037543,0.23548420694787114,0.415398109004514,0.004390118360403532,0.3365273454523289,0.14392896927997725,1.7244032979894328e-05,0.09756248954973276,0.30872751582189073,0.339127539968516,9.26949134445185e-06,0.043072965040315006,0.004968494290514361,0.12106167497939106,0.15992598505194985,0.12320168523709912,0.12331961118385332,0.11207163219561421,0.0006176794313154665,0.25046265610567303,0.028070428180299683,0.017604066257210668,0.045548527689898435,0.2246764869019397,0.05554741206952146,0.10027500582007666,0.03942277464610734,0.05696893377072482,0.004102606223527819,0.24573244420533633,0.14292319285393432,0.16174162861793756,0.024475395189383752,0.03548096266654865,0.03672891158566375,0.13253714459293506,0.06966644116703945,0.2967438140147085,0.11811259374276312,0.11273677373593072,0.04995349613439347,0.4069065021042729,6.149233100343649e-07,0.013839506814658913,0.05974979085575513,0.1779053531318216,0.0
35,0.10610039984699333,0.01405926716318602,0.11105028257661749,0.049505318900495525,0.025472088478934667,0.2131395458296556,0.017111140865686963,0.10189400094742643,0.06907005844664449,0.0027206979275723898,0.08500750076213641,0.051295335606962415,0.11711604381618111,0.02037022895348894,0.012991630210822775,0.010604352174603695,0.18793244260613154,0.2939545902438616,0.11356462380073239,0.26953009121021376,0.07563880465273025,0.00690412042860386,0.07579259217233458,0.07481345482956245,0.08683554087126778,0.014836838518427653,0.06663359057012919,0.169915017732477,0.001432405250413343,0.3429209164901635,0.024228821521288642,0.04984889863468929,0.2799041752351371,0.2576905894220425,0.1226619721033908,0.042495771942385074,0.05910140117074739,0.08379988695906923,0.01585402602172218,0.12984235903840932,0.08407741305378115,0.09787538119032556,0.2544159427096253,0.1374297870358543,0.10362023479219283,0.0013931577139448556,0.04145397541321518,0.21047327038156521,0.21681198852522976,0.0
36,0.051324739986941925,0.10447811741956145,0.03291157553217299,0.13713113262283685,0.05145098336354597,0.23283117483694457,0.05999286969119967,0.1340029732718836,0.23389808054391342,0.014846778314216063,0.001056653963431632,0.19227773467983986,0.2120935938855917,0.002453864758704859,3.679139275609361e-05,0.08611321898725811,0.14283251083552997,0.09545633561717934,0.12666586864195062,0.0722351892850914,0.016345665116559105,4.902361328637295e-05,0.061441979295957426,0.014287267967340634,0.13946766196491148,0.08119089092618877,0.37285046040335923,0.14888579711305186,0.003998204870377117,0.3049928648014389,0.017797772712665125,0.06086894141209372,0.13098033412194568,0.15801603066499043,0.09583745499971909,0.02333567131074115,0.08863765036334133,0.006297800670282374,0.12260433643307578,0.07550859636192103,0.039728013784768326,0.0831703476029012,0.3266434590298409,0.15418220367624877,0.18522990620564714,3.177295617662239e-14,0.06793921443882293,1.947394658265284e-05,0.2387523254544833,0.0
37,0.08341418174466048,0.1569777657591323,0.11474216946083823,0.09460601275875632,0.16381054478725113,0.20258171795824748,0.003817530482308854,0.19496802713550007,0.049327182522567424,0.0028368047005484574,0.1326884119369059,0.20206996053696635,0.23831370249795236,0.004276035907943737,0.038592498228726076,0.04680606449613118,0.3315752562789467,0.13501963226181954,0.15705481386785336,0.09534977129608137,0.0028385818138359177,0.0005878182889782067,0.12291536480266389,0.07739344591340014,0.030847188197776373,0.08016194770105806,0.142038390316249,0.04589096640559173,0.09553413386927065,0.28027548174968375,0.017867185227074575,0.027594179921394187,0.17779958322593353,0.1610689934868333,0.20216962752593276,0.023891814817506265,0.1834739681289009,0.004308443512767934,0.11540100128187837,0.03974608927806556,0.1663304255326627,0.15703385662219618,0.3047927292120159,0.1456477828983672,0.07408977988091861,5.044469130269114e-13,0.13842099208206393,0.255374983794867,0.2741811261591545,0.0
38,0.02880961888712184,0.08737531072504778,0.23886746412740953,0.08282890069635436,0.28164569678032186,0.15081513717553885,0.14251362406826953,0.10291354844601204,0.1534227640840544,0.0006521500268127007,0.016236967292676863,0.25068746220436605,0.21843191686818025,0.0031497464434683776,0.008310198221764153,0.09953627974942898,0.2638928748391258,0.3932430711402769,0.05291726230273237,0.17904651631734175,7.60851278467872e-05,1.0888549213125354e-15,0.11310169262308563,0.02803445984921545,0.2853879447059543,0.021428537676266873,0.09950841737710905,0.22933054311743675,0.0121220029675931,0.062101402924259565,0.02399004092276581,0.014526150009733379,0.2756922591182047,0.21786165813357353,0.09887769406707028,0.05386769127719987,0.041083319600073595,0.06697650607884428,0.19922220854644127,0.013434102972446274,0.14150172793657664,0.08462729101105473,0.3736184744215759,0.07635918712387864,0.23158963211956812,1.7041919985753737e-07,0.023961491296167852,0.06350533177795244,0.04627344877938879,0.0
39,0.03575794588858862,0.1701654440586753,0.22612982716048502,0.03802501245388701,0.2993564579502089,0.3721484274901386,0.045631452553068906,0.10335893204704011,0.09161414722208314,0.009999819561031796,0.09202731888101393,0.05385743012700239,0.1773008532632829,0.005076279351981412,0.0005575000980439834,0.030816924892142963,0.14298005547953083,0.22284096474675286,0.19408288490919703,0.024905318232213182,0.022673338566814836,0.026333951174869304,0.0764881755936486,0.04770335544903058,0.013951158216029023,0.02296199427869215,0.13108953828096406,0.10483571757846219,2.338996357842688e-05,0.03588660928755267,0.0012842439065188977,0.17105231802635948,0.3953567466064991,0.12934394616152795,0.16210761663645465,0.0032662976546410706,0.23006307329848089,0.02228260730333972,0.18121643486861264,0.003295626948308033,0.08836320627998082,0.16311901426211242,0.16828055791583907,0.08337574683296081,0.07598933992820159,1.7377914593400407e-05,0.052709119194880714,0.05006162542899943,0.23498600001577963,0.0
40,0.18117955357550697,0.14789130234066064,0.18803764027657946,0.13193778158917083,0.10690086253089495,0.07100621390621843,0.029630870621354357,0.07341755151313213,0.10381324007729248,0.008374099092253924,0.13775592581963775,0.07737938983910621,0.03938218834598406,0.008351326556002002,0.02363194184445751,0.040743965243219354,0.12767138490172833,0.2959609080377944,0.06251768253931639,0.18395020270696483,0.05490170508378936,0.027981517152305357,0.05190334117279651,0.19594063132914366,0.13761779742659616,0.06800214733386048,0.0401697251384723,0.08189266909191083,0.00019885802708359212,0.0717758084402311,0.06840665293768325,0.04142288604837366,0.11634870494748929,0.17148123402737778,0.03524890628897898,0.05897237429826811,0.019958484539483828,0.07509700542097016,0.1332648795148363,0.020558351114744106,0.08827680863457894,0.10906881723245723,0.1686889000593093,0.009620319312281462,0.09985820557875154,1.5681855852156555e-23,0.26322665400044115,0.10365458257112727,0.09600668219829553,0.0
41,0.2818354518780751,0.18106525642731672,0.053314852657996646,0.20567525773343115,0.24988820202009132,0.14798564956146276,9.94834338227002e-06,0.13636925736404198,0.13648747055046687,0.02892718185586468,0.05107764922624602,0.09290312830141002,0.19381972142249118,0.016579057808786275,0.0001808273078607073,0.09312936183219295,0.38010604766067596,0.14090856033164728,0.048672931375292314,0.2368427974674285,0.0626024159356272,7.03449421243427e-05,0.0523371764665403,0.22113363971595185,0.23292978134370876,0.058059314198911915,0.17509368577393367,0.1301554809280968,0.0005831427160408557,0.09976528152544693,0.0562358090009205,0.05626081793169544,0.05922880678124863,0.177757007209108,0.07758607339866073,0.030649167499533083,0.09690202660108108,0.060816094632548806,0.05531161291138088,0.026245541168358956,0.10244843726474506,0.14864825320603722,0.11976145292608899,0.1962274610545958,0.102546482527264,0.020199390115002897,0.0007413378465251764,0.07832379537068315,0.17611526498999686,0.0
42,0.2940099846688519,0.0314354459073937,0.1615670406436699,0.0702583671376611,0.4420565646798136,0.047204669692749494,0.011874904480988076,0.07335389438405376,0.0627822122483959,0.012202592305932276,0.0691652829125231,0.1203381710996107,0.20482336306294166,0.00128990408197603,0.003757996135826295,0.06631283323712496,0.315365983368372,0.1624310932726449,0.010300648652840236,0.14718892445379217,0.006939957837166721,2.901449278896154e-05,0.13708244913356188,0.22509698657309843,0.08760754649708584,0.0029039884459984076,0.1967444823235465,0.07481330141995866,0.0011060110141141986,0.2009852286015307,0.06949150477237381,0.06775941556768822,0.2162211023671256,0.3320327888705401,0.10153580091424491,0.008107907163764768,0.18840572635134162,0.11318811434406285,0.11932051154266317,0.09359020239446818,0.023930796696922465,0.1395117783970313,0.20566652260531043,0.08783085790416242,0.11122591640588225,3.158809310584941e-10,0.11742779167297167,0.01604580426929708,0.24950681380718348,0.0
43,0.2366583607381202,0.11526327600098037,0.1109997672004187,0.06566372656361413,0.13304676978959393,0.3482975751541235,0.047387281347218424,0.0800087252565194,0.15491350989106115,0.02484599473015702,0.002423402633415923,0.18722568375760434,0.10978132856076615,0.015113504101169272,0.026680380937079553,0.03331748323829946,0.10396995327768974,0.15635281018451516,0.06417350118794873,0.17847179875590477,0.02981318361750759,0.019501512497069242,0.22627075904048427,0.043061940002287795,0.03667715666852688,0.026629067188348416,0.021199407058551705,0.040450859747102275,0.002762521546358289,0.10040088803772715,0.028580289748733372,0.01641414336032745,0.12842305298053158,0.09021008229604686,0.11161628839827292,0.018924785222248015,0.13132068360767526,0.07377332684148864,0.03469309093532943,0.20801820389080505,0.08235494752321762,0.1687267361870357,0.10470643195832961,0.21772596863651625,0.10925113325583424,4.934647742244957e-08,0.003731460997848661,0.0943279064136184,0.15300880458894936,0.0
44,0.18974786248804942,0.030039615812741317,0.12523924933551106,0.011574433306784137,0.14766084992967482,0.12768030978545805,0.05691094357150119,0.18866503441587937,0.06036491873044187,0.034572309296979915,0.03658069440124432,0.3146759439450324,0.23543279864864194,0.002209627108379887,0.002285655873069262,0.1296533556576925,0.2476914539215584,0.18942985024554515,0.1343195066861375,0.2639071679043551,0.09544300374377267,0.00016203625733277177,0.19386537120252212,0.17705973181761545,0.06981407941301129,0.00441100765529231,0.191589289799702,0.130213485875017,0.07845428128210202,0.11179180527129354,0.004668202924257267,0.1285953129111002,0.1759052318360094,0.2689852172286908,0.03181712440255416,0.046177976242237635,0.12941594318964086,0.032744865191150545,0.2010277571116356,0.015523007180878115,0.008554641159446744,0.0415395193945386,0.21946743315106235,0.14686385481931227,0.14662326843565188,0.00017778415474051568,0.12543110306496646,0.04726289807097726,0.20138185061564354,0.0
45,0.20181660339866836,0.12457426617309807,0.16240258794910664,0.18721255339003062,0.5045348129232567,0.10663448069507436,0.012269418057791116,0.11151100803956016,0.07740003229833768,0.012718023278185636,0.030826379516387108,0.245961163054923,0.1311802683792836,4.525536432675578e-05,0.006464047775489952,0.06302682061550972,0.13077261412129187,0.2241865870120724,0.1643339477924021,0.10825500506286616,0.03220510706521099,0.0003301506845095357,0.39329133523873144,0.22030438524963325,0.06383389620966014,0.02553252509570874,0.04345101820087521,0.1643811407280432,0.010553845735214338,0.030882571023961032,0.029338945803715134,0.0007782250836826283,0.10830826408806911,0.1024937811518846,0.22688411474112566,0.08716647120271158,0.17718441900051488,0.028052178650220746,0.250405041548706,0.0843130242613767,0.14116079501485299,0.22360007997456088,0.1952312712822678,0.16274524268816387,0.030659792356889638,7.653771921382079e-07,0.05973883987261514,0.026890018118466103,0.28858676385957294,0.0
46,0.05348265684738302,0.030263937201859163,0.07777360474851137,0.1121776105307788,0.12541430148037275,0.15810471052852187,0.1304874033054559,0.14926113321800125,0.05308953661440785,0.10573356356007424,0.055408550200341224,0.16135734577337027,0.2700670164623781,0.0025192565672956554,0.1003924632278635,0.12819241616770058,0.18310839708322613,0.39142219097725084,0.18299834018712702,0.157620426703312,0.037577604729852956,3.1488211591081886e-06,0.07791528583473553,0.07102748473189864,0.14039027947125673,0.03522074778619084,0.1695431869070338,0.051742989652034097,0.04477888393415777,0.08640317801324666,0.0032411840355568563,0.03713847055761872,0.16672475880287083,0.5499050927770073,0.03805506611113969,0.0014184251430753249,0.06783829675369825,0.08817460050462869,0.1717150880529736,0.06389740689732938,0.03568496202991056,0.12080297531328978,0.10123185826891827,0.10581876844843062,0.2215636341399274,0.049351478449451425,0.05902691046231638,0.010206675941422437,0.30338174981977967,0.0
47,0.04750264820196227,0.0672072062672233,0.030077239926873157,0.07185674318674996,0.3256932013786711,0.20189163329447513,0.02455097495341533,0.18709554166511208,0.07132277969678792,0.002514937753543012,0.007469325020033084,0.10752905137923248,0.05582432017122116,0.0015846546019748443,0.079708420641607,0.02850652838260579,0.3592896566004409,0.08100325727495232,0.16483585957151148,0.07170763502616996,0.05550635460203381,0.00010913524438253574,0.07823261325184246,0.08172966567298033,0.17775094751564968,0.0016700102121837233,0.3228130677463491,0.13680021096476475,0.016088815008684188,0.02258049869088478,0.14464642941766967,0.15175247673639627,0.24940667281703366,0.1318547261858885,0.09821285008657435,0.02878037291962261,0.00427519734379707,0.05979997964552967,0.3503318655823326,0.06369831398273597,0.04212347039140179,0.13570661791408722,0.3737576393257258,0.10834612290251455,0.15120090000359032,2.226227534155144e-07,0.2629264310167121,0.007410885064983965,0.35142522818008315,0.0
48,0.14242145542662005,0.08095445272384287,0.07586728221331754,0.14468216541227755,0.2458147238608426,0.1951191852800238,0.06681468398161429,0.06943919535430067,0.06683828798273685,0.009045467133750582,0.010146658044451065,0.3648169072467118,0.11743255888724395,6.222490518237809e-05,0.03238699161669443,0.021910031111729168,0.2165053493184322,0.24900398406289975,0.071777033891467,0.127594166740478,7.89900063556289e-05,6.003446722921085e-07,0.18137343730826616,0.20122907281587377,0.07270693658922837,0.12321113493965394,0.3587569898391885,0.17711637259086124,0.03037716048176452,0.040797511843997186,0.021309100364863484,0.109128105827072,0.2948253475696773,0.0834109348870405,0.11732458904625236,0.010363093037910219,0.03711739582482575,0.15320343584092966,0.13528810510237624,0.017179193687073203,0.04878900188096617,0.32133418857814466,0.10741063103474933,0.13810285759119667,0.11263040659829418,9.814360030343665e-05,0.12272511443625359,0.008480498249190513,0.34820566347809345,0.0
49,0.10747742916967187,0.08006783489044556,0.06113972084310795,0.07317076257026867,0.057205981806298246,0.09714576630411091,0.013230793512779357,0.29275687766008945,0.23231159941349744,1.0988638694950757e-05,0.20472009250215878,0.2302677706081958,0.20946259051533375,0.02420274698700217,0.0016242341002914416,0.03084802643933215,0.22896157123440183,0.1827482466527707,0.15146054187553398,0.16606984638832306,0.035968914360501314,0.0389140142988915,0.31262997909210494,0.023260438125779676,0.06501081260831339,0.007271556156544243,0.16388306933482333,0.138478913784588,0.023514598487876497,0.17947079725748885,0.03793183031388003,0.0624799778117253,0.22270218832424274,0.21031302074563427,0.2088550741722884,0.02994902165554101,0.05025437398286406,0.0459654629018411,0.1637910037972179,0.04375974293715915,0.0595698533180623,0.23122732584831715,0.15523870609746837,0.14322372748596499,0.13695919776516052,0.00010528792461922141,0.011035266529280684,0.036935220072721826,0.10529705026391653,0.0
50,0.013102762286165751,0.03510378378605931,0.1096950879045875,0.07627625445167349,0.14889814286007275,0.2303231771747862,0.04926042907994141,0.24271344337485096,0.21122930655983208,0.01877625163953968,0.019901235699609287,0.1717467428427014,0.16122892498185623,0.0014978625692419409,0.033206448386132244,0.09708708926271292,0.236255903339189,0.13867677494001546,0.03215900226183893,0.223287061233714,0.02681641956136635,0.00028430420566937826,0.029625729928149235,0.033680122182970604,0.05595409684776051,0.03068446311779868,0.07307195294118995,0.011001616995869498,0.20256887457454528,0.16204477575204806,0.0217006618216618,0.09072562582315867,0.2907437727138979,0.18739286202279154,0.13671682711346406,0.052711101998606735,0.08171128786661866,0.08966428560789177,0.07564528463816772,0.032002390627190694,0.0079372606610836,0.09204986120839476,0.07382091028248,0.14856443900954225,0.2982231885912463,0.006606791222986961,0.10715934508447182,0.004547411955014738,0.1749754734274964,0.0
51,0.0489926233013682,0.09844318089337832,0.18312571331559294,0.1056115255069917,0.03861719748273103,0.12222614970296855,0.031105131847295544,0.3001438397548291,0.10274675702378105,0.003209978606762503,0.07109378090322871,0.30993209726369003,0.10270370823191534,0.005147497591732818,0.0001723188574344283,0.06027101444734342,0.1942762514750603,0.050136701696031884,0.11831605098698121,0.12454014850999542,0.021174179061997343,2.509664702675498e-10,0.18661574603065656,0.00948025757097616,0.09455202818848671,0.0052544567229565005,0.08454414297983237,0.0841486230805474,2.9097347799736608e-05,0.05804314421564168,0.012362315558773977,0.13278525508169825,0.09591557133113528,0.2683711528678421,0.14385296185328447,0.0008734433998366187,0.22082779177846332,0.11080284545527312,0.23436257980561892,0.006006855971439882,0.05012784304805629,0.19142218922635895,0.1099617354931058,0.06369178974175056,0.10106754447723901,2.469842188307079e-10,0.19551137846883576,0.04400297334267014,0.08087591552709145,0.0
52,0.03587725214784602,0.016546277110037217,0.08126459119700431,0.09488229151790883,0.14068325586574276,0.17052803364571767,0.025050927341224292,0.06674535552720784,0.026039512402385615,0.017034404816350327,0.026827157928957273,0.298579401242127,0.16576712265395185,3.470857973988881e-08,0.04310910829955653,0.0029857967302142734,0.2825666768218175,0.4448358263416857,0.04543634057655349,0.156176859184256,0.022452243340957127,0.0033961170496506145,0.23875587391267392,0.03423602730341988,0.16711684619575318,0.055160257032246265,0.2893114631866412,0.2431282768712258,0.006947093680276285,0.1843269103834496,0.04879329128581956,0.019141432868020506,0.19627443314477988,0.1656961473211684,0.0868662076795317,0.0005733621086361744,0.07407327245172228,0.0035119802625775,0.17298125700832256,0.017840807192228816,0.025009761445056483,0.2489422091751481,0.20286963636459387,0.015299394748275812,0.11744268362837043,0.0010074119532762415,0.11301496479208473,0.008135273006012567,0.1327094742904663,0.0
53,0.18520942864808912,0.033736907231590604,0.0858531477887958,0.02870716570515538,0.2962510189619508,0.01964804705901436,0.1693503887426505,0.35822543763142406,0.06047148167755025,0.005336258675972592,0.028460285597192,0.238757854162229,0.20248839031536978,0.049364504977570896,0.0027635009831705887,0.04756419755502272,0.25528325515091715,0.1313430257065089,0.1676039182427214,0.1887359290428709,0.015854897513060368,0.03937842759154927,0.022658101539097593,0.11407152167254939,0.00904405335129915,0.030312875825573078,0.2082759252839015,0.09604262599905883,5.537893074315659e-07,0.015744116107396067,0.012287509043629954,0.07207277781928245,0.22849027823184037,0.2200247532385088,0.08599845136095782,0.018983655517675748,0.11659104832403094,0.03674467677205194,0.0702722707000897,0.06861447893651337,0.04056192485963402,0.08135877438756459,0.26419550907367545,0.19548439552781371,0.1447707060408904,1.086227980145418e-09,0.01405835271158336,0.11191207262642829,0.2162985768138051,0.0
54,0.11690351502943887,0.014785182665835162,0.04349168951720484,0.02167154031530466,0.05423424706291163,0.3925889163611797,0.15942093957409534,0.2232864414795449,0.12181918163176064,0.030361328916693447,0.04386946916787929,0.2443038314277448,0.1907513418909518,7.33827874415076e-07,0.05660232176482012,0.004034125852225817,0.14239086496691475,0.1781062706792886,0.06035104852064318,0.16813788973146146,0.10334959683921406,5.272801487295341e-05,0.13655172391477594,0.10242682161019386,0.053851791813860524,0.08577031550514726,0.09280560770066447,0.05791376522216902,0.08912886720847248,0.081947792456723,0.04469091859055484,0.013888045723693034,0.2927015429421579,0.1228677798683902,0.041229236661867605,0.012409277711850878,0.12871614826686914,0.09429178712338612,0.14251589169206183,0.10612716350437065,0.021993566602053583,0.10226872147172408,0.11682815061552373,0.06282473570388389,0.023851238854220188,5.827846337850524e-05,0.0660069690595821,0.004531045828656886,0.17206501411742345,0.0
55,0.06809451005721034,0.07071930338062316,0.2432539450833117,0.11710519843514955,0.03403472887582025,0.08713716114824953,0.021163446044823037,0.16185572255088213,0.07127245805171398,0.004705358335604557,0.010288715059152275,0.2788502298725538,0.09620633719472411,0.0019317302608826946,0.0010150621223354052,0.041205015665894296,0.18937883870905842,0.2209681313479499,0.15575863687914387,0.32368651699281686,0.009772635480796947,0.0011253141765927342,0.07458463671376832,0.037665850418067755,0.08620766458701971,0.10530229347861586,0.2584098688031583,0.06241472941617282,0.1224050778412561,0.014299726050716518,0.011868793558202213,0.15076827675474214,0.20060664675573303,0.2819127052824297,0.13027601291913699,0.06052775124907034,0.010105634969571177,0.26645934032992796,0.2267126355567109,0.04219497642860153,0.023502088287206815,0.07354843531245768,0.14917927540923281,0.10938842587680836,0.12891334930394693,9.561967267316527e-07,0.056678041305627126,0.02593256708488288,0.21195761732893678,0.0
56,0.12118560466764995,0.0028059179553921306,0.19509768240224612,0.13932714316376846,0.1977983698659569,0.09931754735013355,0.021631296789236008,0.49963550360928716,0.11674697801676442,0.0013986583378510706,0.02208440523798655,0.30154162855207206,0.1080910777481951,3.080567914073024e-06,1.4029156583354614e-12,0.006786904403614761,0.2127932418973229,0.10243882135891541,0.04547072747445145,0.26503825041232637,0.10828198139635044,0.0048259709926530454,0.18498606906510373,0.026415095682477553,0.185768632283511,0.004414596717942622,0.18637816008901356,0.12452622797407595,0.005610354285747389,0.1879346252093342,0.014823982625758453,0.08464226879910135,0.07876367265671745,0.11339995749554332,0.16464804596862814,0.006350753829693127,0.13790485189157345,0.022095434758578912,0.08767236606346725,0.08358140341892224,0.023339369341452018,0.0696465684265325,0.06909685251412004,0.08626145530168197,0.07963306455222097,9.141533268703546e-10,0.01922400656076314,0.1264439269447216,0.25239159505454534,0.0
57,0.056244494770498116,0.022077376427777642,0.41976796188923887,0.10493298299137528,0.16436892115742374,0.09538238295296952,0.012177978551435691,0.047523238396358795,0.09893714635597105,0.013610920055765604,0.08677906093062582,0.22588929296291355,0.1338949408804232,9.184757304612602e-05,0.008436355382837933,0.0018146277287116252,0.26629032743515973,0.17535834018760746,0.24697740051167244,0.2155479439782749,0.042665180749017706,0.00017087024225037636,0.10332479100719774,0.07222294627599382,0.016352358214611527,0.0023998788574477936,0.16073286898042866,0.05454352372494049,0.05177971426870905,0.11906977657766689,0.0305331667372156,0.01133773789846619,0.08003185602942753,0.1366637962526627,0.09977936286626446,0.05497181890489721,0.12954816630526927,0.17198130452608065,0.17446198031596233,0.0034368520804259513,0.05862617094881555,0.09849034646002457,0.1411764520083626,0.06782308019922907,0.047940732720514266,0.00027444162433770225,0.001022762320503803,0.051082580466486116,0.12237530219579823,0.0
58,0.004135554235241055,0.2133927383411237,0.05909329523212484,0.13603169234685508,0.204744504893182,0.07550430171829063,0.0002171986561409225,0.2937566677990399,0.04196577936950677,0.00020177713811506863,0.08541016839277205,0.4229970065377547,0.24745752531429366,6.926630696596913e-05,0.007170290565605531,0.038026862845084726,0.0967387202668667,0.20726755313108897,0.04333611032942526,0.13625238147319,0.0011720256071529758,0.024833071664496914,0.0657244090078698,0.05116833892480126,0.11396011146321419,0.09822746993801947,0.18996864938444002,0.25111381702890867,0.05031935664716355,0.060083871329263766,0.02894973857654611,0.003247035864938564,0.12947728889258123,0.4455642830419859,0.17064141215526488,0.013487077012994201,0.028691842671170826,0.05953242466940093,0.06561823037370851,0.023772230223585215,0.06997226505393193,0.09584514109234502,0.21564251293330497,0.20936957936428527,0.14162337512517448,1.2802345801484333e-07,0.16003330107336788,0.027767295094256166,0.06151036440137024,0.0
59,0.12237809571959397,0.023251143090590932,0.4471704923977444,0.05357605901327911,0.44322397806815095,0.20512358976992262,0.011175738953759496,0.12827814012483063,0.16419951485906653,0.12893469548082517,0.008638375127394708,0.0757352403422357,0.1677246489402053,0.0011397791237325943,2.190687795345783e-10,0.06646460453581794,0.03455998021662025,0.2895945445662318,0.16251607228616102,0.1994798000157287,0.004637089483006219,0.05175626414261028,0.07168124454000722,0.10023819940882615,0.05121733312258023,0.012091013585085844,0.19582112215048575,0.08932921199532817,0.03999157219246721,0.03167769910455066,0.0003398700016468771,0.044262709881015605,0.23276985354580382,0.1974966371881266,0.2105140683277059,0.008974214982127372,0.08863748526822787,0.008498530023121783,0.08625267641813902,0.021830734168876972,0.03529861732682179,0.13341058021060254,0.38768116003651476,0.1297896522345857,0.3295889388119538,0.0251020312432793,0.03883722370783941,0.010786974324751862,0.3021832284034306,0.0
60,0.12851959711009317,0.05365589901745074,0.17696384738334606,0.05739921760509455,0.15461851778256278,0.44949956930669477,0.0057987108138121265,0.1833865777313987,0.07374587635613708,0.04497363690901165,0.009439307612033609,0.14707778948072803,0.2322963669413318,0.004606925363402687,6.32524728645947e-05,0.06002429173393662,0.23535297943238478,0.06877723877754179,0.05105114490268353,0.08360633366602842,0.10304796643865492,8.488743086969006e-06,0.10835447433455768,0.060641406782865656,0.11911663446287823,0.1299263707967887,0.3201244980281581,0.0369131623359692,0.03391505797275595,0.1676025561755091,0.033557149229107484,0.012233424336847694,0.1729193125989559,0.19471968860226774,0.06108450885033785,0.01726308335744407,0.09125151667340656,0.0252138035590706,0.12358826354492415,0.012506923319049543,0.09424030217481331,0.09833790975238772,0.048455211267673486,0.14054065876257732,0.10025158910268686,1.1002043311029726e-09,0.22969155201211403,0.007763338907710569,0.13268221509411202,0.0
61,0.1567295432890431,0.06877471672207361,0.051251394317692184,0.08158568232100362,0.08575057662774241,0.32437521610346487,0.010921012434602383,0.06431400285256599,0.03599908137882737,0.0009589238241563305,0.01634908677764516,0.31925724379127157,0.14818103429927953,0.012248542538370632,2.2812234614751034e-08,0.016231301740657157,0.23507597028243588,0.1211575629715806,0.11898783282095445,0.04974978706217709,0.03395706115176343,0.00941640098131467,0.1875017004925571,0.11050181703076334,0.17332169736779887,0.06384450437527671,0.24137303710775626,0.18830415595767946,0.009077023402099416,0.12817038370551298,0.2393079873349155,0.1710568726279421,0.35372585899804554,0.1511247963510584,0.16774888592844292,0.046580040140495486,0.030719398034767368,0.028550632828900437,0.2828452384629417,0.11724332207501549,0.15729319875156653,0.052180088994577725,0.31052616156708646,0.09691815370263802,0.13823624229565565,0.0007170615533825073,0.31662475070412366,0.013364040467371153,0.41279472320772226,0.0
62,0.14628808419519662,0.020504910068918834,0.2936757826536644,0.03688821021391523,0.16301877757631764,0.19825307055052604,0.06857393104972236,0.1903978591255923,0.057448412511822075,0.038911085281335044,0.03384245797058582,0.1250167279333592,0.08831039378089742,1.6273816322195955e-05,0.06673665675817014,0.025857987699673707,0.27313994027338107,0.15491386913756855,0.03498078371134247,0.06966369708526521,0.009446794486968791,0.10731123830489023,0.08952460714937455,0.23648988590467776,0.24595931191016498,0.04174859117122004,0.12759312290964728,0.11029810067110817,0.013688132079465457,0.03186473326411884,0.031204989966118965,0.06749019074174761,0.34112631161158913,0.19174217146649533,0.0632216560999385,0.05671146313835989,0.037570086658309174,0.1556558237285481,0.15910934960877018,0.011554465170179917,0.06223796984184605,0.045554277071534664,0.1133797377801442,0.12128974418698339,0.13289131102328866,2.191098223961926e-07,0.04642738368860512,0.034590312298738546,0.2768947280345336,0.0
63,0.0877963188636247,0.0648321086673877,0.13755341639794405,0.11466224355108626,0.10208944486078977,0.20513801244821298,0.0229405179661821,0.10636892715845343,0.027646570157775465,0.026184694539977474,0.11237839356667056,0.20187504014721272,0.2132740852414922,0.10255996134605053,0.00010597538111824124,0.009769947998584237,0.19749725900028559,0.46754461403232883,0.19129741238403344,0.21244665474777893,0.11083236710817614,0.03234622572818004,0.14820789216590471,0.07854687728048847,0.07547055245918624,0.13413683330898368,0.22917766688810978,0.23912462126519649,0.0002169373684008606,0.1929962094782004,0.05077373986076036,0.16585077595825462,0.17804102605594965,0.12786689481980681,0.06680188241472627,0.0964942735213483,0.22426558319951145,0.11200980847205945,0.17138231604533535,0.06748937124809956,0.04999996837109,0.1237862504615696,0.22157734788948283,0.05225624778691579,0.17493211179494292,2.484851162761076e-14,0.05524952622674533,0.014878461729465978,0.12236099663482768,0.0
64,0.18240207278232656,0.07215078847327852,0.1556582960600936,0.09810671827185723,0.0714644182762643,0.2770197019398051,0.04229565487358202,0.18836527940160044,0.2299531537451091,0.001783153480133366,0.24495621261344003,0.12926639291433883,0.15978465782019916,0.00011864853001515193,0.00937723615984581,0.007041965568568959,0.20403575885377917,0.12229268544804464,0.09447313092556688,0.2062119651529577,0.05271346869338639,2.2277852051734364e-05,0.4393741684302773,0.0792315055873414,0.054804244916351504,0.02913008835393148,0.35472022066506353,0.1294452020956099,0.018894656259921264,0.1475649178112609,0.0037944516384379495,0.2875802588299436,0.1418639725744493,0.165488651794188,0.09867536799511248,0.1342971696610176,0.2376163422556407,0.02339015416357836,0.19910269517999318,0.07245798033187578,0.11402734296456325,0.04068851385762906,0.16998047818137543,0.061609258876975125,0.016265727415089557,1.470418106315387e-12,0.09464574217457693,0.09508475495263856,0.16455108196171717,0.0
65,0.15093064646950555,0.1871905438294269,0.048102645504328446,0.0469558401484858,0.15162678288521772,0.13755517189986582,0.05806280512823346,0.16209113699252367,0.0629341652728952,0.0014222901012558586,0.01727916089472603,0.08304385085420277,0.23126541426475,0.005331265364159406,0.00010827714742777,0.0010421683376395901,0.04301147286094204,0.24830739975948968,0.15588501321302514,0.3636372956721921,0.00035585784445012826,0.0002639896988080412,0.3963012779051171,0.048433614619675436,0.1277032291792208,0.08969423920437174,0.14905425347014037,0.18174662646201792,0.021838151733463124,0.06963242805759508,0.03897286776317556,0.24620567902319956,0.1336068732483321,0.03738043762639258,0.10329888725612155,0.011393586708431217,0.01960209902787326,0.041674576677309345,0.03267473553897697,0.05942281274268773,0.23689993990097916,0.03495430837254618,0.24869590233364564,0.06350207247957948,0.19385447961464755,7.773404326502747e-07,0.16230198600916992,0.08597706266392087,0.09665724674558024,0.0
66,0.014359915684819915,0.043290725135273135,0.331569916465745,0.06986752158117512,0.22858924537163472,0.10054063557189948,0.05053514311367527,0.20617435377655882,0.03386838043673597,0.007165280952789758,0.12627690027079072,0.2599751773976777,0.3154350889818484,1.795432375834328e-11,0.007517716897909596,0.021959036309818544,0.12387412286191025,0.35160828063510896,0.060129819655493424,0.1506089184316153,0.012661272607974226,5.25546406702389e-05,0.07837305345655485,0.010579727150644865,0.12439550343915451,0.07178564471836589,0.25031925915410824,0.23903501269776997,0.009830020526259033,0.05521478095944338,0.006475391139288733,0.12895457752678488,0.21208418418891267,0.07945912271572003,0.2540035230732023,0.12440142130270057,0.09963798344590294,0.09104063519338663,0.27599253343356905,0.043968750074771835,0.04961326930731399,0.06865092736826678,0.10293501786344708,0.01138359956163194,0.22675406751140675,1.5842796171750844e-05,0.055589790077451635,0.006192457971967489,0.20416066093461285,0.0
67,0.0935920250580846,0.08676631966658042,0.21186088029151404,0.046139973143171566,0.4219114194050389,0.06841664940819986,0.06681272689693929,0.30535998304012346,0.18567310064567583,0.007316991480457021,0.04644955414977365,0.2988881339329566,0.19025489788201147,4.598225988848168e-06,2.352588719917616e-05,0.030523404952930964,0.21775172389110356,0.1239605273643766,0.036162305996267775,0.05296353841916318,0.04192095339853531,0.00010946701298248614,0.1327072567136992,0.05458206762283114,0.11518363062880319,0.016943193198526628,0.1718400825499557,0.09656745916733732,0.02606094112844169,0.07859891405576967,0.19078067325451428,0.059348450739747746,0.13969093832164278,0.3573890848797602,0.23149181589528164,0.12937976916187777,0.0992132883707717,0.07094818219736274,0.11524684382626624,0.0896068253082525,0.12464273616192038,0.07774677842262903,0.24695757605933388,0.1436201153067807,0.2678451716294082,1.929386526858977e-17,0.0948259599303151,0.10241633848793351,0.17433395654269254,0.0
68,0.19469787882964862,0.02286257103177254,0.16911757894603974,0.13161388209200317,0.1629726093704301,0.12135315491282564,0.05820220071305154,0.16802489902893283,0.06523177443643163,0.030907575522941527,0.03245708062340236,0.10496627418772411,0.08201367617094608,4.410753318576987e-06,0.025273755175191856,0.034577972388367004,0.2326903697428403,0.48525176226048744,0.22201217453923666,0.2037539677945257,0.006249169961573773,0.000245665221514458,0.18295616102612422,0.02689571986150279,0.10748138755606389,0.15646347259980264,0.240389120534775,0.06407366927063657,0.0005495369870963439,0.31751892873331405,0.008156012714537043,0.08734501510457973,0.16834073007378714,0.06305090896655036,0.10459603132910922,0.02024061350608685,0.252517605430467,0.01838648337946977,0.05064404434243129,0.008294688843242618,0.09420199663981701,0.16001142682583458,0.24953433677976053,0.08520516276007865,0.046989489487977765,0.0001314403638348048,0.02478944208199713,0.03046590359809642,0.28651141803347346,0.0
69,0.03029593003088685,0.04792975091663569,0.134126756809402,0.015522749204639068,0.1924226142555016,0.3013626949813033,0.059120977517290826,0.21007123561066077,0.18883736472533408,0.028085317630339713,0.02943504871824785,0.153426783030744,0.04526103377909147,0.08649777492099056,0.014815191778811515,0.004013031992838017,0.13570290213898814,0.07679594836910512,0.08460247401475916,0.1829327586607147,0.03788880071085282,0.05888277285502898,0.07492156564311023,0.11921195373024147,0.1562677856740507,0.046803496840708655,0.17596656707396288,0.27810219841624095,0.009780843885905024,0.21889758403751997,0.010006581392211073,0.2106525671939588,0.14785044112023668,0.16484486841423845,0.03785665958426524,0.008223508516897363,0.10598175701440983,0.13388128939377075,0.06786455632271388,0.03651675063200572,0.11596464357618612,0.03721943223665864,0.1280785196900632,0.06903475164002157,0.2769070794190206,0.0028930194450573995,0.06682254862683203,0.06739748277981945,0.190017657236119,0.0
70,0.3474845466592913,0.12107461326118653,0.2407312656406474,0.13140432679135647,0.13590240413313465,0.35008774629078176,0.06751432571528533,0.19709808898966574,0.22714427096704082,0.01845609671263265,0.034332531390130476,0.30698656330691565,0.08857297968433966,0.03189587916871644,0.002111783792766672,0.04902768952413869,0.21981377643381628,0.1012748596331778,0.01001084200045543,0.29588886071366255,0.07476098746081852,0.0003465066606224651,0.12192608771316184,0.05307305509809015,0.0951242495779492,0.1220450791760473,0.26494836596882076,0.11146945072817425,0.005883202010021852,0.09783054744353273,0.017919676507047493,0.13676572892683986,0.13340835685687596,0.19433585656788954,0.050260211352058805,0.030832937702247935,0.0659241103601518,0.06288654769335159,0.18824902645152872,0.04399122118953452,0.018178772658995642,0.14670096379892988,0.21624378891784324,0.11441351918665901,0.24265821551988975,5.752684195471676e-09,0.055919999399391185,0.0005913876823394987,0.1189788439039224,0.0
71,0.0842870920060565,0.15825418120509663,0.24605814101097276,0.0881002745113278,0.08503725045746571,0.09864399900236648,0.034802483249276275,0.13292995916128234,0.16402730718585054,0.10535268497039957,0.20746748135269025,0.2776048603679619,0.2227218106986221,0.013309100842242669,1.5620891891121568e-05,0.276442398597255,0.10734707946946608,0.16845955674665686,0.17082463733916267,0.16512963495242197,0.1254511499339431,0.00024159848052540748,0.27226297530889193,0.19672788219466952,0.22589678980729114,0.11390790841126758,0.3248917150925711,0.13874769730116635,0.07842826528603715,0.009432693804647209,0.03165880680076719,0.04969052532966473,0.03875126131212247,0.11716587004781505,0.09399423474394329,0.07674268413133759,0.06830520809582864,0.07153618871567372,0.0969338559720142,0.04088842616827843,0.12735069263827412,0.11551126226999894,0.028111108216085864,0.2606309685829198,0.17908227425010487,8.969137415064596e-06,0.02917851089891245,0.03783348466464277,0.13858623513736068,0.0
72,0.08808388839783765,0.009995682878996754,0.05484483862417702,0.0942131064144523,0.0860646231765827,0.05985453465311358,0.0010768479831894033,0.14960495900366746,0.02876081774901208,0.0011328320481672526,0.13410757458128056,0.3226916324192231,0.18862177454173135,0.010124580905107478,0.016461761855230815,0.08053934562208931,0.1589468165914438,0.10363738049672497,0.1950657114178345,0.28690447210776854,0.006936810903052196,0.0947634142356848,0.12397628956952678,0.10169247003520955,0.039343037034193305,0.00036699662351927275,0.12673232215018188,0.036428522805999786,0.07461628783160268,0.12463098318350184,0.009646716176957868,0.060790295777614745,0.08962720119852632,0.061012696115418395,0.08982613334860379,0.03059605076719012,0.03556194574274982,0.039787914590420394,0.03181710262895451,0.10210878901037396,0.02135339637952209,0.028808751041397056,0.23326283611114,0.08347831133474111,0.05533195751543311,3.5900150729231282e-09,0.10122307043913797,0.11818546111248156,0.11423266427188251,0.0
73,0.14910050861188787,0.07249243606866627,0.19086632257610975,0.09991878410517634,0.21449299280270234,0.23108628992544455,0.01885752959084603,0.2997277605640546,0.034958156516517895,0.00027550760593711415,0.02465555025987884,0.4092153253230278,0.093420850511546,2.3752880924220857e-09,0.014757304359017079,0.011524733117669743,0.20556428583444966,0.043547151316134694,0.04393769702124529,0.08849088012701807,0.00847352327438953,0.02001344258238982,0.15122072981502233,0.06384924100689339,0.2187926935289879,0.010967649532604222,0.16521086176896446,0.22149374749641668,0.041189593504512116,0.04782779084670365,0.0028920961064775445,0.10260218968603058,0.21203815640533816,0.24188437750886208,0.24161514708526083,0.029180269464250622,0.058707457733059576,0.008360816260880036,0.1496073251772746,0.023392886680840493,0.01583344417580688,0.1301210517948667,0.3573391515293034,0.3464940850250131,0.1813220275034193,0.0025582783010613687,0.20285954819113813,0.07296134813603852,0.26308593123264223,0.0
74,0.14037799341218157,0.048097173634088004,0.19930537510876545,0.055435459871116026,0.17051264875252178,0.16512646207230547,0.09938813235425352,0.28582184476384453,0.06889994933543903,0.015262956223291116,0.0654888913336147,0.21350969575031464,0.11360671581841486,0.0010350068937311722,0.0033600749054689036,0.025755780851123462,0.34390274294621476,0.259455534185033,0.016115513006090255,0.0877682408035299,0.013575668753136991,0.018634567567129747,0.02984511230313778,0.10648750414496988,0.1573920935496515,0.03760673911848734,0.12041577334755811,0.1557797629387376,0.0029356664496447008,0.11772890612612091,0.0006506486901504957,0.11993478364729086,0.1737762669374824,0.2890819611449462,0.11153142002260359,0.01751698648922041,0.02564232188630862,0.06284540363461988,0.11999683453440631,0.00011098150387758348,0.0706931576357002,0.15019352466794056,0.27499218672266934,0.16958155717006096,0.06900699230818463,1.9090378241282194e-14,0.0005255181630529105,0.028470990294600637,0.11273164212962355,0.0
75,0.07257577257627243,0.07289899533016919,0.06860235894711066,0.04979806475799108,0.12575420310410207,0.24501918362583738,0.09651908389686639,0.3100814990331725,0.09833024087239736,0.0062398481657211695,0.03443390308296107,0.37685838786316833,0.09457469084609257,0.009727285868754659,7.4600899992819465e-06,0.03287160508900318,0.20736062019398127,0.11211608943079682,0.10198242717799813,0.08156660080882285,0.009287565881267688,0.010978067788712282,0.07134015443310188,0.05690284530865074,0.0660498418520588,0.11848505031600487,0.15993462404923664,0.5082487526444276,0.011651676409723265,0.006666234221234623,0.0006550761721783786,0.05059768826315221,0.16153788522527582,0.20038266438235086,0.045955630663472885,0.0006410692431914134,0.10244937935577686,0.05041583923245413,0.23611118076868584,0.03910035812663356,0.09436775532046796,0.04621732150664013,0.18224667741181172,0.3964137815420487,0.14983403876404267,0.002976835389755173,0.006570068368528573,0.17192206347880556,0.10360619198999899,0.0
76,0.2146866399215897,0.03188784633351098,0.11721496726244979,0.11119270434859545,0.2846303252104617,0.26136762469048996,0.04649834074222812,0.19487378482406767,0.05384999516074847,0.0011584768497210694,0.024444684946561615,0.22706166947348316,0.2780773710223963,0.003665112463187863,0.0035650984759826986,0.1478850673651784,0.17113391136816353,0.26093235042925783,0.14161165055173724,0.24899014165664382,0.00010885148153427677,0.00045124685280374416,0.16323155401487,0.11322657854721337,0.18133789766956945,0.001181412547822242,0.23148572608683665,0.010994364962574592,0.03721661207981178,0.09276956665999757,0.006098058032810941,0.14808529118533614,0.13104472487719715,0.0678649439075832,0.22979084597877927,0.0018523873145386972,0.043358834442326515,0.007179136455785079,0.1374073912221007,0.23446764439321852,0.05013300338308493,0.04097753661552984,0.06553602650985799,0.24148376809652666,0.17919631637794392,4.136351316263931e-06,0.11993674234858459,0.029738965016514612,0.1213667348276448,0.0
77,0.10635881774485323,0.07056326500042356,0.047339802772914656,0.2257204491124394,0.3239739277488525,0.06866747034569413,0.025294436365426606,0.06204514843381312,0.11046294130416964,0.02245666343889652,0.0324663329572062,0.44738732172043344,0.3151701925229887,0.01201016151317382,6.894720775527355e-09,0.07292415317622393,0.21521707479581556,0.15735246748581655,0.372402927372766,0.16408938783723492,0.007509577696706622,0.0001331200662990815,0.030808251950309756,0.07480693184935337,0.16024098009467094,0.054757119673966015,0.3329305543287957,0.07808685788524877,2.3117245679604143e-06,0.06689297273178271,0.00029103068532106515,0.10432312292687913,0.2254517187391504,0.20708780423688786,0.2304520497302986,0.0038096533248307735,0.16974104878172983,0.024488049295606894,0.10144446480628223,0.00802365598990178,0.17487924163608884,0.12378978333036272,0.18320134815864716,0.12279825942970819,0.02799844671677779,9.077381343132513e-05,0.17080848522632083,0.003352118165636175,0.04318983639001585,0.0
78,0.12410247431226518,0.04261366966595259,0.12625981891325155,0.03502110736323164,0.1110109170622709,0.11558633366493869,0.02722873134745047,0.28489826391099043,0.09228680939860957,0.05186597741617361,0.04025160351892541,0.15997277400634444,0.16484882130327655,0.09915114969620067,0.002867593361428374,0.10517363948641467,0.08621102162815864,0.21081214212004729,0.06013252942035784,0.12874835411583627,0.07030770696356277,9.944782815932149e-05,0.1122947012266345,0.05090501107355144,0.2757141743593243,0.044916564249914116,0.37076684811624067,0.21324478331610414,0.001501408614874345,0.08390587621384406,0.056615896183005665,0.23354332758032034,0.17815448809696133,0.08370952793736472,0.07654366266931663,0.004557396476171793,0.08670149531515897,0.06823964920173727,0.32140720173358506,0.10937433243958579,0.17201830426357848,0.15895146870984816,0.3061588769379788,0.05432973921606629,0.13571156525277073,0.024296338513070545,0.2108818546552322,0.040190817691259546,0.03730359284780537,0.0
79,0.042046960734417486,0.23493096398407923,0.1110255024480689,0.05862298803312918,0.13900800670972807,0.1317693961220341,0.008718201044267225,0.2338914866249796,0.13932810477139038,0.00018570465580222087,0.03388835386092916,0.1768742070925251,0.1260461849966545,0.009977281893004094,3.423730591458957e-09,0.01912624925417352,0.3308207482032664,0.12134869008430851,0.06590962585822782,0.09248015296577244,0.00993235522261467,0.014542242337565061,0.1453670369021482,0.03029076813225201,0.060241789210167054,0.13717137607076893,0.12158790604040733,0.11284936524601281,0.0053244119057286755,0.01696433435672816,0.05305526208469236,0.12299818355425532,0.20117776634479728,0.0996703067683766,0.10844630423862374,0.025412200747194975,0.17168471011038364,0.10526399076942507,0.08246228279478511,0.0461215541997245,0.112506766120735,0.040171610133564295,0.2153848254297507,0.16178072386051368,0.08603877498896702,4.2672910588065887e-16,0.05937403248018407,0.011447833175350119,0.0704384495479486,0.0
80,0.02299114961850697,0.12862627180955438,0.20071125967979023,0.1598088501990492,0.12105354440701714,0.2651789595859811,0.21581931971216556,0.13493660946070204,0.07177071509490893,0.06074378403963168,0.02904741074628761,0.5106176946802896,0.2593652048018085,0.06501507574776415,2.0356265231599504e-05,0.005899368667867939,0.0952833992880934,0.25172895122923655,0.06962393585560041,0.20950644358295298,0.05485226632991464,0.0007477990437671649,0.21470274304622225,0.07950932237385533,0.08370441423775193,0.06501573309421918,0.20455141733317786,0.05767342438991191,0.0011110369868999525,0.09160030942081684,0.008386411958754445,0.024919851662330825,0.3582164430406024,0.1282181424791215,0.027928840716079945,0.00872776145126718,0.049245005730992525,0.15390082820890594,0.21940149542762033,0.028344526489104453,0.08159461097270745,0.10538408084010956,0.10941548877006337,0.09471722472362148,0.12815573974785274,1.5538146680511334e-05,0.19705553484138172,0.18295467473232188,0.3465140154311126,0.0
81,0.028196290404828173,0.1605032797993645,0.11339001681600482,0.14272554429945639,0.17056386429821677,0.09047949427296692,0.056917967691951114,0.2733426755488531,0.07893800016207832,0.010173372689596604,0.0353936702935532,0.15412724645563736,0.43544587934311596,0.002051552618703252,0.0030664828196600596,0.019610750455577336,0.22272873471114685,0.06253399093621034,0.16524072300996587,0.06768131235109902,0.014098437736772272,0.005805908412759762,0.04489544598521636,0.044108000235731123,0.21820131580615074,0.0003054122899664224,0.09957578456200514,0.07095937718619022,0.024942246638524235,0.08313454646808113,0.020986339337340554,0.09445505580196767,0.14552215365311255,0.10560644318667034,0.13709180443117308,0.15223901728408182,0.037035235969332635,0.03487540832767426,0.15154182323382281,0.028923598044331155,0.009552025872391947,0.05232492870114315,0.13782466702039112,0.2939829895975893,0.1772840261569867,5.88161398035196e-10,0.13562561413585192,0.009631068446042019,0.13197569760810493,0.0
82,0.21050468003118666,0.07507682177500133,0.035998243791232114,0.19119694360729153,0.14739265340674548,0.2747169680914159,0.16381234317563254,0.027353656914746057,0.07199514269696669,2.939379166936652e-07,0.08953926745911948,0.20012535250349625,0.22573437169169003,0.03378859044367313,0.00033123298201911695,0.06664893265488984,0.2744894090670341,0.06544405392885168,0.16161414808612481,0.08494401853869311,0.012621516273367673,0.0046992834481677645,0.08911038279810805,0.05568762859768343,0.12486785285311444,0.0594189125965733,0.33613347422577683,0.1411991343835547,0.0016324701196829613,0.15508395385280518,0.04207941346140263,0.09148229656424307,0.22467134208915435,0.5107089333424711,0.08340722879838165,0.0652915092119143,0.06945855386014456,0.03421206158824629,0.17847461871920733,0.1962541522636842,0.04125117291640588,0.01880145581363577,0.24549012595847977,0.2688693250787577,0.07200542494808689,2.7315748048005216e-10,0.06272396763797265,0.037848335969855915,0.18433798222438794,0.0
83,0.05681057071646201,0.22545490626746717,0.06482809940508566,0.0013391092752960418,0.24619962237850035,0.34113792251873315,0.0031286749718818074,0.2929648921998245,0.21445231825410585,0.003744453046722698,0.03670879571447911,0.3629099828456667,0.13476709250777263,0.04239414724951657,0.0001921557100583033,0.05074675386882961,0.1496674213564797,0.3610136304223188,0.08199545635086047,0.05555956300866406,0.002512920082118376,0.0020639955680395944,0.10496594383413134,0.02292555056159243,0.0949130729953083,0.03179578111697172,0.2061135676307914,0.10323645184792085,0.032161447079414915,0.005025541738099971,0.13069319203414306,0.07606568654459492,0.2645635584536648,0.1554320783211631,0.04664212159945294,0.004092722203248809,0.19869858226413153,0.15928841966066323,0.38179191264550927,0.052860381386295334,0.07851235391157982,0.16959750813319524,0.284788730397436,0.13450175491542085,0.04509096217104461,0.002432335731244012,0.2032997437451938,0.014655117609958865,0.16942792135309165,0.0
84,0.23088649869882902,0.08962848634966311,0.07768837093086059,0.04888808295267601,0.32815467606427057,0.10110348956596978,0.030426822946052364,0.14847927245718187,0.018274242979747373,0.00534520972489769,0.01396452950057327,0.12045867520679326,0.231998322505166,0.0001240756466387869,0.03855668957140117,0.15568542464886773,0.2865123693917503,0.11859684120076194,0.15559530634640323,0.11366686517306412,0.11559645179150883,0.016676542712491152,0.23184597196967116,0.03116657873199753,0.08847232407321969,0.05378965287022724,0.4990576858609762,0.2048801956057974,2.050636807208661e-05,0.02680718823763391,0.001976773842851686,0.06759613104677177,0.19999533506358005,0.1569382096234013,0.03446064974805755,0.018369375214827684,0.13864619867966765,0.10344828257304761,0.20836673025200173,0.030067642361388005,0.007136524441582862,0.13834312892586392,0.27083983339133966,0.21001674484551697,0.09473501547001584,3.846270755602002e-12,0.06356347529744578,0.019761530308827886,0.20453392751967636,0.0
85,0.05275516447991714,0.28499828486453604,0.10020384926692195,0.1326754751366597,0.11337650813946318,0.1128201731513035,0.016690312842172567,0.11061577274069699,0.07433268669388432,0.0716021293233785,0.011031658545266347,0.2501651081739318,0.1182044122547551,0.0016145576177079809,3.018064389332656e-06,0.06324896250412666,0.2278587926466689,0.03950508231422566,0.05096378858895789,0.06912780348731123,0.020925441283957687,0.002775727500998505,0.10340149447739604,0.14479838843659468,0.2922179188717861,0.021223663211758947,0.034292524253059946,0.21854367016603368,0.0021595262322956802,0.2516443356260619,0.0552337264962469,0.05703236953769831,0.18813084113344514,0.4066099579977477,0.15679258231510446,0.0002975865240639397,0.11859091782431448,0.09628386091016258,0.10184969443807332,0.011332159185852042,0.05053930092777056,0.15526675579319263,0.1604004627028003,0.2706228125865993,0.13790929409563701,4.737276902558976e-09,0.06691916523510064,0.1113741761877861,0.2796010267587674,0.0
86,0.30577187511529164,0.10599782831012917,0.2057315097976064,0.021295581792418763,0.06951727908712786,0.0902624331531752,0.07016175146343707,0.07787831059775246,0.12734508086325474,0.0488782902124157,0.050181775783509304,0.30697767207109156,0.1332441720168975,0.043592728151744746,0.0043768010359062385,0.028386703885791436,0.23433163149329211,0.0706271243328396,0.08408790893157339,0.2148196984813037,0.0683951171641861,1.9687375737094562e-13,0.2524959451585921,0.034779859706688815,0.055048875530769356,0.01578480557545314,0.1262990838959492,0.14605660182332164,0.0026886743063906245,0.1437189821015411,0.08363819196819564,0.04675163350390652,0.33267473082489674,0.14435512636396294,0.06202236726758453,0.0403887792271231,0.02638552353229595,0.09285257623975345,0.027725931700101365,0.07018011848354577,0.09129458849972094,0.06629631451842617,0.0904901652769803,0.13936480442334195,0.08009843146693121,0.0018502821776540661,0.012380404824932374,0.06125348774829983,0.14804589695520987,0.0
87,0.04823095986862743,0.09237112027058933,0.11156267646823206,0.03383851634331013,0.0851275457291419,0.010168928091882938,0.1294571715120603,0.1666577959284724,0.007826980470660628,0.03157137276220975,0.005919997947190113,0.33224357046390945,0.2959432530854576,0.007059807851459135,0.00010700621777180226,0.01815921524133516,0.15827914015221592,0.14622464530725623,0.07744008143443598,0.12636413750170408,0.054909548957185354,5.7527968071827236e-05,0.1396168942476991,0.1499144147159719,0.11240825056760857,0.0032944424779136087,0.18159319227344115,0.055595200570344915,0.013054078886813137,0.09797561967718671,5.8102318917353104e-05,0.018834408823627958,0.35442131581945496,0.34885005787644663,0.04785792953501434,0.00026769587898908207,0.03840582696571607,0.05476761430122309,0.12006797499904115,0.0037687644252350112,0.12840395031164312,0.1184076519086795,0.03083285251847294,0.235117660763693,0.35561731051462997,0.0014718804687365804,0.12472606203749763,0.0070880295269722055,0.15032918063112172,0.0
88,0.11132640502652406,0.04752424775999205,0.1266503849043542,0.06427015022790471,0.11755631231691376,0.29281502764437567,0.003778869789746928,0.1341622486842914,0.17167392672918472,0.01465676028661671,0.07894370509156313,0.10613475531652923,0.21369401165368995,0.0014596906885581342,0.03033054032483345,0.006581451503228158,0.20942551897199682,0.18567821282881355,0.08160904611830219,0.4347188314568658,0.07254869770790537,0.033404230734814584,0.324871197985829,0.07069375626586713,0.22798538302763804,0.0006123933701440516,0.37111551235249446,0.10128624337213041,0.13310437489926888,0.21628977538316882,0.1109751152146,0.15131746259647763,0.08257370177748864,0.15853137396102165,0.2985633316767167,0.002268919655356096,0.13197307181007012,0.109950429805693,0.24931261604904997,0.19492552044882777,0.06034234852427813,0.1459838822149333,0.025211240531998715,0.03908994929133999,0.2771654809439941,1.4181862081252827e-07,0.12188623757109814,0.04506167772917369,0.08262729320599137,0.0
89,0.105483077843332,0.22486218085714066,0.03093788118430107,0.08946453223427925,0.36540022510758075,0.11920139885000876,0.005365819494913152,0.13529983581281604,0.05108144502560553,0.01596496431208636,0.018242383288595395,0.025717541852368495,0.14379842429225076,0.0002181327078757246,4.113195235914145e-05,0.028391999088602276,0.1871809965064611,0.15244623564818865,0.14284395916993833,0.28232151048797216,0.00837777381933001,0.004243854048762789,0.0941979995675472,0.030284490428436252,0.2919205984134312,0.037717683785404105,0.33788692161639955,0.07336388039013039,0.042227567635989345,0.029286063626951943,0.009199856301913327,0.17576856891483952,0.2846043746134597,0.048387015940141456,0.1909386417786178,0.004977299156345925,0.08076398406308158,0.04208190952758123,0.20756287996741563,0.08703730580759168,0.014365849990230741,0.06504993476941481,0.3199049012339867,0.18626113849200557,0.09739621472738585,0.0017441647628433496,0.04280352346186237,0.0389615742158327,0.12536918732729643,0.0
90,0.033528379015770195,0.02169505059515523,0.15859130439813368,0.12180215877979071,0.10893820191684253,0.15671226423161846,0.03554591858084935,0.39305514196025665,0.1305604278365868,0.03829098073725899,0.010173956867568912,0.11944637416391163,0.134392434582097,9.18069735776622e-05,3.9211721155683734e-05,0.008704460190806637,0.3516573388681271,0.3120321684034574,0.07013689676137637,0.18018809757637103,0.04003844692363874,0.0016092984201417444,0.08222693748910925,0.050846958756620764,0.006354918343565519,0.11839531905611297,0.30290248735601427,0.059032920002130715,0.010037881419538357,0.15441231004412084,0.019653701142749738,0.3569026712362308,0.12382482620051068,0.18175537244498693,0.0899463407274952,0.00037812817713800764,0.12486314073604296,0.15557614016978985,0.1245278569440587,0.0657060872091236,0.039172447936924926,0.03575126894831782,0.12169314472908299,0.19946719900423296,0.12886068708883147,2.3857082055047138e-06,0.057322178775485996,0.00853362479085931,0.27048373634806105,0.0
91,0.05982052414193985,0.033182922794691344,0.0422144469785983,0.07113626586001749,0.10405872403190283,0.08251321272919555,0.04584534496292908,0.24976321217905106,0.048481805295546576,0.05495743892841472,0.02027799898243387,0.2806863620307972,0.19145462318853654,0.0847449695059335,0.0001254319996210669,0.019484757815310606,0.250975941638758,0.2383605195267493,0.2392977633185001,0.04532667305095454,0.022914406839718442,0.018902618333580354,0.22955169563328873,0.1365336535407463,0.1938588286687955,0.03816764085445487,0.09480517407759918,0.14709540120742634,0.013285843063533202,0.15764224002996396,0.0016287690833691932,0.08455567899902097,0.1224617989257898,0.08850628793961866,0.10504195618807086,0.04206184084702594,0.15375956832663445,0.11202482659265427,0.30406581228339424,0.019865881044802254,0.04087251745546018,0.09432482131865122,0.1578951757048897,0.17203084216978107,0.1720137880657062,0.0007605097729532982,0.12077788413339374,0.025094625700116998,0.21006210337557105,0.0
92,0.03079922868139251,0.03258971624841317,0.1316567479910339,0.07177705951785696,0.09015393510886661,0.06539391327023497,0.06791774875647374,0.07187936303820817,0.12739459497898392,0.0106353276978711,0.04294011241321283,0.12167666322117958,0.17397189399406854,0.012027009200598704,1.4315707951391167e-05,0.1069246885239157,0.13271565460228113,0.15082572057203736,0.12277327106826462,0.07618089954330479,0.04697653877233554,0.0006245887482919814,0.14806169530543664,0.09661610385318793,0.08568636341701397,0.11940166846655854,0.21776513107961049,0.07903938560011067,0.0018368758071900567,0.07454859597499743,0.05614329324588255,0.05627735093021953,0.19618299870117908,0.1503297328585094,0.229011267097766,0.01748810210726526,0.09932207313659808,0.12621401220109016,0.2465646009725289,0.024798202411988796,0.09265798720220757,0.10441218323483807,0.14284411704520933,0.16219280277165957,0.2822101263733213,3.404876393599626e-14,0.16150526976453142,0.0022503374234638506,0.19124245150910954,0.0
93,0.053297085524608004,0.11905909176082526,0.1126215710598515,0.06513621597921937,0.21405352089423377,0.21192551462635958,0.03782125888007432,0.21831856548249406,0.12001676708622719,0.0003475021979911334,0.0024032526449368906,0.057067970067103256,0.20540034478801494,0.0002451875907962954,0.0003878412546018603,0.039141576726223475,0.17050847368438915,0.06399720753613689,0.1276268425415716,0.31446424298367714,0.03163284253339668,0.007674312848148847,0.13382898783381061,0.11451069389620205,0.09993646606741141,0.008469853970263442,0.25232352238796446,0.08501837225938691,0.013493549793874597,0.12128979043697569,0.04122692296106279,0.03700314933587637,0.23319153399189654,0.07102732090306732,0.09891838385277318,0.001843531279804885,0.06340873078568965,0.003530438700807134,0.07520976146485124,0.03672751111738006,0.09933028337218827,0.10050422059498251,0.1423532696557291,0.12053156774625094,0.12105992565213707,1.3782690979853525e-07,0.26918946051878273,0.13922912394891074,0.2263595911524302,0.0
94,0.07460314921149545,0.07662284031663572,0.12019863780020791,0.08559519498469088,0.25022156102892185,0.3314063975150401,0.009873858163635365,0.22720193978706787,0.20593925419790785,0.0006412907055049996,0.025982628011061208,0.2508375752419072,0.13524539917451217,0.0356223947761071,1.5438800928728193e-05,0.06174769906573467,0.34297062157464314,0.12292401044264105,0.06672051429735636,0.08234146903989298,0.06882347536309631,9.856103123184862e-05,0.14577549618156196,0.06384371479020252,0.04312216057251125,0.005563442001678746,0.2792280713040327,0.1585313336552137,0.012397153314808266,0.11056796649117406,0.02477239480409181,0.04697348840828821,0.06313113065036463,0.13228423178434318,0.16066747844518742,0.1395345580319198,0.11646308838185186,0.122473000386817,0.1456180162994691,0.05378784035507826,0.009767816356915513,0.03957240817327298,0.34308844693887075,0.06715584525452989,0.0898599544761825,9.548938253776299e-09,0.15667004337969936,0.008587768531992303,0.18001319433379948,0.0
95,0.1870415507448314,0.07454579475899636,0.126191593518629,0.12689969670567455,0.060057056220758555,0.10726796314236264,0.02701079016176639,0.1951669053873794,0.14549087962181484,0.0008172906132253893,0.11533017318465204,0.18649431554183676,0.344739092245937,0.0673324572110878,0.016811050817322096,0.0056171702729868565,0.12003551973130554,0.27194411858660494,0.0668556437620939,0.10998884156873244,0.0004646461441555128,0.023840313690416955,0.14165777457674825,0.11253274376700032,0.13794572226035282,0.03467148125850242,0.25679758071124026,0.1033939240935555,0.0007998307342901109,0.024409074855640173,0.01158966192231026,0.09467639310972069,0.23092335338020345,0.19272470630155455,0.05438980924324726,0.018829139463219628,0.13826258319839607,0.011003805716206756,0.10568560309493905,0.009361948412866425,0.05621960814016576,0.0827551121446595,0.2790958343034886,0.12766547845824777,0.10932969325201247,7.109321073689887e-07,0.05367674444049003,0.05298364187247505,0.1123159582241157,0.0
96,0.14118674267977419,0.1064229861182951,0.08953533178124883,0.1103317590807996,0.10463334448674033,0.08925874613890165,0.06236972779693875,0.06248067398501099,0.04021761737201396,0.0049919676021125195,0.01909869839102104,0.1596895342469883,0.19466691170525996,0.015946267968429066,0.01588091241017763,0.004584853858680473,0.20328601407814725,0.2363790397889334,0.10786331259813371,0.020784460303244726,0.0034982221881214343,0.1145166688902648,0.13005357302445275,0.10568091169972163,0.35810756379903586,0.014258638477254046,0.43706074584581234,0.2583331247248483,0.0017082430525069932,0.1892354294254635,0.20585259540611817,0.10847551984535936,0.043697892227666145,0.14581701797242844,0.10099311145355516,0.10008264109543984,0.13187880855016168,0.12228188617678036,0.3335799762247431,0.025920243349772186,0.06775955440477202,0.032855122939370554,0.2896785373389395,0.28738499716060706,0.17876288435725898,0.0007348925805846179,0.13310337445934783,0.07148418624025984,0.18487585696174266,0.0
97,0.09077181589448137,0.19074534677946486,0.0727101611760107,0.0939977329972068,0.44406351175036635,0.1816100356695945,0.00694340960838977,0.08489014252888133,0.1831333771782596,4.53629104013134e-08,0.005045334344337336,0.07558654257206222,0.42280943064078874,0.0014889814608624941,2.259070605243762e-05,0.012848234607796435,0.1777759112335933,0.2384452315689046,0.052526704342254996,0.3057477855759841,0.010746314313550925,0.010553043776195686,0.2522297269891719,0.025349047111156785,0.004256212394198858,0.11529065221795808,0.28012428470586276,0.04035233482260666,0.002852483966492402,0.059217359198244474,0.013073616891371835,0.12360027539728537,0.09418846157400751,0.172856207348375,0.05636496458927028,0.0053851795972728565,0.25545445252110227,0.13195281943665838,0.3821065894965196,0.044264074640424755,0.04047620237270088,0.14340646787724068,0.08253143642281689,0.1871192461323149,0.18434164406224243,5.1192629627078125e-11,0.13897767544367312,0.1425501534536393,0.14406252139702472,0.0
98,0.001757355966113179,0.10385026169322803,0.06744687235885911,0.28491930438857677,0.4755273919945113,0.20175420674851535,0.17779969548275315,0.1871413646436321,0.06560135917306917,0.05260804132148022,0.0035884327252924844,0.23255695055970277,0.267839402433798,0.061454532850848655,0.05838530689891123,0.20776006472840325,0.20536618065158097,0.11880309522708907,0.06635527714493145,0.16972547596388007,0.03719243428936517,0.0013536670864707683,0.0834831597355464,0.08738419333898899,0.16291438603823855,0.06185495112462539,0.16605258105992207,0.2866520612135405,0.050044597852283074,0.07197797516095017,0.030446433724239507,0.10763102235027336,0.09079454269989236,0.17798912102371212,0.11271367600533548,0.11381097863476564,0.3245407880691261,0.058402457591273,0.16720270084192437,0.051164157712487134,0.10388044038458087,0.05140202563022584,0.16505938208559712,0.16452659579749868,0.1142576670694807,4.269602739719789e-10,0.16473558254276177,0.012904900101207822,0.061796372573924944,0.0
99,0.13279687108770769,0.0998399444382694,0.020493340535244656,0.04709214627317586,0.17634403242834534,0.11064650368936137,0.017831980127558454,0.28449068315293774,0.24081692795461,0.022715078418724263,0.04337846970049814,0.24100122464984633,0.22559783626290264,0.08984178552889927,0.002591560040440283,0.001070037902794166,0.31484854921296673,0.07480867038775173,0.14684915696764964,0.16842707949204977,0.04184170758248125,0.003776940562724639,0.07492035475650187,0.05632945021414909,0.05583214875404236,0.058539202182435815,0.3312340065961599,0.04694795665217996,0.008643435296261676,0.06959348582901648,0.0008176338324010778,0.0018519612425361616,0.3756917634364649,0.35860287400060475,0.230598940116987,0.015010939753672362,0.0526730681945641,0.17438587336402667,0.08858099467533757,0.010671597372393739,0.17575379125203885,0.1446148574445003,0.20898113214652841,0.09489021493682688,0.10762245919889707,3.2443378569339077e-06,0.1343531326597562,0.0013952392327255725,0.4672786305735853,0.0
100,0.1314543696724235,0.04443907854782217,0.2110261509057167,0.1618671961107219,0.06025491556156172,0.1386272809641864,0.1746102739383976,0.3314450478239388,0.06666766212648172,0.010343454654952266,0.027263081564763623,0.3407865684713284,0.14371647810592883,0.004532977789989702,0.0013641730746675788,0.032154191726360845,0.2119309854457881,0.12177752992874159,0.2019762374316251,0.22796080438295407,0.15121454930079475,1.256968505672951e-05,0.10474468913622868,0.1301057083637087,0.48226557538530523,0.024901942793589996,0.22683136084556718,0.06136469310028044,0.009411079190855712,0.16174326211201268,0.025089655805066252,0.12001322846782153,0.08168591124056773,0.19422875507575696,0.1495237930417213,0.0058457105300094726,0.09586682352027324,0.006780818626636631,0.20864115189638716,0.086483176642099,0.0385430836490194,0.16987329450664493,0.2187557581024813,0.07108591149252992,0.17592253194408572,5.67646082196439e-27,0.055828282967317094,0.09969146793569691,0.24332298853013606,0.0
101,0.1025720278544421,0.1213512161419401,0.1603258635050708,0.08820467224183551,0.04621135509210508,0.14731051426209768,0.0027096246913866245,0.208860797347595,0.2389351187749026,0.010768594261352201,0.053243312071962985,0.18608808320883355,0.22974380968624739,2.717104506998007e-05,0.0034391715846482165,0.048821054926807474,0.16961696560379055,0.3036665909214968,0.07070359853709551,0.05668205234719169,0.0017633219169738913,1.5218720372381013e-05,0.1343821299746183,0.12879289735267999,0.1477842723855376,0.0022970418932373397,0.09373772839284701,0.09673388725360008,0.034613486083984374,0.11774359963244266,0.05111491675295648,0.15706736022796372,0.1139378944769679,0.2761388025377432,0.11086010473696688,0.012655245462692548,0.06485000161831071,0.018162573386119117,0.025167637166730015,0.019583537205962384,0.004552995236279337,0.05410965523019609,0.21875061536648163,0.087374683008949,0.06686802818864511,2.1986211083011312e-05,0.10795942412527063,0.028487576732665883,0.15014716739090073,0.0
102,0.15366271164825815,0.06539753499356785,0.1714766038154736,0.19773641404333955,0.10517192084927209,0.10244534420412048,0.11095318740779497,0.16643793764660278,0.10183002166332217,9.723212337237026e-05,0.09040079063468555,0.23056297554139543,0.4176980024920313,0.00013924477149573824,0.018837453879600844,0.022218395822623763,0.10273395870192213,0.11087153151834507,0.08543349598027927,0.3340262764890036,0.0009425101191959533,0.14617317416362857,0.024496503616826502,0.007522177263256921,0.06539748207488925,0.00023453987945809684,0.31832198759622365,0.08070460484878826,0.018254136375031437,0.20394688099222852,0.04198429332727372,0.23495706919012618,0.22389656853030818,0.19677557015964225,0.2588754748545928,0.015461390637028987,0.008898964413629052,0.009498194045576946,0.04139685662111996,0.0005293827472987935,0.05104218394205501,0.08223764556759997,0.23329806486562724,0.14610603471459077,0.13168954143513667,3.0586366757504264e-05,0.04906621575124905,0.10430230460720226,0.18896094735716862,0.0
103,0.12340526931630573,0.015134788820611008,0.13943331938082323,0.08148198619819087,0.35830540502216324,0.28772487820337844,0.08456812348007037,0.19168959289787058,0.15300884993179972,0.0007891792227301932,0.08840238105603589,0.3096777692909516,0.09772350713129792,6.1757460370712e-08,0.004950685392352687,0.007131323990590856,0.23511543990589878,0.13404186167841753,0.32007262504066025,0.24655589721264692,0.025237883625951446,0.002380048698152471,0.19027703796567447,0.05168219525982442,0.019029264377791705,0.02524334944885466,0.11503821758112585,0.08260342657457408,0.04139393019460612,0.005129689603570617,0.016128111496427525,0.16456396047115657,0.20750914944904908,0.19957543117720988,0.21270325132847126,0.041151291954639985,0.026074709766339663,0.1186351115438238,0.2632158719810932,0.011702412908477823,0.1610638873488398,0.05597087046363349,0.08210183885053399,0.23970234338427981,0.2489270682270549,3.308015595448868e-07,0.038102307864142496,0.004539561319850485,0.2704587712445531,0.0
104,0.0635406642208718,0.07876088509818621,0.11567605602599758,0.1636354471874512,0.2556495733138277,0.22714778816829614,0.013283568229409551,0.22250115769197737,0.029263969455825233,0.1279927650905001,0.047952659617134435,0.14138978266625143,0.14742263175574508,0.015489721396743842,0.0001250490316513958,0.05134192540610323,0.4378925815941763,0.18703422769499448,0.052479288186514164,0.2636418682120744,0.016874145776088836,5.555731127475044e-05,0.13882988450149944,0.05986651511058136,0.020018912896090726,0.0034508918846882894,0.22007735131344683,0.3785437637108035,0.03363888299172747,0.18796235896944813,0.02247451738189479,0.05179756000161238,0.5738116389309288,0.26602710136993346,0.189646775587287,0.025162497177215328,0.16078474573631585,0.02048651463416167,0.2086570549884125,0.023479865341001042,0.04819577118438262,0.05990329368815092,0.09787672543492269,0.24917713762144428,0.21823586166401815,2.3950563239058213e-05,0.16139063796032477,0.0020677833121706284,0.2021974009131227,0.0
105,0.12187146280015063,0.21318174287922795,0.2593466981469182,0.15950997796246094,0.25600310407092286,0.2106370389186229,0.04937800906951601,0.287486306072755,0.04316145183005883,2.9882019854659105e-05,0.047040555534398475,0.19437883061126995,0.15269408802996684,8.060965354019059e-05,3.484378617384743e-17,0.03391617036757179,0.1591133674219728,0.24212784835356704,0.06644261563148104,0.05030516003476076,0.0026241767455143154,4.8695384237149036e-05,0.15638374194954097,0.023617638340922256,0.13396507583654632,0.008706141466249153,0.1733020463497987,0.3146685650286645,0.00015476953459011615,0.08330254367123743,0.07135258376026658,0.13105829188503917,0.061381149075453494,0.070517674492208,0.10658788679721581,0.041927626218427355,0.11468295005412378,0.005008839134127651,0.15113721903504915,0.011143583569063645,0.042495940232763665,0.13279204931311003,0.2830183788492208,0.07018668066668007,0.27979633737188936,4.4931524428939895e-08,0.06331007759040153,0.008557798165646576,0.19398703199565107,0.0
106,0.025656187664860497,0.1474556817585698,0.06699355139910347,0.006710870987982792,0.07366459490578761,0.09485729539435508,0.06767440140509202,0.3200502801635134,0.15891631638205195,0.0015234092706329283,0.10277556203998736,0.24433272898384029,0.1774826220263447,0.024421456265207205,0.0006978906810249506,0.0005337895853108378,0.15857382358049277,0.047241405568659994,0.2206870068383184,0.10266891118382059,0.028240951131917526,0.00028956844890937054,0.10420461106958542,0.04760105215184215,0.10177666514693312,0.051338109192577336,0.17358901781697322,0.18682329210453522,0.013800485174118714,0.08972783373611459,0.01074846649303161,0.1737357984188401,0.07452815949295045,0.16909014479815473,0.04354464339497898,0.00918288681350112,0.09411692381716373,0.012901274335679176,0.10296150833280861,0.027675351170015704,0.0534705595110796,0.17307323651867595,0.05977272509995704,0.4376452563504784,0.1502333659149693,6.075227603178006e-07,0.0511432682143923,0.0011364956165425156,0.2667548093181213,0.0
107,0.13681940150307048,0.04942295678576616,0.14144169429123152,0.09329924193634742,0.07655841572312673,0.1070621733502356,0.04050648331129439,0.0627421832224798,0.06674288654640602,7.760070234996115e-05,0.021239683540486547,0.27288233708806464,0.12113406579191359,0.0002018151950549135,0.04127271174916776,0.022255558496869405,0.2833273378837213,0.08791050531650835,0.15258600594237748,0.04839541429954,0.05011930783045858,2.420766375140568e-06,0.19421276528261078,0.04162096650231401,0.10937921456251774,0.01276679553445441,0.15721234382082777,0.06449403085367907,0.00683211636457268,0.043903065771728964,0.00017056105615110268,0.15693223187264127,0.038222283385596585,0.28873114381185416,0.07457677488315848,0.0341459767076306,0.06338428985610896,0.024549434445928994,0.0338807394472485,0.1511324579276258,0.09187618513091068,0.1061380120563698,0.23285653158137726,0.36092517014125736,0.22188409014273447,1.1188614956880844e-06,0.006231646132353805,0.18223564613175586,0.12907927228417906,0.0
108,0.1129894091967589,0.00495169103809575,0.1573487824274781,0.12549438720651201,0.07928500039930775,0.03806613563653762,0.007634836391740603,0.07438836384896454,0.06868622940041794,0.018429015782361845,0.0038833088270898786,0.25705572068286486,0.19969813181016835,0.0021186710215583726,0.008177323846615804,0.02129462386342085,0.08418948496996462,0.22790106616621783,0.0818998284145369,0.11067336450997936,0.03952460111195319,0.00013240499567580594,0.1914206036899959,0.07731316319058383,0.07899588037446693,0.05236664049654396,0.2972835323693888,0.12792992259981856,0.056000491452621294,0.13980471224920551,0.014662282936636796,0.18575392439117355,0.09144152717961666,0.25598539549298066,0.036354289769819845,0.0005742192761129013,0.03301852282101138,0.22390267494604285,0.07856866772814472,0.005788882792504037,0.09255453384663717,0.11537162361043864,0.10152159943425162,0.16764322720467686,0.30954807981230426,1.0576606561389627e-07,0.21402681641982682,0.004998469871442858,0.1117391345572916,0.0
109,0.10502444396247397,0.0406458904120463,0.13199656976011595,0.36682008849400516,0.14742751267002002,0.08926371293181268,0.012899219739736656,0.060120053714998595,0.0732108742846503,0.00016112570214561517,0.01005233546229483,0.0373828956522759,0.06681709118938059,0.060888804162496084,0.00013787172098695267,0.024245413022390153,0.237442495684294,0.09604864927225744,0.14823759808846132,0.2641709308266548,0.0028514380066760976,2.546158305873204e-05,0.07871599271601569,0.049616247467600585,0.16456145175685938,0.050284368536835114,0.2777436992398189,0.17540582906303434,0.006087513916555923,0.04433099276478674,0.0004461116848571104,0.06663141186308344,0.02529980227725683,0.10538087028879431,0.0903249413310001,0.1002687081996087,0.07876769848495223,0.0778157201451858,0.10107462079709793,0.017579844035470967,0.09843022266548061,0.07890177360574539,0.32755005995512015,0.18986742707474608,0.06695476996702031,1.7723383820047811e-06,0.08318579960627401,0.03753414889906192,0.3314401672702118,0.0
110,0.1511052432424849,0.13037797869595266,0.03921482673900429,0.18383777594373218,0.05904106859927632,0.29402206367962447,0.03809711135704083,0.1437442437344981,0.04603335303348934,0.004010602032633802,0.05202167949120971,0.1089440596845565,0.051525862438302004,0.18167164474178285,0.0033551530270072025,0.12191758624509284,0.04993993663686844,0.06853514954300856,0.3864080334872731,0.22765535029529632,0.01390957546061783,0.002939911842314957,0.24684946665634927,0.09189040594853931,0.04570901530467459,0.07149324546014908,0.09995033930318707,0.1678968227944551,0.2528430314696424,0.07191938960605526,0.0005204591140330661,0.09808505473495915,0.21984555876166179,0.14836762289207478,0.05145618061912107,0.015850184124855584,0.11431379083159188,0.1354342578043804,0.21892387073303976,0.0019055349415347221,0.034511487076454635,0.2162421841305284,0.13545244877962057,0.083751825805631,0.09461242386684025,0.005033895917650998,0.006340772725535203,0.0067878957027077665,0.24788042737098642,0.0
111,0.05571968524945903,0.021047425319628187,0.12277127590133581,0.007352597395765139,0.2831838142291018,0.20849326356496933,0.013603366472143268,0.05580930031926956,0.1668350880827013,0.000322792314836111,0.01939226392847133,0.14696016841084705,0.029843508759976253,0.009443649149478955,0.0007413883133749554,0.0059967171080495775,0.10346345186256306,0.19802026321514726,0.1445554372966356,0.1125912209130918,0.03130936457327623,0.0024027056581895014,0.09071359427840765,0.0018547512570358153,0.1933109404288405,0.04316664701274531,0.2744573824188627,0.16247713376919576,0.09394727115620967,0.11044854219579628,0.08851988187316093,0.011661520095424824,0.09454408838785983,0.22020834217016713,0.07537341342252943,0.0015191636672166602,0.14054237964356908,0.1798930302273297,0.04422339195239449,0.03815706596382991,0.0523534021652978,0.0664099204425947,0.21360510701102509,0.023262411040026805,0.044058544082385104,1.1978042567270807e-05,0.01158921444774303,0.05955380869081792,0.18096503145134704,0.0
112,0.18584216137384782,0.053763283086225355,0.1508270276611886,0.08050181637537157,0.20371525279399827,0.11006894119020755,0.021167852908367014,0.24948378949418623,0.07958728572517719,0.13281804899901972,0.014788974936594292,0.39183687249990146,0.22826074646627031,4.23616554508068e-09,2.2029412578968235e-05,0.051876821513271165,0.03162145327439218,0.28287847755101414,0.36838012995196784,0.4236647272061707,0.05210249229376466,0.03905777176079818,0.016918112482107565,0.015525194660829328,0.012366000725440956,0.014189785512426332,0.35238525832100126,0.06877552031704182,0.012609616726071518,0.15527483645515341,0.0003986214448868256,0.04592834982600166,0.046596896502950395,0.06017810860091403,0.15609453194549022,0.014980596928926813,0.06951980483976422,0.018335256096763047,0.16045875431170248,0.151179549949331,0.159341773628309,0.06269089301577804,0.16257975556775955,0.06779727336209916,0.09516868827037313,4.036798910586886e-05,0.024167620391554696,0.04542047677459598,0.25023655782401405,0.0
113,0.07608023303411425,0.06875787901571773,0.19296374995311005,0.014854222772977363,0.1433213621284115,0.13845612675165916,0.02668097904316908,0.26551478404472434,0.060746422382483255,0.14011953647569367,0.009064324665769523,0.08792509101667546,0.2697730682891922,0.003921543714646761,0.000790662443394005,0.0016024748321976539,0.25315900809819636,0.20789542040503745,0.012166921056842164,0.2678485909283385,0.035144562979013666,0.01684586706149335,0.13020962915041204,0.09416952692044298,0.05159965364568414,0.05471251274557568,0.21025137087474835,0.16885928108892007,0.001718457572221273,0.1160558898805222,0.020051249828012752,0.0968163218979625,0.23973433469984098,0.12730775222678975,0.2619728416773909,0.04007041964377956,0.09447283977365085,0.0009258802851093066,0.12142214150778337,0.06588540151559151,0.01819667020857646,0.21365896666474316,0.14883650957870262,0.08060325706894307,0.12491154823859839,2.477644625707936e-09,0.2281320529791408,0.026842999275513653,0.07759018265118424,0.0
114,0.08623852085194103,0.11286777260807095,0.01782987507059609,0.12285686835956322,0.08811586197737044,0.2936058769409828,0.0004994644709449426,0.20806858476575607,0.06340151713189554,0.07886037313494157,0.0025824133555219586,0.026976327574422115,0.1728623264510923,0.06475966417744052,0.0006870032841301939,0.010295918148567085,0.2509267717671713,0.12660969865381608,0.11622269991851567,0.09357634383302244,0.08794592359327386,0.0010637628977425205,0.1715205021358999,0.025534728634121033,0.26651958755699406,0.0025437789796483603,0.5195454665948991,0.0914081405587463,0.009416816592819914,0.07372788363625497,0.004938600614704721,0.18176923209118268,0.10148303823287953,0.20620579561617888,0.2555423676866492,0.08311299030527738,0.022616499007181545,0.015155367980426012,0.2396499396862271,0.005391360579009029,0.1323576262320079,0.11914494341718655,0.19257067533992792,0.28507092164504966,0.08389714585901707,0.0028346735968722307,0.26891129240703765,0.010177322122047276,0.25602172620428065,0.0
115,0.06326968204958974,0.09939689862918115,0.10106347269587332,0.13928259136430293,0.15657503229572248,0.10809304613025687,0.021841334296506722,0.3330802312640171,0.1458504208887711,0.0060650248921557195,0.14049247096846532,0.2092602176200456,0.14775300681060194,4.719271514254213e-06,0.009471190602081044,0.06500005523941438,0.09394835664688865,0.2789903051219821,0.04964834707694981,0.4238809460702908,0.0019792635095282397,0.036349677498901015,0.1895589033663768,0.15478216518779195,0.05829122911087466,0.002216105519718859,0.2145333354479153,0.15339053247741452,0.07242443423756181,0.07357078982386418,0.022950217091398762,0.07705214148865247,0.09643151624234736,0.2813014359864144,0.13499844791823026,0.024520420918215546,0.1899406855151761,0.09635901030720807,0.12179806930219728,0.07561862432386575,0.10526946604002148,0.07586649104200835,0.33314658301567246,0.06545199193306103,0.09274999785831962,0.04978980904327964,0.08635369508851636,0.20256543007506128,0.13698981092678142,0.0
116,0.22841196203075265,0.048473304923966,0.1064420029593565,0.21694644040029182,0.14610404802756072,0.22326874067386823,0.015259731253557533,0.16426242474201522,0.10554474930127451,5.0806371190845735e-05,0.1354127285330603,0.2403473671751625,0.22482261673982457,9.008525288334433e-05,0.0065256305162908895,0.031490993254723786,0.2936030112880934,0.3002739693235381,0.08643118393761767,0.16672147466286616,0.0056086354860907,0.023580816470924,0.16113337572241057,0.08724496888718528,0.11806265176672948,0.2690921962395375,0.22009238805915218,0.0038985713761114198,0.0468229389509013,0.17177329828370208,0.010260184474718917,0.11597986298151085,0.19764920243223952,0.11609532093477785,0.0041768162688304335,0.0007325551517261851,0.14522209210490053,0.008767581126193165,0.21783869743550605,0.061305946279160986,0.09579287608168402,0.10488225450106634,0.12012950824716735,0.32792187252172383,0.12366380634422564,0.011285003338787248,0.07773660223720208,0.006892017572001078,0.6226868165620825,0.0
117,0.3355620908532361,0.11916762119857767,0.22600407825254568,0.02154001106500851,0.13559768962235583,0.03685440196822042,0.026936376265702246,0.1972654786798909,0.06319933068090079,0.046675140262541444,0.050965487927244105,0.07200832796636274,0.04685394443535258,0.024294893294494243,0.005946920270271061,0.015052253777576845,0.14675000106753858,0.11060411018414064,0.18816419439435972,0.038741553132378856,0.013108322456846126,3.3121229170557407e-12,0.11564641062907391,0.03014861660996803,0.10301277897634523,0.05273597398909933,0.21511217373964658,0.18662792281956622,0.008924711195767602,0.05745375336818839,0.05625580042821579,0.012473759236521243,0.32104676184550945,0.15566828283735507,0.14165472882735916,0.05530048311594252,0.18555580393611107,0.0729586387757675,0.08028672549342865,0.01312782582880791,0.028997024806152336,0.20938708195073358,0.13492976982902607,0.13336987368336248,0.08787970369404587,7.898280651537125e-12,0.021921502639822767,0.0004980695021927764,0.1637867109891656,0.0
118,0.09928900618347425,0.15676881690879196,0.09366268025220695,0.11926488681092375,0.07071765834841051,0.07493442944340663,0.0019694753144369253,0.05126690609962435,0.14760351603445943,0.011738730641183304,0.06691293969786413,0.2437420959165753,0.15660992141667882,0.08733535697486092,4.55409259074566e-06,0.005494296744833507,0.17449896035989693,0.43595577598377505,0.026427150591023397,0.11000850476336745,0.004768273460974342,1.652103122579035e-05,0.10026291219269146,0.04508703736855049,0.04442120372854047,0.06418672675177885,0.14628031603954372,0.09601641454424319,0.023626969513057223,0.11347932903400057,0.2106821333110127,0.0621798857489009,0.08948532095670128,0.09274972623767512,0.18026529365270227,0.021429655439238044,0.012218542461722008,0.09999379728050799,0.265820115806948,0.12189157851603623,0.009814164993484094,0.08783340065030744,0.10694589134981149,0.22937914629598372,0.20351956586285724,0.030435189392592304,0.2582391587994765,0.027806946380824853,0.207773667304658,0.0
119,0.06872227800997546,0.06664958146900336,0.35648787902324347,0.040708736391209414,0.029842875274634806,0.3836595626061751,0.02240213244166363,0.4738487472124236,0.13445952456074134,0.06319735082605542,0.0022650702101948495,0.13599376515877099,0.11881667853447461,0.01176730549461449,0.000372493260127775,0.03159880691675654,0.09390789555597952,0.2517860289065671,0.08483588766977256,0.09080116063745786,0.03914355207854225,0.008961641102273538,0.17610681908538328,0.03509185830544537,0.15874470538214688,0.007801238197627722,0.20434324775564533,0.09512418852116665,0.04720944697177291,0.06339363149663992,0.030572239409842283,0.04479709302905824,0.23907034300283292,0.16283913558525182,0.18779835269588718,0.01966646987950833,0.11562343800188037,0.07374312741613391,0.1853289426740597,0.11058164012818898,0.05887544459127451,0.14748530776142627,0.2908756734796189,0.25501405432065816,0.3279577708493881,4.105306157229114e-09,0.15651445903170977,0.08963540311217419,0.11035766185695853,0.0
120,0.08219354955000197,0.05312319219760734,0.11314305163342432,0.05468032799624145,0.03182696302954497,0.4323064985333741,0.03548965743027034,0.11804782612076241,0.044593058026129874,0.004705137757170562,0.030809872970947942,0.28560398556136707,0.3994966343497394,0.0029025417635613,1.8356279331867774e-06,0.22088462643664447,0.2246334049946727,0.22118471801171255,0.171356529546656,0.027899115900774422,0.09262232464017932,0.023087067657015403,0.0862774824665187,0.06724540983354448,0.07743979901085694,0.06225598298338378,0.15858163239025935,0.11777577202679775,0.041204512324339804,0.05713887692249665,0.061653864927759164,0.00847550643974595,0.22712018357399677,0.14147586977417975,0.16716997407016934,0.02312576092522799,0.0365955523855172,0.04392687284891929,0.1298237206776304,0.05208152049319751,0.13824113150060655,0.08678938530524768,0.21983741944182944,0.13881226471185543,0.2965171661650527,1.804565994060441e-13,0.07902755916682064,0.020772078756403783,0.22360833613132886,0.0
121,0.06271113673277832,0.04495576060830268,0.14318947446475463,0.07791466349741373,0.14931302832120444,0.19028729360863614,0.014826758842175916,0.3116049721058725,0.17543640857547,0.00011944848673121115,0.0001214383236482429,0.14313897749987803,0.23087101194376397,0.0012931352257252453,0.027404453656807173,0.10456305035503183,0.13290578459077906,0.2568378767881213,0.06006439189021256,0.19161965819504534,0.02868840571067211,0.10049791911687132,0.04476660099282989,0.16580947398836268,0.11839404624848443,0.0028152523178108465,0.41852716901905535,0.3610474588858275,0.025094518434686807,0.040397651176095804,0.014111592914873636,0.016175748534613236,0.05053857932159635,0.12782067256539761,0.24009152374990894,0.06064861402746781,0.14109942638436773,0.03859608380184016,0.2389659731515771,0.018988382062116786,0.1196059664987956,0.07029712985754948,0.1190325626471782,0.037928069643809785,0.1186917813225157,0.0003349597447723991,0.06402913371857413,0.056477193703774645,0.24609644746715478,0.0
122,0.096799806948522,0.060961252492611195,0.12148188223926068,0.21273671343884318,0.3265013724899391,0.2569960450184517,0.0004202799676023386,0.47876057898447877,0.14930660539229884,0.10509815132726041,0.010900038253204718,0.3569426133373225,0.14046537460952635,0.0014388902303295234,3.574316987089381e-05,0.028152194807998934,0.06746836059469895,0.25067413966476365,0.07948088757792314,0.036882484312717796,0.008223884070752578,0.058343316574355375,0.024599052212484283,0.11968782657116189,0.2166786082970484,0.0344666979350504,0.21554814056568766,0.1543329204340759,0.0035643032268176124,0.15308458306089104,0.002124585203301395,0.0387236263024778,0.34331262030178594,0.07255370627253246,0.08734381809884052,0.04140612260288398,0.01949692563646645,0.040924766292185014,0.2046053564604814,0.09965012396434719,0.1298770170537826,0.21122673623986188,0.10705850752511559,0.08159351143455235,0.23093551898474007,0.004796397307578696,0.2006344691371009,0.0035865097939908044,0.21156510162595465,0.0
123,0.14543840810946043,0.04694269148828483,0.126285948206959,0.05236575314109421,0.06084376583476776,0.2507952152248551,0.038474301603826595,0.11704895187203562,0.07339542776593201,0.0008155964408841117,0.027298909163557646,0.11333761553967948,0.1949892769121218,0.006344656816091243,0.012192377121884878,0.029612950313739846,0.27804467501540586,0.0671492849224418,0.10986134069290157,0.026727947362361133,0.03479110733865389,1.4351226039333947e-05,0.18219046486141732,0.14607350780242184,0.032667209357518406,0.03399157169919478,0.09081577588791527,0.17391183340341457,0.09665638143267416,0.033820470139665146,0.025084231267473396,0.20001860697578747,0.1117475280261715,0.03379560802325214,0.15526307715112803,0.002504074412511198,0.05903348659363284,0.06534632819626256,0.13334214766159125,0.02703250529059996,0.025110834274372582,0.08127436313962226,0.5043169739737688,0.16852927372880866,0.15097072406109158,5.131677051682523e-17,0.026860276852080995,0.00981691996194618,0.19919744815241114,0.0
124,0.033816156826154666,0.05287041267139592,0.22828976946773416,0.046809708061363337,0.23566112564025718,0.37087599700304896,0.12166993764254432,0.09223639273414616,0.2808286720083069,0.007137203929396209,0.16508145247879463,0.1561720587443204,0.1464151579474171,0.010352115290921707,0.003581323722120983,0.02040334520407954,0.35158238133889524,0.28860556464438014,0.1386456760706001,0.1078817246943322,0.021877105998365797,3.2198839136421628e-12,0.20783362714400386,0.041505029882334565,0.15824909856358174,0.026683400118281773,0.07829186060719871,0.22210876742291732,0.04126415597861303,0.11665055862040485,0.05578409163597397,0.12520900162212903,0.11300795280592857,0.1917087822302292,0.041653162016419734,0.005152611730202796,0.10473603328775813,0.16709581826742623,0.15477087368813366,0.05205007108938321,0.022273673497667602,0.0983151077303974,0.053726220500595584,0.09265303557013725,0.08722720388478036,0.0604397908386557,0.015509002615438762,0.029800324032469964,0.1544844047336807,0.0
125,0.257992846205668,0.17528140588337215,0.18006759363665648,0.02229215107214255,0.08487536836857085,0.27846367679772893,0.016053766887009355,0.21631166019942483,0.04004827188334171,4.2451179160479044e-07,0.03015818471556969,0.12021963540016511,0.0629858027396244,0.0018276345098326354,0.007828078811085699,0.1371728693906738,0.17178206675393778,0.37430275278397407,0.19897388620693698,0.13082345740368354,0.10231875746681236,0.021744494537631304,0.23733297147396334,0.13417372018094842,0.023467230526137705,0.009577526980858595,0.06135675927501979,0.07046572114738198,0.00014095749057969323,0.11918410501460061,0.03943356830856092,0.08102247349603331,0.030274384142400763,0.33115702677609093,0.24239572412633398,0.0007297093178465164,0.18028177234606324,0.04691608024024254,0.12415360039714617,0.19153141532149395,0.017330131133262414,0.061962693052414336,0.24598297341744185,0.018657463039521455,0.06380391089664052,7.654027567542933e-07,0.13082139742314025,0.036609117700697344,0.08565391395664249,0.0
126,0.08257444196683524,0.081501114162757,0.2662900097519879,0.04510519478272247,0.2489048507768587,0.09425341468869236,0.0004880414927141372,0.44752044585828543,0.06976487849193116,0.0011412803965445896,0.19000366122349674,0.22591378259080927,0.27427698702209663,0.010887149784921148,0.0005519561967412158,0.03144050230919428,0.07847143528856348,0.14146561867825425,0.17014882035544712,0.13372014616743175,0.021183273408113823,0.04163992723987667,0.14582408726630539,0.1167622332451294,0.07692558949907699,0.026735056399690774,0.46156728271438807,0.15110711926319767,0.028782575116483338,0.025107836128106617,0.017120768090964657,0.033922056566212236,0.294964192795746,0.1381342753798026,0.040652322110745584,0.009244424763735949,0.17361169652891406,0.031014301890549115,0.1610042877587083,0.05495302858602344,0.04864733719359605,0.06835808901274248,0.26388407826023547,0.2967156974013637,0.0862511512927704,0.00010656115388701023,0.07328809441066156,0.06914093091183451,0.08223544021779683,0.0
127,0.16531823009401728,0.03832873129530881,0.03267653949060548,0.13446841862349568,0.11832390541465629,0.12385860868746884,0.014218932305127864,0.2803243460972593,0.07251868367738336,0.0020000516347965236,0.10853518881134185,0.10673666727892375,0.20932698887435236,0.028770328989619717,0.0016583816603305504,0.005948484935350327,0.16767677005080986,0.05868010639951672,0.0792226803116317,0.19464403343988537,0.10407900049830124,0.07824375329037597,0.12813537564639382,0.024755799863369746,0.1773273142325279,0.18415177542121955,0.058289683305955756,0.03348264715162685,0.019775847931841874,0.031219165739320334,0.011622019989429796,0.09796373360993409,0.19724228165241348,0.250201760130856,0.17082723815940085,0.003925282274890657,0.11900975458459877,0.038473867854900916,0.18762132925401856,0.10958437022000414,0.031810905589065755,0.05473838143893188,0.18757224355523744,0.1280083588185297,0.20779113561871734,1.2299688644411439e-05,0.08012726145583984,0.1277082033367151,0.04415874641257177,0.0
128,0.1498530992654892,0.029439468458519517,0.14509515186591876,0.043409346932054955,0.023385449510006324,0.30938565570045135,0.03276015624273044,0.18103898800073048,0.08020383053888858,0.004853980172021494,0.020064965357503246,0.1437412495627616,0.2513397939796969,0.014739810751079656,1.6176648725215435e-05,0.08134295682528672,0.2182171362822754,0.05111216646933286,0.033492048002354086,0.0426522098637944,0.00011526798314271269,0.022225748640129564,0.18502486866088258,0.11018946571046526,0.07477854783650159,0.1410171180866633,0.26147423509772943,0.12665700588643145,0.012512465655096918,0.09163404876905479,0.0010074616690891607,0.26326721761240696,0.19946376740433217,0.29085690805380854,0.12019007200819952,0.006118342769664093,0.12412537094829273,0.0014922671274668986,0.27017075670171264,0.031480501502016055,0.08513853949776709,0.03401455791808762,0.17082921271598872,0.03535076175133854,0.1019943638059818,3.289348229697733e-15,0.036708074983515734,0.1004254421677918,0.16617387234239864,0.0
129,0.17152195824767744,0.06983003498133528,0.22194288345623728,0.2059307175482649,0.16952223757275475,0.01696463651649192,0.0015753882693405853,0.09556529837635487,0.02117121244778501,0.0030421557866656046,0.018531988175261818,0.21509736923772854,0.15720914467527689,4.739180500730318e-06,0.0009524835701781321,0.05441015338491064,0.19587243272808777,0.29096950213473466,0.03929066802535363,0.12858586011784146,0.010662962509040082,0.0005531485870358474,0.03742641088891394,0.02951124713565889,0.2473684371404033,0.030399657471095295,0.19665544376648203,0.07442849869024278,0.10074994120847958,0.044721457721774834,0.004650707891637422,0.02902371970979607,0.11016012568855894,0.17085172880507554,0.04248612619035125,0.02051266331161729,0.18629141328452833,0.03614659030842329,0.0885045667482751,0.04653402384905741,0.10607406629578406,0.14048236078623072,0.32686301905807624,0.20649045332575203,0.12536096301997773,0.006342985908775087,0.014274294560509732,0.023281182093219666,0.25506074916127697,0.0
130,0.07800033010898823,0.07264771261884426,0.05830033906728114,0.2020375469116979,0.16141813164641622,0.3014747762923304,0.011973164074853998,0.12348144820646646,0.08145562607056255,0.009975373114762452,0.017658438955649284,0.17142552142301284,0.09180989809395347,0.0013366981455431588,0.07893000549071054,0.01739736690472557,0.2724004323186788,0.057983570901123285,0.011575211793621231,0.12884969284077546,0.02277135732140322,0.006224302212615279,0.02708296485079923,0.0016791567268385403,0.1610813068815403,0.0032036678010788173,0.21891351158340672,0.13747243617628502,0.007447870456824647,0.07377408745986529,0.026329571066976285,0.03378525585974544,0.17194607916689975,0.23451698592059453,0.22766803183560977,0.038367954298821255,0.004843571352143297,0.3684379999604828,0.2807254944838504,0.020781778595847317,0.009387811505659786,0.06396915832798802,0.1084652057685313,0.2599205330512025,0.10039388284441085,1.71540808857083e-06,0.1095731567518506,0.061927300868009905,0.3025403044014804,0.0
131,0.0642893363198749,0.1631817812468166,0.06801571068855705,0.3443845808760254,0.08149219411986582,0.2226512307807146,0.10850075032549471,0.24459414609797853,0.14040660663411356,0.037969228274228266,0.010930623234624305,0.3936852896672835,0.16726845913627192,0.019682937535567848,0.0006441977663980414,0.07247761074502514,0.038857269856047656,0.29422667341742464,0.03611464368688826,0.12101619808228659,0.009518721356678674,0.0011824098230875438,0.04463969650946981,0.07895926236083513,0.12340408922513343,0.02994973671895813,0.34974750701383023,0.041571930633851346,0.02164860372068496,0.10054200551626458,0.04596330496401736,0.04418445631025369,0.20950496513290648,0.19355460735651364,0.03664373303783615,0.006173623629380291,0.07292635882175715,0.10130802867901392,0.30256041429484215,0.0010245265331232727,0.011651059569939289,0.059286139521849524,0.07182122270786395,0.17256844897620868,0.1426545053755766,0.007260118073861955,0.06034214916586886,0.002305962804718043,0.1089371273466071,0.0
132,0.10310116855381786,0.19918402269880767,0.19078615992008546,0.05514281688197375,0.26146839729353566,0.25868996507669556,0.042266529851559945,0.08304743185426952,0.06239200741145684,0.050916636084278155,0.03293740698280329,0.25615268455052226,0.20044217819390023,0.03620774458159273,0.016680533207165983,0.08307419535442434,0.28759315259489604,0.1946580552289821,0.027341948374675063,0.16547255093409383,1.4109278513580466e-05,0.0033894018069153104,0.145504006273418,0.008530790297979983,0.046327021411450765,0.02084122566233968,0.13229543403990154,0.16050186725706803,0.04417308343902107,0.04249997163947819,0.01702204383999883,0.1428473534098508,0.18264193658948258,0.03633905466959869,0.07675868320295832,0.002516638975436344,0.14356032730104457,0.020002117118255537,0.12045053161965437,0.03801129930762882,0.13621033939792923,0.008187552135333469,0.16192687462831068,0.056075084846625455,0.2950708333470135,1.506367690805948e-16,0.3054886233575401,0.020748365161792966,0.13171860741913755,0.0
133,0.04194546770165722,0.21772135000679482,0.12311860223707992,0.1156385636454939,0.4760900732907557,0.18870412894807884,0.06228434052707965,0.09545038897830595,0.023575675477308943,0.011381997802634648,0.08724937730832145,0.21014121725757026,0.3822247244456226,0.0005303260407923157,0.002789593859393214,0.025097943250302887,0.34779039339049633,0.05556003417663112,0.1458349432280783,0.09591735711124799,0.009985408893422835,0.0001523704745976877,0.14920627535074613,0.024058392642592383,0.14788617680352886,0.044122769758767465,0.197104527734311,0.13231220077323713,0.07483680758526523,0.06349722284714265,0.03717166092833074,0.05556577687874092,0.2522133026834986,0.3404945838584806,0.049613293938882606,0.03761517769246119,0.1921669530404352,0.01600645854264357,0.26221667756612044,0.06281428991744012,0.04990774119430963,0.06491759827116206,0.18960971604427493,0.08489588676971985,0.18361029931515327,0.01564519886748506,0.07231450525897579,0.04947004218585076,0.22038744019887763,0.0
134,0.13487736130755004,0.07402906981598542,0.13174450858553755,0.03872608336309696,0.09780510012404106,0.14298211885822895,0.012621472579806566,0.31665423645669366,0.10187261901578483,0.02533317577073697,0.09541365435727266,0.23855506601314955,0.30164328985915445,0.0002447557741208941,5.9890948248632314e-06,0.08246051512142735,0.07430728936728669,0.28018467244384193,0.1017247481371021,0.12315136261376111,0.03358240412490965,0.0028723454030040643,0.10520607770465606,0.12337722136934136,0.21973838555265124,0.10468223620093532,0.04415241212255702,0.029402724224914033,0.0014013043665778353,0.06018524091996937,0.07727652532993189,0.06503252075820151,0.29234078437694905,0.2845941690990702,0.05164312990134549,0.0002612528648995964,0.15225216133718011,0.017218980382551957,0.27608700682150256,0.01304073754417958,0.056967597919385424,0.21313552569900449,0.226588351606049,0.1667993322812944,0.2869853176191816,0.014560191079404665,0.05285992277398247,0.033953547341923025,0.12576315652665007,0.0
135,0.05867932268457596,0.01087234388488778,0.3999940798612271,0.152326005939931,0.2034192914194818,0.15494483856124786,0.0019427851058095016,0.04066846936829879,0.18158879324685917,0.038309252113223904,0.01100854888211552,0.11171145567969237,0.1186996058366124,0.018917030455534264,0.01414864181168845,0.02368097301031732,0.19372647211834632,0.11006860437187323,0.26239411864121687,0.21448134756453388,0.016623790539030465,2.1879625476933957e-05,0.08714699815388932,0.1632875251342624,0.11699891002135715,0.0186257624312563,0.0782738835837188,0.18619982556378936,0.027180180245002752,0.15317631699001613,0.028704913062845904,0.060293009477484706,0.23191710015511302,0.11144935861278185,0.03408289077095427,0.0037569403161185544,0.07040968174401359,0.008128982431855022,0.10041594591368608,0.06330964471982596,0.19292188235062277,0.04042025429605141,0.3263425632675455,0.05909671270268808,0.09802941368180204,2.4033385326771692e-05,0.17424313566047747,0.04297937866345398,0.23765955777922182,0.0
136,0.154192516401824,0.09046249424495208,0.03815755865684801,0.09224784665600166,0.09321379627658684,0.0642774727079326,0.021993635132924978,0.1702467931074286,0.15380660736751176,0.09745795795520037,0.003888358926113499,0.13990288912723597,0.2511564131125449,0.007846102749265145,0.014644403808135881,0.018034318435860907,0.11419901560477834,0.22074696881403472,0.05780297316259279,0.33535614599973224,0.13820187392131048,0.0449317538689628,0.044151800293375947,0.12099665455017253,0.14361565160812803,0.016384659848115584,0.23185165901592147,0.17635408887512122,0.0025468795534496357,0.09447510145357464,0.0008115414354425629,0.19767397783273194,0.11491217396828086,0.06620575217280021,0.07983341078092644,0.0045775312863482786,0.09697272724943778,0.13302714855591916,0.055610436841428565,0.01650731525470881,0.08712787389494721,0.06436419189763859,0.10649933571788764,0.06200683667944383,0.1026839513441476,7.790378449717105e-17,0.177956051632571,0.048161387740407055,0.1295005359371252,0.0
137,0.21229595199576368,0.20864896990022377,0.26460690099666206,0.07681462905641011,0.05876789268129671,0.04955017872715651,0.17630798044304194,0.28458610805852,0.10978865862436034,0.00016514275293642126,0.02711635128623226,0.20514531978106415,0.29251639950449654,0.04123472025060486,0.01200149451260516,0.041846068709053566,0.22753794443887757,0.049738164249552116,0.12163976073636014,0.33938979641430406,0.02885282111580839,1.0385071603831022e-05,0.10643089089658567,0.033450173265594234,0.17506813310445976,0.07322588635538245,0.21749018405668066,0.09563506742630437,0.11627926628261814,0.11963180332847427,0.28145282595231175,0.033195943940622565,0.1206047403027747,0.15011337955327625,0.20251831486541097,0.013450934163382045,0.1163821309282452,0.026540365393434903,0.09137227576194847,0.1164225226103189,0.019161600198277295,0.043767044661775084,0.279726760006379,0.18448164512353135,0.2712448598168304,0.0039082597297074775,0.08063759435675319,0.0058108038212099,0.24643902332210615,0.0
138,0.1804660556161285,0.05083956774303308,0.14021280955909873,0.14431448163875502,0.13852090903125375,0.10845348960847186,0.0026774124651083517,0.24941993251643185,0.0715164210079386,0.01828100021521056,0.007990970159704883,0.2655982930850688,0.09183570196774783,0.0048829503233821,0.013523032176592887,0.039975653822491984,0.1309590760927313,0.14405079971622536,0.07085871508748881,0.03712401979698683,0.048801245482891026,0.041855837044060616,0.27408630774236153,0.020216711159092817,0.09443384646043766,0.0029363568005673136,0.22853882787248847,0.021453696602322065,0.008185695701104527,0.13425060017946688,0.00033376227392459723,0.11456599596641323,0.09770007434501397,0.37316700083426957,0.21440077976439173,0.05688870664902505,0.05020622988651869,0.17224800498930395,0.3061067891827953,0.09256716946841882,0.05955127148457294,0.0208099221123129,0.08439647365651819,0.030166755818279177,0.1302380079660431,1.6023121193162822e-07,0.06621194621029222,0.08120099469453929,0.47477363670779327,0.0
139,0.09963673852272764,0.20867152617127738,0.10827205410117749,0.09492591894924646,0.2568492347513784,0.11934480411833819,0.0035897061756702676,0.36201202761363516,0.14735447941366023,0.006163660645857586,0.07385413268622,0.2523350922810875,0.07672846978378382,0.0014205043104534147,0.00021820832867267207,0.0833855948603062,0.261402840282296,0.2400872455624676,0.13408817001048448,0.06845392114742962,0.10173258492104596,0.01325458644568067,0.08243928946203391,0.0666215417109525,0.09205928776304788,0.013862868651125706,0.15851180664132816,0.10390737971584801,0.11902061481148465,0.1776204149462643,0.0032704057427877025,0.26637537829892216,0.47812972541790055,0.07111316554466218,0.13894180119765764,0.003967377189696368,0.04259696848072021,0.019394068159527048,0.17118489613265933,0.02272308763211398,0.029116768385928596,0.002083703614987395,0.3173858135518757,0.07737780457842443,0.11961562535359524,6.491364198607569e-07,0.09908231756237904,0.04952464045110571,0.25442292942177097,0.0
140,0.188253653804686,0.11373716763206816,0.22030860803847804,0.19091758528744165,0.24593218576774592,0.1142050607568917,0.011150902402838945,0.06431399671252908,0.1399198574606078,0.0231504508537624,0.009680800268266782,0.24828156596041678,0.18676338200533985,0.006993546909121386,4.058206645144468e-05,0.03463756195288753,0.2882099374934638,0.3721017017155195,0.11792337976493872,0.27729920157786925,0.10553411844560466,8.19126416869577e-07,0.13122986355716212,0.17784850236287408,0.12623783466071214,0.1287648302467807,0.26358747952769734,0.086131934904402,0.00829560717481367,0.005295319974230338,0.06154928298174246,0.12476034562406742,0.43086921618592444,0.07426472846504853,0.380274182180058,0.018514126768541302,0.1508908813101286,0.036225640588621884,0.14981366548373337,0.10978578593496392,0.007454795792107964,0.02014036410550826,0.1028232136635285,0.13367754052968076,0.13418514907354792,0.07167285054755547,0.17936602730948262,0.032478592447291364,0.261777091215192,0.0
141,0.04409439569086615,0.08051741900395577,0.19445851837191863,0.1523750183647358,0.18388314777796103,0.5107149860740038,0.07551276731536397,0.2085768428501474,0.13084540160661098,0.0028580954226718556,0.04189941917248736,0.15098861606022618,0.07109871520961764,0.0016351804757506424,0.17907428592516267,0.02200602626940945,0.16967632872441532,0.23067207513047608,0.10607301321447486,0.14436727504860655,0.008027453514170621,0.00015793260024034273,0.05551327456658031,0.06447896011685884,0.08384022045148475,0.002914266415749555,0.15873433139757828,0.12167279503502212,0.047467834481988075,0.04064050735728302,0.1714800352244813,0.32617951275815527,0.30782374585464134,0.3877488323265833,0.07729288179192802,0.1442771436832723,0.08784420918095885,0.11628455372424246,0.06684703791453138,0.04145935994500864,0.04280706155034013,0.10588858904637542,0.15343250592136534,0.2986643817831377,0.2598108976921985,0.010155696030784192,0.026319808285311,0.01265215452072915,0.36926206292699837,0.0
142,0.08192711309283601,0.008951600566739326,0.05620478733625908,0.099238274030132,0.1552315249509971,0.13247752257804124,0.04579188306406761,0.23303831977347994,0.00675348083931254,0.06932484661724271,0.021413031473960193,0.06769299864047258,0.13887621083380886,0.02989162783815496,0.06673720957407665,0.07953000454140699,0.2705021366141264,0.3353842557505062,0.29863687603942674,0.09269454218177314,0.012762951280541869,0.002118616378408183,0.1354171245803478,0.05660748094989631,0.24737297026321928,0.010176646006441291,0.21273949589567465,0.1518865307788243,0.018458673320496752,0.053171043055110605,0.010948067682055461,0.1213397367565172,0.11486489492247878,0.18502931813474136,0.1743153618506332,0.004355249829902939,0.20167545168718676,0.0350641330473712,0.05288272139782455,0.199914063005243,0.030970247777415666,0.06828616420555952,0.18492227980383008,0.18703174984465668,0.16041610157318853,0.0026020786933437495,0.03444941454040987,0.036247293947482426,0.09502029122861122,0.0
143,0.2426178671469096,0.13286605789661024,0.05011536486426109,0.12106816729311841,0.22875860249193886,0.11846732204396293,0.017789038418695724,0.19079656134263667,0.1970226782440857,0.05686168859821655,0.022133061926906006,0.15934907868341155,0.17325213281432048,0.006693179148295948,0.001970112610604129,0.1952842216798947,0.2536822026725184,0.031216960105509003,0.09059274577806048,0.26800380082878184,0.07039360226509649,3.2115475089886188e-06,0.2250171455380517,0.02841957607406276,0.1320797944739369,0.04263441096305303,0.0837543684335458,0.14571487873662348,0.018934484320545394,0.013979275569188074,0.019206295906411673,0.11371832561899609,0.3503011016471593,0.12806262582202924,0.053605621971982896,0.001534527410272538,0.07736007180715468,0.0348075119270572,0.1277924843746629,0.004890646908009506,0.14840236022759368,0.10195738007537583,0.19734178008070244,0.028350795907144954,0.16705710475570554,1.0386151347675514e-08,0.004682678123735305,0.2964105757235504,0.10674817381414084,0.0
144,0.10347861865976983,0.08790676981568023,0.10783978974011818,0.11418724566575267,0.3836821441838721,0.32702722669687945,0.0301383151771793,0.1380014526411406,0.047308597488822074,0.01460986881648945,0.065309660801722,0.23096962291535583,0.3090466489853115,0.014817003924674797,0.05648157126134675,0.06802862145698681,0.1295844832618345,0.13167867415909548,0.24325126551934134,0.2618865172844858,0.0047990726946042376,0.0006279614636114234,0.17430207561121186,0.0005867717237630282,0.10685610675831765,0.03893875233037762,0.3980971361299555,0.3147051578245789,0.04152466399174655,0.20816760875363513,0.01085081634942796,0.009707692439839002,0.1659247232316803,0.19626615601574285,0.24531039962535284,0.045258720077046226,0.11679328430552942,0.028534806154240505,0.22479720546053075,0.002594954104736283,0.041427598620781776,0.08326768652207002,0.18848876498641848,0.03247667465477402,0.09941321055742247,0.0014253916377736787,0.08209942054364434,0.008781794832694022,0.08549971318952004,0.0
145,0.1055224367125469,0.14724955803785625,0.2166071537728564,0.18239358448564283,0.1525852067066835,0.18408537179107434,0.015300988823025215,0.1960802562917339,0.11694774660879215,0.088327630083081,0.00823058840873289,0.13322555180003326,0.14829300151275107,0.07310402459401336,0.02161563112476492,0.0884014532521022,0.3522705226689731,0.17352114284973927,0.2162411824832213,0.09169557920561441,0.011170151248077256,0.014454572685386807,0.08529503016006915,0.05387018142288259,0.21060302813525125,0.025923349809811813,0.08674202085445057,0.12187394608348182,0.001799011360728388,0.08249989108874559,0.15292092027368884,0.15394356387626132,0.13076954065316684,0.1757601068500834,0.07774836679142913,0.00045828648933270106,0.011218230760253457,0.022006345137908407,0.06608157352745002,0.017751916788953902,0.0342282767871922,0.369757040123137,0.06934903324936056,0.06694271965888224,0.295552994288666,0.0012341062057295326,0.06520220347196606,0.0011420017719460354,0.08051421855350381,0.0
146,0.20141390567297182,0.15173603565748411,0.22195220056462295,0.027884460500129687,0.2335077066492263,0.029117126685621633,0.019378359944617125,0.1742395073278146,0.15014758625848215,0.00014156815940611332,0.07350124658494678,0.2092346135751581,0.2846338944861539,0.0459135818964707,1.2733524599892692e-06,0.0037187317021517303,0.29212173370643224,0.18234942764280948,0.22047190013506004,0.04708351855679831,0.009695096884266712,0.10204718998755336,0.22344056303942167,0.06350908016121555,0.1396424978726897,0.002185907262292007,0.13272133779616832,0.08867001253900839,0.0008596400887786992,0.16552164780600176,0.0009926557519605486,0.12413039600503502,0.07897892451090478,0.3372608187668985,0.20561635504667308,0.0020132987315364874,0.013597914459919503,0.0793291062456855,0.41838075429561583,0.011102693692864577,0.04187369580846708,0.07833637495844965,0.3347865988268975,0.1899898577848937,0.17034092779136165,0.0014654580157360258,0.15647688363231407,0.17631205850031215,0.1929325237429898,0.0
147,0.04305090630194767,0.10927835735177642,0.039292021821386365,0.022947196276499594,0.015656845169668355,0.2955555501962531,0.10819558892103952,0.08264242259584934,0.1667302694320722,0.002517867993079676,0.23349788535840588,0.32858324870430344,0.11112991107754823,0.006399637945409059,0.010293925605657143,0.019463869633868747,0.2258037492240497,0.3671154246235892,0.06938846463712027,0.14658570241011698,0.012473807921124212,2.07742787223134e-06,0.22002035678792256,0.10720711316532554,0.12761330951490363,0.0001483657553567462,0.19156003620085238,0.19515431265330244,0.055282777811655574,0.13965046368504125,0.019610943107301566,0.26494711757057615,0.06038340776048598,0.1373499296814481,0.2145603297696225,0.10646993969417425,0.33801028205988676,0.02208043291176718,0.14688221252986483,0.04604860716674324,0.013120437677425548,0.10456813169068702,0.052209765409198264,0.023397978741930888,0.14937179503772177,3.5668529075292745e-06,0.15848041189729437,0.04093681075000186,0.4134511613008813,0.0
148,0.2959144103994615,0.07709120110648392,0.14804359136186057,0.009606566503962464,0.13563918379510573,0.13741040659803094,0.00977604415359166,0.0885296376860461,0.23097989774527466,0.024096748152622492,0.12123621007751176,0.11918842125510157,0.24791860628735873,0.0034917391352649167,0.050278779752967434,0.020199468307389234,0.49581502712232467,0.4003715970762537,0.12541679933000294,0.1600263897504459,0.023690698228792342,0.008181874197286724,0.12785285367214735,0.31600734343984965,0.10132556087791703,0.004873537767634958,0.18904391128568565,0.14682042687095578,0.0006971056951549144,0.13274348163381242,0.0037024172372025683,0.1888811291810771,0.1636693738614487,0.39644738462495793,0.1208721346339856,0.05236186765624888,0.11637250975719829,0.05211003896346967,0.21241227434543167,0.15338645099512,0.07799192533365552,0.06644651275778905,0.19879556338739415,0.12261367584565888,0.06519182086185835,0.12091772342362281,0.07651688505462532,0.008890853771713647,0.09781122660887125,0.0
149,0.22927939189267812,0.18270371088030357,0.09936111506378613,0.09709378107120943,0.363407741726625,0.21912966411691068,0.08977076416312153,0.2081569308035561,0.265223094383565,0.03486696641889716,0.047417242617395376,0.2506436204512707,0.027396050801390064,0.000741284443225329,0.04405991371148683,0.02679729817785772,0.17467763117705695,0.1168174462401454,0.05946516719769225,0.09638874628001784,0.009942664659311134,0.001222546935816056,0.37370400137203463,0.020607053099298278,0.030275501028499748,0.015521215947990193,0.26682905066042967,0.05624009328554029,0.013159499608214264,0.043357801769204674,0.00434931547021489,0.13181407905303658,0.14924172356295806,0.10368378796197096,0.17189852586663637,0.02860223286775928,0.15270361946881994,0.08990971644271045,0.13247710955552786,0.008499378357153774,0.08579677344097443,0.2555439352446958,0.08634535897181085,0.21338616038254074,0.040597234611116695,8.05287180278492e-07,0.08339721252889797,0.10207711930031917,0.28084005268433376,0.0
150,0.03616127159423127,0.21592195589804267,0.09092743801380768,0.14306950324540074,0.15910344225615727,0.09288579944814558,0.007435006660241607,0.31517568046022565,0.08276145940228347,0.07407522923804477,0.07149134144258934,0.18472934042484712,0.17793366396639962,0.00022601813189552556,0.03471004844544721,0.05180176480837823,0.15714419244669095,0.15258494292425334,0.14206203001646214,0.17607790234850368,0.006462291430921719,0.006590094566526868,0.09724540479231114,0.04474817231800514,0.13965109051807867,0.055442955727978485,0.20849709683035691,0.4246661665849803,0.005020257729105372,0.11814085210842724,0.007598178928173299,0.09442146962025312,0.18391615357630908,0.09556193590001151,0.06706635471986641,0.025805987385040863,0.27035960872636616,0.13066518426736162,0.07628054367888855,0.009402639007321804,0.04874717144139168,0.07532301664526019,0.18613571411369886,0.1509939369374436,0.046007683226337276,0.07304890063870442,0.013080709500446198,0.004891907270591568,0.12231004413529947,0.0
151,0.19324791769102018,0.021152711534017144,0.18904425592479376,0.12884816658549497,0.29107639806772767,0.17080764541489518,0.00408758597726343,0.4636442294672661,0.06878744358805561,0.0198413649261295,0.09365666369611475,0.18565455445535892,0.3374953533560342,0.011812480528332977,5.48898703519565e-05,0.13545894229908334,0.07388899429165843,0.2572539766704553,0.06492283884357913,0.08362742210696421,0.05061434121530342,7.530210925396778e-05,0.27195889609457635,0.07200774527933039,0.03438891907460664,0.09967148957036956,0.32889963149383805,0.2042060514446284,0.047024844164131184,0.04213308708155524,0.014849322174388646,0.038463440706637556,0.1603268208853043,0.15846374119889775,0.09103098081296536,0.002040168988471061,0.08051205151054615,0.018441679065248406,0.07869609209347829,0.06783683273615614,0.06532290209562482,0.18658086412421285,0.3504156612442176,0.015631251327239748,0.36419883687292964,0.0013601368645456634,0.18223512223595476,0.048466578925934194,0.2259725394307496,0.0
152,0.1422909997685495,0.12508301947885683,0.08635693751118352,0.09080084007766624,0.17096138588691714,0.1564150725282539,0.08784109331587368,0.24367239941688973,0.28058330099721984,0.005497150721578114,0.06249072097520068,0.15238419656092908,0.14775197707955587,0.001706337004159541,0.0024525396803492766,0.05115946116152349,0.13413374507435616,0.2330091956127684,0.16971836596974815,0.12239895965100858,0.005400373614380181,0.000587687837159846,0.030013835270109732,0.07747294925632867,0.07362420421709692,0.019186375359831566,0.1802354532642169,0.03375108633062286,0.011233568318735516,0.12347270917080608,0.024795335473753018,0.13040822008964958,0.14696840573433076,0.2317632819243171,0.014409698037471526,0.026431291864981204,0.09927520743203234,0.008159640184108202,0.08766854765522572,0.010425226591230855,0.050515565415039584,0.03166089393579842,0.13895008753715307,0.15741843061526878,0.3525859213282949,0.00687369231688588,0.2611323991818426,0.015304584442329157,0.32695995955655277,0.0
153,0.3726978814123881,0.20367830334209666,0.06287091802920272,0.14310203435836064,0.33504586304363554,0.152941633854765,0.021264471854627112,0.02937773035074452,0.09665266350391485,0.010113327161458156,0.006695763795293347,0.252032049211082,0.09663441831853838,0.007348824269314517,3.379169463005183e-07,0.007155698565689243,0.15650012222232884,0.29063801931530125,0.11786353312545701,0.1337741586013958,0.05240736309873055,0.0005624871989349316,0.17229515380967417,0.05287632634052243,0.029700788041935277,0.007680155476206029,0.04183368988469633,0.027483729021613185,0.08183572123542487,0.10604810121470881,0.0033459965912648604,0.07638559544791362,0.43603056884634256,0.08653176638274998,0.09890280018571801,0.016239275592628517,0.09883286568434792,0.0026316950460243153,0.10201109789143589,0.019635966451376833,0.11223797939301988,0.07324001771949462,0.22752606482164625,0.25248271442537895,0.15813080539375643,3.1821712432933847e-13,0.14163487614697298,0.028066273414838343,0.15439858915372487,0.0
154,0.23783138732248793,0.03994745313396086,0.1084501703298499,0.12964417796079306,0.25648518333734227,0.31259646119337064,0.026186229957414358,0.13844566311395634,0.03405486266390301,0.013320272416324346,0.018383508433942257,0.09397225732754112,0.08457291988314602,0.00021272459619072623,0.010472455278220705,0.015319702496589456,0.19399041769239714,0.22479820411533724,0.08234640936978051,0.11116330441003551,0.07016717093310369,0.039979380356433745,0.15936922810668774,0.03943064890369079,0.21221135278961506,0.06915098300935069,0.21829785370378724,0.09791535724191526,0.011315299463673403,0.020897654122884548,0.001015107400115912,0.2931516146293275,0.3077238222232512,0.1302500866642661,0.1297498871622081,0.07534403646344408,0.10074390185079503,0.08916309623713427,0.07253124524808477,0.0035709944941947312,0.08918741135926322,0.1603631815402436,0.20014979275768416,0.03485633786104303,0.25153309430097887,0.05980081061802746,0.12305031085018675,0.018551795136916946,0.03680570393871796,0.0
155,0.09874598036780068,0.11182191295168752,0.23865520392013778,0.11732531706224941,0.19205979208115884,0.1652055420317708,0.0010080845222732305,0.30941920522522565,0.14720941680079383,0.00018870462785341367,0.012336847118404094,0.3099499638645833,0.21358254392814743,5.506360258467521e-05,0.00024407709648754873,0.012436591742421479,0.19046079194711388,0.14971050039683417,0.12467110553464217,0.18641344257195183,0.0159134646016346,7.122676455976864e-05,0.04509963612889832,0.08218406162903098,0.009733653216124117,0.10572194077308286,0.10768973942735087,0.10286614763757981,0.0007959665933828598,0.006268283273552786,0.00722882233416094,0.1299283486395072,0.20621874190681871,0.08072191655046293,0.10258252100563316,0.0056428635298121374,0.05038584237575506,0.05485217022418008,0.17141628982710894,0.05987567878265873,0.19166515679228532,0.036489489545157815,0.43880100377778114,0.061947400396281764,0.10715044588384821,0.0003042312711369493,0.08314426969093154,0.0006992027025255447,0.07686816993669822,0.0
156,0.09199487787935474,0.031260476015303636,0.06980587201374647,0.1547778987851558,0.13863979905436688,0.26973738803110725,0.03836134739711744,0.23925606922454531,0.045342725035199864,0.05340901762678329,0.008068598960319046,0.027666649326998215,0.09631305447415295,0.11030833437348427,0.0046837619557031545,0.04166273052638876,0.0572546666072033,0.05792933018923225,0.11165614401617854,0.07714292151230075,0.09919071250373665,0.0014474588857070116,0.1009949165939461,0.2746674091947144,0.42603305987712436,0.025514703872612732,0.16539044436916078,0.17137938833199357,0.012605192468745799,0.06893955398997184,0.001257313663819615,0.033097838636018825,0.10279964231356237,0.09340794837112588,0.08642249124687493,0.00045426847273673444,0.13457131110596937,0.02290124841681546,0.06180338743980149,0.0956739420649683,0.04591215120015067,0.08191085261532097,0.10321059529875841,0.24197182023789437,0.4201742156956899,0.04602667015309804,0.1557945231606777,0.04730762755475201,0.10577802616554931,0.0
157,0.102614380779319,0.023996515879766058,0.08066324422849103,0.17321480308989765,0.02259576958334324,0.2358294531199268,0.020764473293907456,0.1601432156059874,0.039531689549858404,0.041642206176470124,0.07194034346686604,0.1656385794154141,0.07021791637594225,0.0007568444102244906,0.009048624203378236,0.09539790756356567,0.14565013724891318,0.14365094336028614,0.2811668992905033,0.23753775862932247,0.012353041153927784,0.00018768809411144982,0.2091932776687069,0.0020777793672819792,0.04817765444888789,0.0016046141906926957,0.27722147889365273,0.041040896632558145,0.07967606181173115,0.12420059143755202,0.004594217915697405,0.07966263526619803,0.40287653860240086,0.0390132722521355,0.1595326038269436,0.014287502853956434,0.11296538046363053,0.003540413391987925,0.34028717043397355,0.017046094062305436,0.06520906540291475,0.1393633667261315,0.2065204450889261,0.035516560269171875,0.18468513618868554,0.0001075021930410648,0.03588351403914776,0.013614035466005571,0.17769476458109273,0.0
158,0.04955823368522827,0.13932052664066594,0.08733855588914728,0.08969922842890617,0.29161624352289583,0.1077538920302813,0.003941670874788785,0.1105667660894428,0.10830227851879093,0.0003887490841113452,0.09766054611708316,0.18671908617535607,0.1412094319593558,0.004419482292730054,0.0019268329470903975,0.01539134048965341,0.1775160161840686,0.3210373914538615,0.1582399983287277,0.42397096919708843,0.020383025556641506,0.037152305396628935,0.20087808665794224,0.22663403848122557,0.2859470517363001,0.019678257958604714,0.3191141334860428,0.04226195079952326,0.00018872134986449587,0.11381375647625361,0.017326515038701012,0.10560285262711028,0.2118459253966824,0.31337732298897514,0.07663081502095967,0.005187674854140965,0.08014091653632541,0.019902560477656463,0.25838570415578077,0.011786777832258946,0.013840973854602315,0.17314986151594836,0.18668564778893304,0.027978592149749428,0.16613728019189253,1.4566676234494098e-23,0.037036438195501994,0.020182634780300746,0.17900970818522738,0.0
159,0.1257091155049036,0.029923724611558296,0.047939784687287185,0.08172111358114233,0.12129538757142738,0.27026550737739835,0.023071176632789486,0.11624725607111383,0.04998368468239822,0.009748802568368478,0.009153142554289251,0.1994516278903644,0.2890215612067007,2.9554215236703334e-09,0.0016921748946987303,0.023954640346809476,0.27478154090040524,0.10308802133485102,0.31489463135420265,0.07803018513382466,0.0018191086444943254,0.003883364204371533,0.07579430344141623,0.24812617549769167,0.050968279496721704,0.08927572560204783,0.23541375198106104,0.0660414747893516,0.000680369234545078,0.09517241097331323,0.0056735531543297,0.025214097288463,0.09958704074204144,0.3027547562006617,0.33335992297257283,0.03474817264578423,0.011198449303239238,0.05639561577274936,0.06448910209436998,0.0877456236521824,0.039448524888290454,0.0572735478366541,0.1795484192833365,0.15175466800277504,0.18175170731635373,9.27261611478119e-20,0.11371248251067129,0.023792383883827508,0.2579297133065615,0.0
160,0.11146154005196801,0.04985476265739798,0.07588350718124612,0.06740775425648642,0.19687577151976585,0.15081803600051807,0.03674270313649577,0.16700926871070867,0.05862759131157965,0.024147806915899454,0.07670670736815713,0.3050214709764392,0.18670418204393252,2.2296704304364502e-05,0.001014699549196714,0.12220436326213144,0.08269923486829017,0.20905887134616838,0.4584445651748628,0.32503653853221043,0.008550174634143055,0.00016933790785350898,0.036079971062888176,0.2976644962745058,0.3739072691061008,0.05035635555921774,0.3224865623344351,0.05391555747829585,0.006029802176695027,0.1177950955600796,0.006605404939303063,0.21819283647631676,0.1503028802107849,0.14417957159987307,0.14164241989890672,0.012712033864878637,0.14077699032529478,0.17440504030362056,0.08091677608566815,0.09753038716060553,0.08402170315672125,0.17198397752919212,0.3712075879974317,0.22848868491191338,0.3430061428523344,0.0008927585166973271,0.20397258687105244,0.007774217687643922,0.25390144767824346,0.0
161,0.01200474655577047,0.22402662008472132,0.2510009151746528,0.04742263792115694,0.193644350051923,0.19730338674148695,0.031962908813541926,0.12173838646642841,0.031636543584784016,0.057728912057027654,0.041833530536956695,0.31750728374346693,0.34699977263024245,0.011218590768266765,0.0246385273314328,0.02574538607768098,0.3569347363378174,0.1548799964672728,0.0893752161166193,0.08227904170740462,0.056724900570324185,5.374402432198062e-10,0.21763029652681323,0.06934755681695054,0.1478280190819439,0.05613118724600569,0.17579441872388904,0.16130562669345494,0.0004218432491035847,0.08923639397350852,0.14015774534068984,0.16082588380414373,0.2674668837569355,0.026932550870285066,0.07964810087761877,0.020793345336686565,0.07362717269143852,0.10520324790934635,0.23034901942003236,0.04218967130917097,0.0491122485317006,0.23578366442721116,0.19656095452618733,0.17646292323785076,0.06785916969236395,7.089897203772151e-08,0.1199372243741274,0.0010819281835110191,0.19877896883114315,0.0
162,0.1629121248679745,0.04477275556890445,0.1948006453643834,0.09819960966416098,0.2785522394773943,0.039442160432440504,0.0590041543089879,0.21437300154295083,0.04808738270206461,0.0019799702625215203,0.007365672861559254,0.23395786377778746,0.20739754467760715,0.008280117576076381,0.09337842861977114,0.01730670800537785,0.3342383002828206,0.07879694318182394,0.0846819345889679,0.04794181513067127,0.05331068652459646,8.603969070601328e-05,0.038651022604470245,0.24927817320717352,0.18896870749819927,1.6641173820621988e-05,0.3220337939703083,0.013755263125223797,0.006280814189931209,0.07807101193733516,0.10828152731045475,0.03976375437484918,0.11799259423031368,0.040368111978460026,0.17305390007074345,0.032902656605450546,0.1913788564568717,0.004300885218184938,0.13602667437470858,0.009319657509567845,0.08378553370129706,0.16349823808010638,0.13159040766396704,0.22918556160528808,0.2252887065905055,8.087385154751752e-08,0.03441183711162357,0.12001440816358627,0.18428705975376167,0.0
163,0.19906341365888364,0.04323000697669233,0.12459648847067402,0.04865111175963941,0.2507551528902604,0.06922544213829966,0.06656036119705948,0.20614350253901093,0.1195239369155444,0.000492785593186682,0.017865241967367315,0.3454642609232122,0.07847604884575873,0.009973410731663726,0.004493593878784243,0.15552466860974523,0.22123461266750266,0.2664261383734963,0.15155846859459188,0.08766512076018912,0.02773365926726156,1.5637419048730011e-07,0.14299419109700393,0.03442480154063893,0.055525872300470784,0.14361251422585425,0.1203712036515425,0.10174948608385603,0.022381510980122293,0.1831363898157921,0.03556335506769825,0.11497881176864827,0.38236903254019944,0.11025321122745176,0.12895104962415424,0.0002684256369960689,0.008856923883435447,0.04082830676702805,0.16459978577550236,0.0031453625738851816,0.16682714385236916,0.08866193636328844,0.1655767285461964,0.2221400007211864,0.14455283625699816,0.00024686464112936657,0.030383322934147278,0.0011762185062147968,0.14472495665327215,0.0
164,0.07657374656681228,0.0792575049466189,0.17530785615849942,0.1060673845000813,0.0871904263526915,0.3265453039534862,0.04215377408071227,0.0857550820982149,0.13624774621776703,0.018386995771976968,0.042333330846715735,0.12201755451169267,0.3706608194323459,0.07327585408939032,0.0034373510214196915,0.10143336729676913,0.21816354302876656,0.40162575648175014,0.0747927898538985,0.1120497501575656,0.05711312437834894,0.003316480602672391,0.20379879242430163,0.03310481087382294,0.08018589831056101,0.005577102642701835,0.04788958864106335,0.10291340633798628,0.05006630398363043,0.20168024569725956,0.09942189250385147,0.0648119239170601,0.28775217060154945,0.11987650470719212,0.02416115340480814,0.00014405767077111284,0.039309283984425056,0.010759239762999775,0.11715206354747477,0.06624584118386599,0.010003634770792448,0.14266821037113442,0.2174436139253258,0.09315322954935412,0.20279800906451426,0.0007499983368014423,0.04940064817384874,0.021104652418594515,0.2593261002215261,0.0
165,0.08179191307146112,0.04568293139013029,0.14797932801564695,0.0337255262430033,0.21066355336031217,0.29564096076541585,0.14922859065041802,0.15188655532121184,0.04780824885365436,0.0006051177407180962,0.044676037443982984,0.07873047891633894,0.14913708637325082,1.6678985039332994e-05,0.00031629094209194563,0.036177883543983394,0.3291984906723302,0.20868288177037825,0.08717239049107177,0.08857933695169078,0.016196513405266243,0.048404307542594935,0.21773079145249802,0.03195170234022526,0.06543396473581115,0.001251252423101391,0.2620461129811727,0.06380355321152399,0.12827081290891684,0.053545436630590755,0.01586801888285619,0.024294728557526325,0.109570432834502,0.11567772669982472,0.01967111303479988,0.012555280414875632,0.09345300869436897,0.0749899968554006,0.09310525494932917,0.013315563960077997,0.05163506650809729,0.22370365964990577,0.16491981105401385,0.24534316401806602,0.009239271670716337,0.0045407849952115355,0.040839762845483026,0.0455563050336162,0.21225365981934663,0.0
166,0.20812592697558105,0.1080772095466004,0.25491643292196586,0.03147974397399711,0.17657084579631818,0.09773806500635089,0.0032480142810848503,0.14932816748026323,0.3018858887214026,0.036180949073045525,0.002355819430203475,0.17917260420365547,0.22779361621139022,1.2115200739085338e-05,1.3784431582684953e-05,0.03212977717130364,0.11997586856657046,0.028486945726684247,0.20566283078209147,0.32185355758331774,0.04426325493470672,2.2958626347125776e-06,0.18831980783362076,0.023166374531355737,0.20321127572999123,0.001367300262046107,0.1693024329492815,0.06092619805098149,0.00043659442703935966,0.02954339486189798,0.006950353316067287,0.11731490456103792,0.2199113793413064,0.1766302901834947,0.136807771354115,0.06772968792258924,0.10104111925132479,0.0643409579200107,0.08393208407057107,0.06034677883555239,0.0540939937367164,0.12861733814904522,0.4131406600806822,0.1543250438393754,0.23765423414153977,1.4493306424772554e-10,0.07261700414777066,0.16303486980216866,0.12115875534315067,0.0
167,0.09237466024917282,0.187820548593622,0.2178541049241171,0.08719006414026972,0.2767029771153547,0.1220391996672995,0.04059193641929149,0.2088574211217998,0.0077869326492487345,0.03143623950096858,0.01903819346481617,0.09604813428406,0.21976258473041965,0.0032335382216592346,0.047553080361408345,0.1261472546739558,0.1862884859626499,0.018763026447581568,0.09927360686726755,0.14883904101369058,0.026262146556808762,0.014188328680003935,0.3003914760422988,0.06294417913102664,0.11562848678526337,0.0016262674221389749,0.17221508771197735,0.2672405421692167,2.555496924265772e-05,0.21180946312294574,0.08140059343131448,0.06652195204582939,0.20701094107750814,0.03380392891035196,0.027940066842847115,0.06332906438930157,0.19552835329248228,0.030735034699289312,0.11573072844125967,0.014597765344425327,0.2977320029923754,0.11505553800602417,0.2133465985612231,0.21951883811701361,0.24542810226922576,0.0039081019414945895,0.11840681655444808,0.005477868947842207,0.13185852480452856,0.0
168,0.14155132136833296,0.052907566212428495,0.16640675866316898,0.03440710186456631,0.026946469788600266,0.18060062039724395,0.014249063302055668,0.2546952324465215,0.09251998136391729,0.050192044838057566,0.10021362768903029,0.10006369358810813,0.12732739345513258,0.02905229074265605,0.011389509763808864,0.07565902015893365,0.35633557441290487,0.37834622645267324,0.12492817451617103,0.23743088994052397,0.03253495916580394,0.09609929082148619,0.12347797030648414,0.017763374766724235,0.07295759820173248,0.07987188596254884,0.23264668391780338,0.18437449955140067,0.061559654102829084,0.09705369195226397,0.015463306281645823,0.06383878727393198,0.19762992364878898,0.08742686820842703,0.11980270859714819,0.0039306273707963016,0.02082074118140234,0.12398255870168198,0.14396676208769238,0.005271664323375741,0.07344672380059966,0.09128559187218098,0.19258624570003294,0.21185896988527572,0.1909112463296154,3.537930586381839e-06,0.2241351098536269,0.02557364710216816,0.13134541173617953,0.0
169,0.10366695924930797,0.145413795135802,0.053848409652772156,0.04450915591856606,0.2678103012403922,0.2062771816579033,4.595244574047057e-06,0.18331109792059225,0.11753161111251198,0.0013651758171520723,0.036317257378027365,0.26693493724801703,0.007830969798164169,0.00010132933653554211,0.008015608955530301,0.017725789783394747,0.1810339207122086,0.10729193994547816,0.06277725137213562,0.22201387732946792,0.00999142755436502,0.0004251393171348851,0.12414257300170276,0.05390452808754832,0.16633503345629932,0.03106717501260659,0.16077760335626562,0.012669188144849582,0.06270215841206503,0.07460103837268928,0.00688921732633912,0.10568676810752421,0.18984845304288453,0.12556579868558596,0.16157689115427734,0.02479207126482706,0.09973081298368536,0.004517729317923154,0.2109213798517973,0.10833168290407283,0.10755513655274365,0.033887140054693676,0.35443794052133176,0.02840910875037903,0.13455686323303875,2.404202192418095e-07,0.05224695093306554,0.014761359732129397,0.08507366938178025,0.0
170,0.126199172263896,0.08662238553020823,0.06950815535198103,0.05539967913968734,0.0962833749648092,0.15334771612067008,0.10334020502224649,0.29757284594042416,0.047700492150481465,0.00019496587595903668,0.01577533447529261,0.3511304837344487,0.0335274320329244,0.0007888723204164152,2.279546509992613e-05,0.07638200741123549,0.16604242093504468,0.22688340336918106,0.059558955947474186,0.0619945172894516,0.023644310110930575,4.41153624128026e-05,0.0064562106959752796,0.549108348965347,0.15762677425526503,0.021965705638531507,0.11645008859133187,0.042566588637367286,0.01763492440212655,0.19054049585412133,0.1600777933436089,0.045355371430153044,0.16288145024020298,0.33758512484012865,0.09825995063749184,0.09369121721379048,0.023840947740467064,0.010533047795886048,0.11910373173929435,0.023311769338513966,0.02142902116947301,0.1155885839453655,0.2601271340163149,0.07878583881406072,0.09347738933371566,3.2562449732131993e-20,0.09424667759791124,0.008574212710943073,0.13077105212557272,0.0
171,0.05045583749262926,0.12386412113369373,0.19232818212810796,0.22538332987804235,0.13952792966191652,0.11238815396908525,0.056977563896889905,0.1669273183466621,0.07872828813614167,0.008391275476203938,0.019843669036567205,0.11673960610931487,0.338997510322144,0.00017326731835482612,3.741674299716039e-10,0.0004387211949796763,0.24528063649157406,0.15285759370630164,0.10241662572070194,0.18507744899709533,0.007090010772029431,4.211812383527452e-05,0.3217576615836478,0.007722208389338451,0.05434626988015118,0.034990329509865914,0.13890070342934682,0.07338455474272323,0.02449492715554372,0.13521557062751197,5.27554166281145e-05,0.10235354052772284,0.33104416157593464,0.24003482868453008,0.1750345095824974,0.1072258730566597,0.0543830455840547,0.04575937204146302,0.10083317583352346,0.05596817409726776,0.05319766804899335,0.08696909884213283,0.1390586539946364,0.08370328873563669,0.32887884735587636,5.0841285701312734e-08,0.08987777038801666,0.011686353294338103,0.08726887635719269,0.0
172,0.057084813974035815,0.24969395214457676,0.025811231316473168,0.14450844883401492,0.13224252222795171,0.11936992007046786,0.05809692528612914,0.11956708123484093,0.1625580963404699,0.0011778233788223794,0.06229366607861469,0.06256587873550977,0.23610393235872798,0.03204033642349671,6.483498059748873e-05,0.13214594556678474,0.32614741356432947,0.034411017487750474,0.26553337902294644,0.16773872731224368,0.024391080059615274,8.74136732051619e-06,0.10424920925219539,0.14734228798035773,0.02106878847165051,0.001081964233327348,0.18734494948321911,0.07527248904303724,0.021265858678741076,0.14583443926731965,0.04403692910577394,0.10086117672497981,0.1193519247199919,0.29697033430240954,0.3070834106036155,0.000206997025340329,0.03905912543114548,0.09801264305295918,0.2128440919245824,0.0635077552242225,0.05130295956734598,0.04873155832743905,0.1313241888746067,0.16280617615889426,0.19081834885856536,1.247323148986927e-06,0.038147040552767006,0.08355420042740766,0.1086395347511291,0.0
173,0.13001548134539623,0.05390922206958201,0.29123861853803445,0.03889433840230828,0.1145132542499768,0.2590770351442099,0.02148603838211825,0.12532966155761951,0.15217187641797264,0.00042495946937152486,0.05109371261231509,0.1944006166403072,0.4135331144483217,0.017018971953810032,0.004777624665022051,0.002605947772525848,0.06214006700573533,0.3184508265453185,0.11404914782243482,0.0493913533455028,0.007526661902696729,0.00037867368639185345,0.2442473834060715,0.11099104184267809,0.19584499622762924,0.07704921159295476,0.17951585521355454,0.03643407367140841,0.024198703077592854,0.20509768546976218,0.01193460687065971,0.05415006917448242,0.11113382879434913,0.1908985347666932,0.1384643925267207,0.0038417879529455733,0.05597227107512758,0.03827077122649786,0.2637045379903494,0.001338289431822584,0.18914112550752693,0.10188695800029686,0.19475108355631224,0.1319879301482529,0.23501515968453657,6.4284256279049124e-06,0.021116061334795735,0.05838524082753837,0.1405648393374712,0.0
174,0.0627260466164289,0.12154835243119234,0.30963932819407575,0.26391051670454624,0.24216282822354962,0.12424406554510116,0.0019107579777253,0.2149808688818924,0.1702587038329702,0.001050648482042423,0.11841624527169854,0.10505084658215748,0.29834797973123994,0.004101933120697692,0.023945432125121232,0.006638963448953592,0.2275563569421931,0.09321978946095397,0.09185551193394878,0.191394698623113,0.0034710897475474195,0.032358055504323496,0.0551987526974974,0.06652126369265784,0.0476476816548383,0.008338348015204066,0.13981122458814507,0.14863225167887542,0.015292060470354437,0.10046872982404366,0.04690592821405736,0.05844875659203435,0.3587440192433801,0.09768991424075267,0.07478983918191831,0.018945633874989817,0.13584455271720206,0.01781740978973772,0.1253521562685206,0.005786744882200725,0.13739856653651086,0.16513386651343873,0.40649833674756863,0.2997983607709276,0.15217468042853813,0.0010125970647485926,0.05105659381203499,0.01304879647088901,0.09275686906279325,0.0
175,0.024407117731803422,0.13941912359113542,0.04783784498012505,0.0878341462778433,0.2739964924960181,0.3792647057040327,0.062020586512172245,0.1990716905074754,0.12755399741388243,0.004260460381454798,0.07377796835299216,0.3318215074862015,0.022421988100973553,0.031523677189827896,0.0310358700653028,0.19487950659553077,0.058842616891722814,0.19337504570179628,0.19924124729798556,0.2412295819648701,0.05684307947625812,0.021831974947556322,0.0316520120993547,0.02879319842831322,0.024672433000238518,0.0016774645297354376,0.11190752777638968,0.07463033067484239,0.0036141935597710628,0.11552139636226809,0.004811415610173225,0.048888722786889355,0.1007235652340801,0.14475083597136754,0.1676371004820311,0.06663127092826855,0.0439619862302144,0.008025730771407946,0.2004099203758298,0.04409336213955886,0.13461556498643104,0.11388548166894283,0.09133697095620398,0.05024962539200291,0.19379184727267382,0.11602854521283672,0.056296554092377424,0.2671306136861172,0.15212428080888604,0.0
176,0.03368120517973368,0.023710274730152605,0.1461212200466091,0.05267217781402571,0.16492479646662525,0.13412232648947134,0.019307758217202816,0.2034487597090269,0.13295061182572188,0.0009104561936804815,0.154102463811023,0.35078023716982787,0.18020172670617718,0.016051261959578192,0.0004155682279324993,0.000125043834027829,0.060326845992233244,0.23885943452039607,0.08439756212201781,0.1369451822764744,0.0446931148939538,0.181316734545222,0.15200833772223699,0.07541760956912517,0.2502247936627767,0.1635612539315404,0.2709764866292118,0.14791572260604674,0.0038014678803512812,0.08670142296316018,0.02192971883013143,0.07840193486456838,0.3687464031284883,0.18268224153085622,0.012058713439867539,0.06012230873921823,0.07462298544030536,0.07812245729981755,0.2536182533204818,0.07977644212751338,0.07921182298379499,0.12034981371907562,0.15556356852910846,0.26876383872514203,0.1649823194197523,1.8503889502473586e-10,0.031020049710974863,0.018353000930651002,0.2114416693952667,0.0
177,0.06483886010117093,0.06223331922049665,0.12506601486740798,0.012604620730373751,0.08320546464695808,0.0917882160675265,0.00023723963376014837,0.22819110715113555,0.11269304736623625,0.05081285988208439,0.004662501118514328,0.12710887851123567,0.08008445909512092,0.01720473634577043,0.0006465669308633695,0.00527558491166859,0.2259316044706311,0.21028048758365323,0.13933342307184368,0.15142323962510634,0.0018439032584226455,0.02357815035194377,0.23511542294885085,0.1315226211318047,0.06506138725739218,0.11516280990535457,0.2516741963426974,0.06077082106697651,0.013909920247487927,0.018628651991570645,0.17456264969062857,0.06674842540930614,0.34006520513172794,0.2199642799481065,0.06432556576712425,0.0020121103914943613,0.0814562328152308,0.007414749640779759,0.19258656065819324,0.05073016370753737,0.012242930038975402,0.1307373321486987,0.16556281000392936,0.17931932901350411,0.127292668187497,1.0547284174071206e-22,0.011014364880592655,0.016712716858862914,0.3885043706033398,0.0
178,0.1244428039354985,0.1359078132451388,0.17555292220756893,0.08248998137207514,0.3015071692328686,0.04975664083535986,0.04032470846682586,0.2249771330495237,0.10033209718905807,0.028614842709905497,0.04603563897385548,0.31335676877025415,0.13653602981574567,0.016907486762021837,0.0042227315391826425,0.06274786038004876,0.18402029042041596,0.27077202190502436,0.11739821606072576,0.2069781506419371,0.13197290566280515,3.072897210902878e-09,0.02932645405486039,0.09230785714065727,0.16628571205624718,0.01300393711760545,0.2748983616525519,0.08313102138625657,0.00017601895900772944,0.2680743006954082,0.02967699559792251,0.06049122181514615,0.21779460131817788,0.2536221864366175,0.07517921865369999,0.12220330923486894,0.17956375065483685,0.10962751936590343,0.14789200566363706,0.03864722971936195,0.1550579775056301,0.23475372000944267,0.2311394118286765,0.12866713198491486,0.15634378309525648,0.00994357422387603,0.10663386443997418,0.07227639968101533,0.22758561850492223,0.0
179,0.11251773434763827,0.2943038042521811,0.16814737319252474,0.14428274469348495,0.23977526816549785,0.4451270084925832,0.010040528362667438,0.47748614952034657,0.02035400055963777,0.0002972929412765089,0.1167959472366958,0.1951464848285951,0.13207799682661137,0.07607391564892661,8.620855292938532e-07,0.12365540305343717,0.29752688404456196,0.32115090321075984,0.13209177505790387,0.05531460357493022,0.0007668667787255344,2.317118092091615e-05,0.04045738831928392,0.03230477291909843,0.1426994424483412,0.01105769477205796,0.20815452157795306,0.061125605894051166,7.730434290471573e-06,0.08623918200232215,0.0015847475465536477,0.04703886927181531,0.11883595185951412,0.4900488874169987,0.20040168399054512,0.0029915616651894294,0.012209995465728807,0.11632248129829918,0.1060772767010642,0.21184620059010234,0.07024638387088261,0.06740340686438658,0.18687434948130457,0.35404625676162715,0.052063236911334736,0.0014314054836787004,0.03709430234582255,0.06160827952249138,0.18837423134501988,0.0
180,0.038706590234638794,0.027472771101547097,0.25005205426073773,0.06158340681452037,0.0285581952320106,0.11925870714618818,0.03458717613427627,0.17253366585905464,0.1263368895807492,0.044340810378870985,0.053522238218681,0.31824940832597265,0.2515400205893964,4.0166583438284365e-06,0.008025446707298505,0.05457222700843146,0.21373004119309058,0.06031720394516628,0.073717338550282,0.24808385414400302,0.0370412835628999,9.651091072137052e-09,0.053457005013556894,0.049649146490611605,0.07380182973993571,0.05407016473248724,0.2093128977946329,0.1702075175629452,0.00463091014588503,0.012400433144530338,0.0031241281155979786,0.03516491892086367,0.15159010909965218,0.07821256423693854,0.08841759635141024,0.05872838513786399,0.04424765809451154,0.09641998814765848,0.27775554147557585,0.0857122275320791,0.045661768107995056,0.04284966565703284,0.2487227327890151,0.09210929520030818,0.08050280385903347,0.00031245126410085506,0.19591308700972718,0.14638360346580295,0.0345332943221403,0.0
181,0.21492571680129013,0.02479559749753016,0.10114631655147967,0.13551202663331113,0.12864975222987438,0.2923421383316304,0.19024533623784798,0.14783020307198874,0.0824401739382818,2.1045888764572547e-05,0.025285782301193334,0.1269050226719952,0.06522274038382872,0.011174267820537674,0.0035174515483845418,0.01663066927339848,0.0309822282016648,0.1738036450806412,0.12555178352300594,0.21129949781431748,0.012288779387748234,0.011141687730917133,0.1272111647253157,0.13649087816649408,0.12882404638913905,0.07540594043072639,0.13629348709600242,0.1382940947382963,0.024276714928907813,0.12261109075219048,0.008234856256556317,0.08549936176146092,0.1827411732995125,0.051239783375123193,0.17597596964816553,0.0016404324792015158,0.029972878254501237,0.031259426641114404,0.17435019793878695,0.05233650872653955,0.06531201793452517,0.013677614795196226,0.11182646671874925,0.04995639520582827,0.10015467557669093,1.1775380762578936e-06,0.012527952178594768,0.02361217052141895,0.20551483085002184,0.0
182,0.06191649478591535,0.03287122608197351,0.02745857614852383,0.13493016128196167,0.17768774927121653,0.12428657272489174,0.17807423545326975,0.18520221401343057,0.16160408948801716,0.06053205494888058,0.09147244458835607,0.17767500056656546,0.1326545103639639,0.137877437567081,0.0023443164834923967,0.12143755858161107,0.16071158211129105,0.12176715376506755,0.20233478803407703,0.15893857428456076,0.002228401312593563,0.01075424919905422,0.2607250135745029,0.03581784203711685,0.1540617876824673,0.02619194213509075,0.25722579452576305,0.015670578835343882,0.009366069903197534,0.05074395992139506,0.015879080269929374,0.09491631736072266,0.24274924137071446,0.2569063497281945,0.10877847989339232,0.1529512463457012,0.07129822627944804,0.005024467467276825,0.24590333094110947,0.02319494387443231,0.012326672682588111,0.15428812906573244,0.0978916243239544,0.17913175167620862,0.05494861233868142,8.411269221877999e-07,0.04878005840404306,0.14253172235628736,0.12068033002684284,0.0
183,0.14086320501880836,0.2795882775783096,0.07661445263132606,0.01129121144169216,0.23492821330906363,0.26950201651207045,0.007921161866323575,0.2611957109869531,0.08878753416408243,0.03535717151379383,0.05875200332209607,0.07966793719536655,0.2637803366097944,0.0019016287021291851,0.05730347659056415,0.01859878995920349,0.11695174168641224,0.3807455825870136,0.1068008771551925,0.26666036344135957,0.021570229707474405,0.0007863864751663329,0.29874293294196513,0.05604962461246651,0.03901789007790972,0.018484132628087242,0.04012320499625152,0.10343289752068309,0.012954230990740383,0.0600284666924096,0.0059380784155122065,0.08482367867153379,0.14757128037830694,0.07593752867295119,0.09163305872664677,0.0018012120624294207,0.11748847506845077,0.032103158730040396,0.19394477741990493,0.009006882629559879,0.03769427122637619,0.07194803509679448,0.21668637579760058,0.18276542919002595,0.20854707616114887,1.7318899187683106e-05,0.03528408254823772,0.04236802071636077,0.24630212069743995,0.0
184,0.10750735614139299,0.20046884753427288,0.13541378728881706,0.0939174351810523,0.11340475793020792,0.1602105560758644,0.010276885643694708,0.06434940049078841,0.16292767242143805,0.019448497291908694,0.005166234460286093,0.22077694004007237,0.09784982672750227,8.502749673019224e-05,9.528949812183468e-07,0.09059170880025794,0.3121615064970225,0.12320323802917652,0.13978136026459084,0.24639813249883485,0.022308991981102214,0.0013667729646754212,0.04289536923542971,0.07107298584746118,0.21060712342660803,0.0168927269860147,0.1957024152650283,0.1441790321802278,0.02884650421906192,0.01853789845211176,0.01650388083163464,0.09515274776832396,0.03986432974214253,0.10281273550613941,0.0362955987835106,0.018922766448733898,0.006168701586856784,0.06313858001000183,0.0568634649020272,0.013089815763478098,0.02597098788568881,0.07907743387968726,0.1336607180457236,0.2328729318625253,0.4987217912751027,8.170927877172751e-16,0.07543595845228883,0.0017131259580320565,0.08245145207092115,0.0
185,0.11037887570349086,0.02764260030632679,0.14977870568952115,0.04178535725357551,0.10300560106829047,0.11395361177093287,0.024886366736145776,0.026219946813497964,0.13227392275671154,0.0006467365030626928,0.018607412255436866,0.15686331774114237,0.12343926694251314,0.005173167485785039,0.007251335203918844,0.01807120924529975,0.1565421062763094,0.2111619146972553,0.06979879110000967,0.02891131039295318,0.13023371244847573,0.008935100876138712,0.04620433722956601,0.007695572025035572,0.07459132707592869,0.07095635354898881,0.10811901998613374,0.24558071068650494,0.10324589017804785,0.00019031479554660003,0.0020468248516292216,0.21832590056730286,0.17628045116305893,0.1117487448601454,0.13933303462646854,0.023887733137352127,0.12235810077508946,0.034956910765859786,0.17841122736904955,0.06341506481530639,0.05611492362302875,0.08629513898679951,0.18483534854206396,0.046662523311277175,0.08636206850824783,0.00012584331580428238,0.32089532846504226,0.137411676208685,0.19770204245891024,0.0
186,0.09981669119572506,0.055405581529903845,0.05044866939027926,0.05891775912177838,0.11100157615092789,0.12564369805949327,0.08555963615045908,0.0958456339669198,0.11907387469677828,0.015240671817819502,0.0424390290147526,0.28673482384815363,0.14757612149029764,0.003936119111335331,0.028377540707759892,0.16236846507131408,0.32187780705039626,0.2796997424208205,0.19114003520880743,0.1546945722159164,0.15128126890320195,3.7559035917483967e-06,0.1963717499522456,0.15350418461292836,0.13763522129156341,0.010743451382047376,0.2702356238450212,0.13130832782164453,0.05524420903678793,0.2229234376097731,0.002590907977398195,0.05828536628724186,0.3322958501603887,0.11120424077458282,0.22054359679629118,0.07211503182658752,0.08129288880274249,0.11956835124751816,0.3556496861148682,0.11930335086371643,0.005674808654796372,0.057996912576040685,0.03505798169278593,0.1629015874839754,0.11325156699267798,2.6930233597286097e-13,0.063444693869472,0.029838386010477336,0.1706858111217375,0.0
187,0.15872220841262566,0.02788719381877994,0.15512927779711014,0.08624556684624224,0.041314648740850286,0.2621925830941181,0.008691535622484392,0.2408047157402028,0.14080315948525882,0.0793710492435562,0.02280961322483497,0.22126540595116972,0.18511431712441168,0.00022413912614150945,0.0004487642539143536,0.017698233678286997,0.16259024972696456,0.36241064496803754,0.04445192862349848,0.17949762155575824,0.1266149182608694,0.07943059196305578,0.07467489205003199,0.13240294841559336,0.22546300233625602,0.03890440354283711,0.23674995274880697,0.032119382462500054,0.08598995803655007,0.10996706164019596,0.04553718996715944,0.15551826613188788,0.046143313789943304,0.15736355162237714,0.04111564280182533,0.06460833521880043,0.049013075498847695,0.019842846488083894,0.04837926213267367,0.023326562027868734,0.009054681683389411,0.16871227008525322,0.18526151695627463,0.09066066305338288,0.03583246889236044,3.381769654779169e-05,0.11874908792064766,0.03384791158361644,0.053653505695981,0.0
188,0.1904585052600258,0.025090516102564606,0.14103420429542673,0.08264120487453576,0.2101847906157137,0.30173632777255577,0.04506458882266896,0.23576223085468426,0.03996101968962548,0.003310305371241735,0.08358843688837343,0.07907164342439259,0.2128517978967228,0.10228742116710403,0.0001681698947916836,0.06877167398865684,0.23383028763639063,0.20980164336076898,0.1256846091273165,0.2691841170542789,0.026130707140064012,0.003233628744236935,0.09996435383624545,0.04399000800009129,0.09345147924367307,0.00041773700290838745,0.1473965963066117,0.07481597764821143,0.03944594613769907,0.09533737292026684,0.07442310977991096,0.067258806611262,0.23122679896864082,0.10943625352966187,0.17714564372285904,0.0004507219756234969,0.11446959174450351,0.0653330821398959,0.1780373961126035,0.014308456255799218,0.009360250971875664,0.0366553406249963,0.17672739092814138,0.2006433683663899,0.035707979467495425,2.138276679408561e-08,0.06365653689424158,0.023255526772898896,0.2979360357454109,0.0
189,0.0709311005102924,0.1283761246118027,0.13656716988683162,0.11648118190489695,0.13024445693529468,0.209961592243313,0.038536473751770245,0.319340156300515,0.04802552209124171,0.03840983912807385,0.053175221959612634,0.27235728034891427,0.12195852037347779,0.04145214977480218,6.645268877563395e-07,0.0002588128555134139,0.18511794288748104,0.1816122862124323,0.28848821882983294,0.2352164485045138,0.06862247815449138,0.01674491929934048,0.30690257989645564,0.045665307343173936,0.23603841021086544,0.08368702640712053,0.5153889818298157,0.0986525640226793,0.08729590247153604,0.10358941595613894,0.0549243127950319,0.0345654717906614,0.12092911929676327,0.1553526449024098,0.09668151961651111,0.009886337301735226,0.03510300535643013,0.01669342382376063,0.1611152001894232,0.03502086573107019,0.04795106039186947,0.061370947161264996,0.3595884540298769,0.06816717550584324,0.18514187503346438,0.009117878690239858,0.0973600637757569,0.025280359419958345,0.15780931146942623,0.0
190,0.27476564933459774,0.038639736903219014,0.07993969828965637,0.05523777178373409,0.06796606739281019,0.08032356493224985,0.16868431626435643,0.31403286894916244,0.024147938248647555,0.017085391097809273,0.04464334609716807,0.27205767834723676,0.16904971006047964,0.0073320077213496464,0.0007508405079388829,0.027299484475661693,0.23872170140929694,0.3455799403823941,0.054314501283161766,0.08532488034891832,0.0009641878040644523,0.0011069842044633597,0.054429437216946326,0.05119932897663235,0.03765551942775494,0.04392266267402874,0.15763827357382365,0.041067943724524096,0.013534393205323915,0.05487573243414566,0.050103751902635156,0.08794686247419047,0.09987847655589566,0.17735965421962582,0.1788010205446309,0.0361499588132814,0.07838230021891719,0.05848708251039724,0.051961972315215946,0.3271952820587285,0.11851799895507346,0.026684222889046177,0.07834027964181993,0.04617676197970474,0.1966478924450868,7.197908893714114e-19,0.03311661983213047,0.08380682298543567,0.08809658260668529,0.0
191,0.044357799381746166,0.17323618870736937,0.18778401587926488,0.061825743724846755,0.0843991283222693,0.26226609769053755,0.03534512213764143,0.17953456517542538,0.28597659227807415,0.001481675154308388,0.0038936833133828993,0.06345112986294607,0.24792428475426553,0.01695915912794399,0.034704062648881887,0.10374195779804873,0.22673828361465578,0.29265874179995466,0.11734226547848625,0.1732836628371873,0.06185527217054637,0.0023001190337272204,0.24857997656605602,0.08696720526961593,0.0680414211585114,0.022639663841860145,0.09012297696118111,0.1880185237401855,0.006768480236569245,0.13038387967609344,0.005834988912871696,0.014492788043304698,0.2690128960223934,0.21575711209205428,0.14862503935982166,0.022183337496115462,0.08911346981790884,0.17535746839381303,0.21018052126514192,0.0974591141509827,0.05579918090639543,0.06273453884022402,0.27321658725472187,0.05404010986037684,0.2172212291426,2.3753668899782144e-06,0.12408582131765503,0.05292426860780751,0.1500216126860879,0.0
192,0.0857051311930894,0.04930545962935696,0.19965160464951934,0.1612757221933962,0.2014615170080771,0.0794347771412979,0.015565453197599402,0.4933263805313558,0.16161985354538594,5.890591244849561e-05,0.05940714677822939,0.07975893034177146,0.07369460159439521,7.549367224788255e-05,0.00012627832116763135,0.033332484689015604,0.4811874338247907,0.18504198187048843,0.06939938889200506,0.1586843859281662,0.16393266915728433,7.740463141133105e-05,0.1637132833341485,0.013152439380280429,0.3368472496129875,0.025846975843794702,0.19438212934893742,0.11967161834740346,0.02263217044844805,0.09864556351038359,4.0811348742971715e-05,0.12777066825642186,0.34452539036516217,0.1453245553943001,0.13459755496575485,0.0040923616275692735,0.07986676926778087,0.05705195619474264,0.30487472596959864,0.004127136850366803,0.033058142790601895,0.13836073725296938,0.10479643683109045,0.33208066675434855,0.0744525073601021,3.1755303571037884e-19,0.017754597489606692,0.02490872554922621,0.5227702688733061,0.0
193,0.26510184977070556,0.01109714015785564,0.06036230594500919,0.23375645536241144,0.10122187476268066,0.04880458382228819,0.008070676945206086,0.12902076529314435,0.2345842801709032,0.043906023070446644,0.04672708828886988,0.1116688299132452,0.12785813451599262,0.00682769641487165,0.034607951843281345,0.10983495028769444,0.18951247470628207,0.09965419202559597,0.020762714217993333,0.24636643760476085,0.025948534099001174,1.415584397149807e-05,0.10765369377532517,0.015521792595261498,0.019087412516056966,0.0008454471918808914,0.23752665521303878,0.06780191173884954,0.009344898473553964,0.08320572728733297,0.1999277910327483,0.0800585824589765,0.1823415057538156,0.10200792057995064,0.2615939710871074,0.008237104543847074,0.10164983635059356,0.09457514358006501,0.08775489569114689,0.08882837039288095,0.14532743390506528,0.04023664417688381,0.2558546904608513,0.10929676293256457,0.08242551491934502,0.019723284859978818,0.11584932647153999,0.015564825252833163,0.11571439665960463,0.0
194,0.06600450683031353,0.11373839706211421,0.08378949144341334,0.1968600340812413,0.24338298608659326,0.03586078346698796,0.01930862990696809,0.18830094322962,0.21006284695236357,0.008632422163008364,0.06551989063766092,0.14472037126023704,0.07050722297566686,0.05710424607313776,0.002341371353920681,0.011072090116715226,0.3140672528462824,0.21954392564932268,0.1579744748881161,0.21413929016703537,0.003166168538043038,0.003755742119683341,0.13512534646462862,0.0585086270491708,0.16679683143927448,0.10904006292500142,0.20541971925642272,0.10433063768182814,0.01256267781778391,0.18122776818472017,0.053534549648061786,0.06770966324592294,0.09423025634541497,0.10151924511817287,0.22770224319421734,0.1446497152165832,0.24328254954453868,0.014670606677790809,0.4153541781720166,0.003727503547545246,0.07720153600436913,0.10533202805164353,0.348403743389203,0.1482333796698911,0.2478230184052944,0.0014714605424146101,0.09578449711578238,0.06313172901020403,0.09909808616476204,0.0
195,0.1979593560997307,0.03713733367551716,0.30459318701615856,0.0867480670656197,0.043000474120312285,0.04614036343249279,0.09652883244467288,0.3811832592071944,0.02220767322231878,0.009528163027123995,0.06387561437159522,0.11502525135995174,0.1669474425886855,0.01313915550581589,0.0049112942760841,0.016986249565325646,0.33939157718919605,0.2946741145766163,0.09645696426927465,0.22860284771722078,0.01592194592780295,8.660168490492651e-07,0.1950344016963836,0.08177498990291984,0.06981059413144156,0.07087442244794841,0.21292572229174114,0.15450458104543294,0.0020463207835116626,0.13212595416624792,0.00581484837280184,0.05184497857852614,0.37249410234525393,0.0660575791001499,0.022903704334192063,0.0005201392799608685,0.03894561033325336,0.0307286953609219,0.02195786547811199,0.1866147507380533,0.11350332809749886,0.03304489234198737,0.11451333971959335,0.2979724016021047,0.13284334182182456,5.604832595516321e-09,0.16253264455000427,0.07087515192367733,0.28219029769744514,0.0
196,0.03968700272921999,0.013458171306039065,0.3157722013976593,0.043807385765183525,0.12390295627011635,0.10306079478089407,0.13958419072780076,0.1699420614799889,0.23276792552635725,0.0022414912692087408,0.17350739248183022,0.3484361875409237,0.16867636922302956,0.01976360440633675,0.012680924781228729,0.010543697820359672,0.16717775653019332,0.27631452302128634,0.082283190048324,0.14564440128244585,0.1991659351402013,0.009830712620527812,0.1994560302966565,0.09376390378561826,0.19540159132595822,0.020176757881616783,0.11004642653876726,0.09461690432930843,0.04769582939484863,0.12430321417015543,0.02189430952876805,0.2504060318994536,0.09859618703922167,0.24901809867496014,0.02630114754876046,0.09677508570791145,0.09858796076208465,0.011254084135565034,0.08432509342374622,0.022753267196276003,0.14091689119462925,0.12008105493699439,0.11606845990422494,0.11006115830865935,0.20568619277013922,0.005410783465918097,0.01016985743833095,0.18752860424078688,0.25633988648586326,0.0
197,0.16182616350713722,0.07849979503816328,0.2796901707153522,0.08831132201649994,0.03863168044518259,0.17286023700693712,0.0046611753634730226,0.2066400663010962,0.06742651966320867,3.611066447078618e-05,0.09627707941541806,0.07867543418565855,0.17841587516397872,0.006678921336708167,0.0015421950120589891,0.11735043760360978,0.30441475806065627,0.2201072680821552,0.0946027336036778,0.036870287765172684,0.03961884175793265,0.0002334802162727754,0.3659571933691989,0.05141249952645291,0.04727042774538216,0.012011123097734618,0.14466015059341014,0.14579332583969873,0.00411279720999056,0.1725962477459111,0.021166227411214628,0.16283133953492004,0.26829278458425976,0.0765507792270919,0.028023112989942964,0.003853608551185597,0.21255751195611441,0.12987854178104918,0.15272644707660907,0.03674232045280663,0.10655356409429542,0.19034778210921557,0.32349674962963854,0.12333807292160048,0.24448334555062998,1.176106049065475e-09,0.010788782897794039,0.015824233863667637,0.24668059049130736,0.0
198,0.15207729597454517,0.11795640509383142,0.15717730804053773,0.07450171084849183,0.09649419721954425,0.31806389796609175,0.1950520046327554,0.0642276633288878,0.064105621461873,0.0002341297891657384,0.00840057728361311,0.2214343348722175,0.12481240968706084,0.0449017692146298,0.0001251971408954573,0.023105780775492916,0.18951407005528603,0.16814515532887966,0.06211917766650964,0.1544036780494104,0.014105241619428423,0.0010223353433644836,0.12896103554710958,0.10873363037527067,0.13645482993455355,0.0016362618668001034,0.37554541704285893,0.10938524944261145,0.01952025605936715,0.22411179761283262,0.02222092544448508,0.02110310902705059,0.2734589132122753,0.24436438413711592,0.17909533690221813,0.024060608882948,0.055619043632754474,0.029290329487338035,0.17279103000891996,0.13435026409344117,0.02491463569902659,0.07030447636029823,0.12367291265718064,0.061775828053995584,0.25748432226920237,3.8873720691896983e-14,0.15822724032794094,0.005341455949650924,0.22639773227144194,0.0
199,0.03173217660923111,0.15816155016077965,0.24399146706760277,0.12832798295258005,0.14448556608226515,0.19397493350345038,0.07906035431219224,0.1525168901586705,0.19461260331928976,0.006222312811436985,0.024887947682681193,0.10349040952958845,0.37854615242007367,9.868318858235184e-06,0.0029365332005325644,0.01655213845360974,0.12721158438984081,0.060757113540029134,0.04688837942297216,0.23084465629543602,0.031767030486102896,1.349122963489271e-08,0.13200474258906025,0.0962285391895964,0.07995827411013802,0.036412996116374476,0.19102391012357528,0.07702804086998107,0.0299500411637651,0.11955214213932082,0.034502142890827175,0.16986088296214757,0.04885586122483179,0.1971831526257136,0.1787111015265428,0.006748184162375229,0.07124701013025603,0.03349749835079529,0.07816936336009181,0.09362898954920783,0.07066873665526174,0.0946101899535874,0.12992013006793685,0.11904513412280948,0.049286734927416545,2.578256622506622e-13,0.06346883606088198,0.05642250348029074,0.2556811529642282,0.0
200,0.2421436028095788,0.08943728991543594,0.09726215919196399,0.1786065426734013,0.17245826901041444,0.19688394061353218,0.0029616592543150254,0.08440025817683366,0.07958816380289224,0.03749771046639069,0.036328067235195376,0.2225751926709499,0.026574951730922936,0.028006157260252774,0.003785558608973389,0.017357567240994444,0.5262993060533419,0.2967819405835404,0.08082754079387114,0.09535724440106882,0.005431746011290975,0.05117601524924159,0.14849362940903493,0.10196873073503057,0.13115574320032272,0.003112457513267337,0.15429423150744856,0.062009310466658925,0.059987790759954876,0.11390304768382835,0.0552150815842221,0.004998050697038377,0.05008978305098043,0.16287823166411022,0.056633322675673455,0.03936960422773027,0.12091534859872971,0.1622199153026318,0.23817992601676385,0.03452530024230573,0.032058948135247775,0.01421607759897226,0.24736477242375524,0.19435629458496875,0.19651927155809706,1.995385418942835e-07,0.05402826500702247,0.10687460596588513,0.17111583197009891,0.0
201,0.11209886899487921,0.19303213037260886,0.13123785640317964,0.037435968017180084,0.1698359285788942,0.043680502766542346,0.07799109979184228,0.24651883656205692,0.08966354159826447,0.03534890237173914,0.21486036506507877,0.05418954747088217,0.16257405771342842,0.010261466582405857,0.0002760637233084809,0.02837957399955029,0.13828192116906185,0.1902216760166077,0.21498249290328972,0.25398411564529433,0.005239731855147747,0.04206836387598615,0.17434579265857045,0.139743659141047,0.06626884612540508,0.02556742616771327,0.12845041629800805,0.05884329618030471,0.11352555343646775,0.24546098417305434,0.00017358185821202222,0.08355623325623192,0.10995523631616426,0.3674376889028313,0.13845060870050338,0.0223908737908571,0.06166002206122372,0.03976088622072608,0.2277488849867221,0.13839717454074915,0.22527055560855325,0.12026795971824404,0.20497164679924132,0.09792738942211449,0.24923372044135186,2.0637659467957664e-10,0.18022628736732751,0.024420467690382853,0.2243150405639607,0.0
202,0.23558888997379784,0.10565181338137691,0.16654941451591368,0.04400550207564321,0.07292139589098015,0.25035562213846674,0.16430771857090395,0.2119896997142437,0.0475693207019845,0.07640285212281533,0.05955419037201566,0.16220505877701413,0.16175272637633142,0.003832215482940947,0.0006503567559875415,0.07126146650513888,0.13670987928485562,0.11356612557834338,0.028003198705788043,0.1424758785080967,0.006971835627913183,4.247225620673708e-05,0.051483094733376464,0.07811429195522983,0.1811591994051329,0.0031988295240409363,0.25231957681675893,0.13517589853490738,0.03840979320811687,0.2648948649035098,0.0028715859197466736,0.18961894801748627,0.21696778666753816,0.4301995194982255,0.37020645667522867,0.001986689123226543,0.14057905364729328,0.10323748743164082,0.042255075407986786,0.01977911545817904,0.09891899773833639,0.018123944131268437,0.18409633505859052,0.188649810127295,0.14698614716117545,0.009341010446087247,0.14603462724088567,0.07703315232994833,0.19590119275487078,0.0
203,0.15389760298682825,0.20235518341983016,0.28036278984884777,0.08010082356384751,0.09272206935310567,0.2335447756504173,0.11302611838042906,0.23475249740133478,0.09725916555791503,0.02344031933845964,0.022304734633975278,0.327038882179066,0.14368283444482316,0.0379596041300497,0.12699339699264897,0.10662918441290771,0.25846394288075714,0.20253345957196384,0.13402187806868787,0.1863909339008934,3.376843939918115e-05,0.01030357587254014,0.15013157641083608,0.011324177483515961,0.14356056107091533,0.0014880481251042241,0.18871046953854081,0.18257113609549366,0.02873544853224651,0.0736716663273762,0.015131289393736425,0.042986345190705474,0.07681840964305436,0.21910543234825067,0.19881538790245776,0.10392322380991675,0.021217437167812707,0.1297695287967603,0.01597991612494875,0.21016361030003636,0.34566778993221,0.11315945293379766,0.3547592109135589,0.09705723263600054,0.3464741012330908,8.850053633065622e-09,0.18746092677803666,0.10870627733468875,0.14037010988706108,0.0
204,0.045834341554010984,0.05943451810920309,0.07836282853368405,0.085625656372695,0.06408161959657879,0.22664006609226453,0.021806551455891738,0.38467475487051506,0.018553960193206265,0.0023628185096010155,0.08278899842772258,0.1413621799005885,0.21475188807386594,4.481126281717512e-08,5.271994488299956e-08,0.08800718084440094,0.11414767641295591,0.15345506898890854,0.11638665486439423,0.13318994695239242,0.04424731141781476,8.252030087571486e-08,0.13576225882784576,0.04018278460352225,0.0929019586541329,0.13406601883749222,0.09389612185615548,0.11529465601769878,0.010243062877707924,0.11613314957403059,0.006499748048221578,0.18670698971026678,0.18637528131899148,0.06059703945516705,0.21689175780873757,0.08705797415367629,0.031101675132845424,0.018373377283112658,0.18747898489586956,0.025176342402159428,0.049875354453681124,0.013641411053129677,0.25646223738049484,0.12819248840351702,0.2724874948661099,4.852835233341562e-06,0.027465382745911603,0.047100179415962944,0.16276253010901834,0.0
205,0.04154758320022191,0.17186739844834661,0.15971143487550898,0.13207940166291007,0.19234472021519242,0.15871493823338792,0.02611384068990319,0.21983517958603965,0.03536333517420762,0.00032796522975018914,0.0440596778866977,0.04944027567643642,0.1543423894843215,6.704025538255801e-07,0.011811122406602948,0.015696507339298796,0.3017341354674519,0.31388082820011926,0.03340513302846472,0.0782305276584555,0.0025133743099864034,0.03127435582764734,0.11602032927818565,0.07522505586723427,0.18979639631939263,0.13162341478590817,0.05612035355115105,0.2706800142371946,0.0246539109465144,0.1329422286629551,0.011053667075528332,0.3378813378838019,0.11546179793014036,0.05295237388610023,0.05309813897417805,0.057068465033804784,0.09669601682809885,0.03750405249750269,0.19544337265125322,0.013777556167043748,0.10207142513551067,0.05001702310339884,0.17390330801809323,0.07883720819694869,0.1297129843365195,7.3769289228644845e-06,0.10925078069028861,0.0064437304009006355,0.11072348757360946,0.0
206,0.2296582308442518,0.04696143671778951,0.048965099173527975,0.028246589208522063,0.092855726542869,0.1659563101325241,0.0928568281474174,0.19673805761118332,0.015142996290208294,0.02348352048672228,0.0032390702995334884,0.17714839034770974,0.11318591343025211,0.01660547733992726,0.06310369186796336,0.03112927925627823,0.2112378245323665,0.12745907841915224,0.09222930062645886,0.10082253802779811,0.19077641665179568,0.005959494118534777,0.21978479784219562,0.10400482769410371,0.22126913865668998,0.00220883472374869,0.167890367625336,0.03405034038452467,0.02653672660107653,0.019124563960513135,0.11274827417210016,0.04294004677509323,0.07976183943344162,0.12704213524688968,0.034506187668354234,0.0413813281706873,0.03629658857781324,0.1489558251549973,0.1657066407810443,0.059114926956122166,0.11058561912359764,0.3415887443539041,0.19476255756369032,0.22218847531262176,0.2250604073559117,8.855103301755848e-05,0.1464167448035835,0.0120228828376315,0.17511992947990382,0.0
207,0.12706126765937562,0.13006478555041107,0.07597867037452545,0.07828295292233517,0.2748879817820216,0.11520858666430067,0.07703188889296332,0.10676220924026796,0.10957556203924508,0.008119211397218017,0.021474527569811202,0.23747084802547117,0.11333377131030709,0.0623044558506864,0.00015167964559719565,0.0014792209175094123,0.09617096004924976,0.13823482187939423,0.060572251798774415,0.11152935551621923,0.0030644081162161385,0.031086682608873373,0.18022125854013488,0.06009234987457067,0.13865686149233905,0.0057537008765137,0.24919206838607616,0.256571380177912,0.061210869050230536,0.22267266422679224,0.0532876885220538,0.24706942887457528,0.2034632224109568,0.27191985079488545,0.2113614889587484,0.029883395439719476,0.013190977622999953,0.03254906151868972,0.1400314804431751,0.13908212554186308,0.08475606790817379,0.09046596279743596,0.22418358717871942,0.20204317692452986,0.11255527411856073,0.0014028460838429668,0.02990683960806205,0.004909039628491831,0.27398556406403135,0.0
208,0.10228490148846349,0.09374522057291935,0.058327954608158636,0.0468110296983225,0.31740887728908357,0.15075101431626314,0.06609903466128132,0.21169107430700124,0.17557045632809284,0.01101055101526205,0.1798251517741109,0.2848534567363072,0.18016208445874632,0.018110721514621342,0.07746852450753267,0.10765299487251188,0.2191537411713553,0.09802158039096703,0.10625690939005086,0.12915112073139057,0.0007005493387924294,0.0036878152289665754,0.084555603491741,0.06805580512668619,0.18702690153594484,0.038886641923489194,0.5691683806088551,0.07754054584733927,0.078143448505458,0.032009028947858745,0.005314351911793876,0.060127647869023505,0.23595204995898494,0.16671791915790546,0.07724682338933579,0.001382802711635659,0.11445816341297746,0.22852983681441255,0.08808133073080056,0.0007385077028607535,0.0081185761869945,0.14656583586266486,0.09535276414758075,0.08787804532751077,0.08435841947663353,1.1758926700097182e-07,0.13847668024364668,0.10219785802268065,0.22604126751213524,0.0
209,0.10634023226983046,0.10887522368836856,0.12063125411134973,0.21907294468506333,0.07651959920914345,0.32422577450042467,0.02456642536345545,0.2447275124606435,0.06878644308407478,0.024428902411604107,0.027144534443274054,0.1538444403069965,0.31865896565327123,0.009921924977139677,0.009372386010793243,0.033645896769804694,0.15592458317901517,0.1082048859805987,0.11903134647932048,0.15619976530504262,0.064637343299798,0.021978186296855454,0.01329879892202929,0.20217464073839594,0.14076317133209199,0.1561164301293679,0.026262186575367875,0.1003460182586438,0.007575457685834447,0.13027561728751988,0.08626217413384232,0.12537396600608983,0.18213192195541614,0.07787804409159926,0.31430855260895224,0.012183379269785514,0.052161642690892795,0.059433768311168866,0.14244736735331895,0.042941867581395884,0.014828820993238309,0.1147924881195633,0.1278849873918,0.2488130499831157,0.05942564845105687,0.005142260597879879,0.07241572918291438,0.0012831178405189314,0.11117801830013281,0.0
210,0.2232473650593058,0.06658285860317,0.31976909663792613,0.11762464074221635,0.19048170925779354,0.07377054145080177,0.02022178264211841,0.13362460812677662,0.16831445672479672,0.028238851461255064,0.03435358800112833,0.0689304172774941,0.0654389355955067,0.02479676949923058,2.5350141838930874e-09,0.0096891874615092,0.21787598711138995,0.0784738769371592,0.07815271175128043,0.15028766069259877,0.08025035387318638,5.853115241820522e-05,0.17964827959834134,0.04739503815741306,0.17315638015369791,0.042081132248997975,0.31360545803752826,0.05766136123876072,0.04279905255985667,0.028726140128666408,0.017480280784569122,0.091797438161122,0.1143050467699844,0.13000717619999624,0.06315277523729718,0.07593562773682236,0.021035894651913987,0.08273689862519222,0.1352743331888784,0.08499743351134512,0.12148728469322666,0.15787879842345034,0.19450126675582577,0.16818008682286667,0.18174282241385364,0.0010011679261527975,0.07603093719827544,0.11587501608683862,0.18939451581385908,0.0
211,0.015682888183248072,0.031280219622800955,0.2179593485691965,0.04876971106932242,0.26041138483060466,0.14423691643008704,0.007124464195064597,0.2904407717217693,0.07361885599912468,0.024035987715758145,0.05040122804783547,0.10326439961722707,0.03748391863453693,0.0026288863495512013,2.8773800261334168e-08,0.07491413516628946,0.09088732673590454,0.13880795460198112,0.06934779005511,0.18568530469673802,0.038316693797635304,0.025357296818015018,0.10148164727136239,0.10346918437629306,0.07062527597457617,0.005915903498935999,0.40625913385590345,0.07541233253815229,0.08761400234791784,0.09624162930853102,0.020690203415087805,0.022738729382828903,0.26005014930962417,0.1039677606365196,0.11983967890241455,0.0006526152248893574,0.023902082915946723,0.0389748788911529,0.2294053460766431,0.08177518497071362,0.05769423482096215,0.033324367134447336,0.10548907512673858,0.10137323094717535,0.06936665592266376,1.7062691615047015e-05,0.04675824065548319,0.1225206494054807,0.5004812261542676,0.0
212,0.08328718534165101,0.12931918138036522,0.12690563333067686,0.17324037080463067,0.3316887090282474,0.14771346619844475,0.09689082625691642,0.14136568426101628,0.008350670572568523,7.987638854676447e-05,0.042005494531199804,0.01699022414551819,0.12403504680998738,0.012864230414717794,0.0045019964721773635,0.006115706554361568,0.1376668201755584,0.14827267393817278,0.1595907138037662,0.24205632117205564,0.02379885036319643,4.010475988746398e-05,0.057645205261699375,0.19391058923560286,0.08468299102660133,0.11210813526165665,0.0814748866106048,0.3956375987069953,0.005183464740718138,0.11336784829269916,0.14893372050220835,0.17972603914326638,0.11448990202589637,0.03484982260822056,0.1799947933135702,0.006745471603202227,0.12916131750230972,0.027557070544184867,0.1199519398046518,0.08810476635722786,0.19370892151106245,0.145845880609408,0.27425446470915066,0.18403679617240304,0.07987168859710789,0.11332879269777209,0.02470811438307656,0.005132036467562022,0.2298078222684835,0.0
213,0.04786749559375886,0.12097717563258044,0.02629451337176547,0.026611891571163965,0.1783894717344669,0.048382844724272484,0.1705580936643803,0.28297722311554857,0.18943241855532503,0.0058363700331580904,0.02622482843434995,0.15086138115883324,0.1413573994116482,0.07161248762382248,0.0020183487298609036,0.008303543730025878,0.3814295384254443,0.06648033937399571,0.05444148055512886,0.1552189221063252,0.049172286126046676,2.305546422667939e-09,0.11869778966911809,0.10028015378907376,0.05265793489686668,0.02671142555474492,0.1706224246423011,0.07843596415291083,0.00287978535475693,0.082560021979406,0.03429759351650957,0.07057155698194138,0.2706594206286583,0.2511694440259839,0.10895984510643633,0.01442798423628776,0.02747127129728586,0.11220346189556435,0.25226751084555427,0.15896264111774527,0.08281880415302327,0.07944742188467162,0.09790714999438226,0.09174888803226217,0.06471744544061553,0.0002987307582566876,0.06656818045721953,0.054014118973260576,0.2012951271026275,0.0
214,0.24740890579524072,0.22677697976041888,0.05577673526376064,0.047503628071692706,0.25430873651951036,0.23367451640212203,0.010261080936669205,0.21107839908490197,0.04403004766701643,0.027969130560599246,0.04478143113999898,0.09572244671844522,0.27916000784871836,0.0002618342019435271,0.06598928606314051,0.025013807649260537,0.24485441977846562,0.12004440667518416,0.23258171028103247,0.218828001829717,0.029692949126203308,0.008489981544832482,0.18265756445676842,0.10001518977729738,0.06185572006883576,0.016503524983980212,0.2182315493813153,0.22005283389621705,0.05388053113348104,0.18292968841457388,0.015292546778820623,0.08202490540100217,0.26622944812586863,0.014665596812231625,0.14380222853278135,0.0046235750640939745,0.3284278771554314,0.055315338770271526,0.2521854999432795,0.011184385995394832,0.006494180981840357,0.11355356289982661,0.18842206337773426,0.27420294053401784,0.29989870965238347,0.08584998308568885,0.12329823511482056,0.1104421566657923,0.22289269794929142,0.0
215,0.1926092217494585,0.1736538336979365,0.24955197069669732,0.19425120024587014,0.09953689369185892,0.207024033982774,0.0005619201031147187,0.18346099826943887,0.134412258339157,0.008831314927032305,0.061560941635557864,0.15295362174681096,0.4651547767648608,0.014928274215372628,0.022717938817606056,0.015894143306346305,0.07265494851517543,0.14688169611074944,0.21222458657805626,0.3160068052709533,0.08239118812457535,0.037099312624674925,0.06707017303271437,0.08117963341552181,0.29684487084822564,0.051327892418565065,0.14161938856927347,0.08305478936317597,0.0023865618180885237,0.23285194219864666,0.03421996791494199,0.02254426395225415,0.2681656108648824,0.1858531661839631,0.29332339800683166,0.05944861577790096,0.11230704752704368,0.054321838714635896,0.239289722075431,0.005854820355677017,0.01889350413474493,0.10858002918632303,0.026696049319197147,0.10057647560719889,0.20159521635973937,1.0135069242579927e-07,0.07721845970557713,0.0003714731738799107,0.04386170502472198,0.0
216,0.15258963896364633,0.06570606224995307,0.10858615170561606,0.1399044731462063,0.23546924905154118,0.11583999179852998,0.037570163316895125,0.37899654940057287,0.06608878588201421,0.031841098869855713,0.00553812093790071,0.0645557502088429,0.09678778198526117,0.007180775030248426,0.021774972427234106,0.11796965021376543,0.12221085477779377,0.2636942842142582,0.16268333559842368,0.03719931157875162,0.0965351722656553,0.003343767952979097,0.11493620546440778,0.03179260889583932,0.028505579293524905,0.008667002846282605,0.1341062417126624,0.07068749385651939,0.015712285025490085,0.05434205465111367,0.006596994856766776,0.06804746264808592,0.1608666906461871,0.25015064682768084,0.0911364591400028,0.008249546328181001,0.14816806730037277,0.028822187212813093,0.247595743623637,0.04109070788166807,0.04671899367682155,0.19682032328771923,0.2848511158486717,0.10627810875830558,0.17777420100893127,1.0719552518726852e-06,0.12464616908482641,0.13674097767080487,0.08655307341887017,0.0
217,0.11411348657734513,0.12618353281571953,0.16767118678775358,0.10783993229943525,0.010093305404418405,0.20298191822165945,0.005819643867862975,0.4096174246653429,0.11234617386697798,0.001869961592315953,0.07319279996402331,0.29645986321021794,0.39175705605813815,0.008555976452713974,0.024054586648668153,0.0733204703386559,0.15534242252550057,0.10453441888404315,0.05951734923811595,0.15004854391335523,0.0048463440954370956,6.45262773435557e-05,0.19339174659080788,0.07296438678062615,0.058339797542695276,0.0024863907239295827,0.20943107760685742,0.24110788745036751,0.016513536852291552,0.016860061100740616,0.0777668117721606,0.03668288021584685,0.04851003108559352,0.1454130298385378,0.06988158302653161,0.013190568044384161,0.08984401992663593,0.1553667722231831,0.06144480292763857,0.02157654712741787,0.2107568796369807,0.10810690275515282,0.2946694725658747,0.044891471728526845,0.2834525322110302,0.0008244856207329876,0.020484207506467966,0.018161233796453822,0.08648790668155358,0.0
218,0.08467382302214116,0.08752581486940932,0.1753257054253696,0.30095148248876197,0.08857993455841094,0.12904048277868232,0.10396889738684859,0.09572553752966884,0.17515351488240127,0.0012962565709318686,0.0231680580582375,0.10892248603365111,0.0701063042057474,0.00017109968594433057,0.048906461863074464,0.05512171430878297,0.2551116216188941,0.3050513977387647,0.08195371309434367,0.1673788809387877,1.0396694180076811e-05,0.00530995240103786,0.07886212180189707,0.33391301722584005,0.01791194301302667,0.0007279043257151571,0.5259238178358954,0.0655245841360002,0.015147251288239651,0.13641070533295005,0.0315804712329698,0.22857126031736477,0.4726857485667015,0.07660375487357099,0.03571254561248023,0.02483415713517944,0.18802282337546425,0.023511497268121906,0.11577565347531482,0.02437243942208527,0.11175588356070629,0.24918950072420276,0.256996699418532,0.13394644767576672,0.09054549467946728,4.322004652518388e-06,0.09962232580472778,0.02807852055103793,0.23451709814101251,0.0
219,0.04123419355050109,0.13425409380773282,0.12229382964334215,0.05666262018984605,0.07890092921463326,0.09845364613415525,0.02754012100667797,0.2001816811382636,0.1189933614310908,0.00131472784036504,0.001196642003915484,0.0985440908380733,0.14323434659641654,0.006405264231060337,0.002155075711106697,0.028789303291731724,0.2504404221252047,0.08401656186017703,0.08766428912565369,0.05729734980680829,0.061362339412290794,0.024420472627694843,0.14400316491608117,0.06904073866340134,0.0445533292134935,0.006238261770193941,0.1165190545750811,0.10959216048703048,0.013855392812737236,0.06047605602819758,0.011807599621637166,0.32707413758026227,0.15652159639519456,0.07195172625807347,0.2163412806798909,0.0019758501582214784,0.025721066171541265,0.028252527809308536,0.15134664272584883,0.027749259272078646,0.07207111832185216,0.12183799832014801,0.21974400263968705,0.24046813465985153,0.16677591788702797,0.0030523306003322455,0.1711807886713817,0.025502445896892177,0.17873788863168472,0.0
220,0.24244422151432635,0.30557755521066526,0.15559145704947616,0.1141403109900957,0.09783470457453572,0.17471819169338845,0.0953769285098693,0.13643637954830048,0.19835986035964068,0.008994784551305132,0.10444367585346018,0.12675855483590084,0.08842705196638188,2.723387125021882e-05,0.008495711649114869,0.027199951867750337,0.13031460956571905,0.2789012628343967,0.08067197082853406,0.05451279149144433,0.00041028214393137305,0.0008114398817453333,0.07413866895197506,0.08527448827681086,0.09998206925203801,0.021199207960553156,0.14146368557527686,0.0903877574416594,0.011013742365562604,0.09627523545275254,0.035645280776714604,0.014766879085024933,0.24945286597834748,0.2710097149687779,0.04346967902741631,0.03478597325876681,0.12226450923404572,0.07160316948904774,0.1456499548179759,0.09222693374239305,0.028207805085693594,0.022088715920466333,0.29819848079826056,0.31770688013175397,0.11098520822511765,4.105975459227227e-08,0.05063712554930582,0.0827451660461516,0.1609131084072964,0.0
221,0.02613652796815171,0.01418101233955664,0.38331265869906594,0.02750766385500225,0.1378604487544746,0.18654333344435844,0.06845823806838235,0.07763047333965449,0.04383789369583389,0.00024517727959497826,0.2200516997261264,0.042860065049568644,0.2324652562650068,0.03427584975718613,5.887554995848562e-13,0.2293141200594765,0.19991712753407925,0.13079221590810838,0.16624060980586522,0.1208227223211046,0.003234353407247357,0.0029107001916755713,0.14684789043221683,0.04029040335743113,0.01709273111362026,0.045986424135716276,0.1046157962664013,0.1301783412425272,0.03982957930884396,0.09797168020764692,0.05896185337782685,0.07963711074381492,0.0824910424623191,0.36459338145760956,0.05186831620694886,0.35679844254560056,0.07946113391247223,0.055497369814836876,0.17676525543424543,0.23111271343640466,0.03395161056039403,0.09178086411203847,0.07248333194051736,0.10618599285769859,0.1723255366374943,2.927123421351776e-05,0.11065317370768869,0.029618926251759534,0.1623542943183185,0.0
222,0.158111929424851,0.03680545081100996,0.26989183756757257,0.09744067727195074,0.10756021453354234,0.3145631236291886,0.05673299056717333,0.1604845019575634,0.09913354522250832,0.0019403742922369897,0.012505660985864583,0.3245275521475777,0.10998507816865792,0.02859349774792942,0.0003125706697749124,0.11811594778209712,0.12695183239093455,0.5340536019297295,0.06315544484349771,0.07839622330034286,0.08074494746516137,0.0001892276389794461,0.0913065930516045,0.06955851068642634,0.10717168628042995,0.04492948738644978,0.17415420168704243,0.07160559968810727,0.013645115464713873,0.24869738425808127,0.020178740254495328,0.08665093212417094,0.10138412803221061,0.13822228132042486,0.09569443674147095,0.020833236068239083,0.1538682742123467,0.009570352748923627,0.12723631722980142,0.008877554757631906,0.056102487289462814,0.18079473886651357,0.13106419826669063,0.055269011470440436,0.3523324726156457,9.689357089882039e-23,0.2792640801758227,0.02142552762944405,0.1502956884292227,0.0
223,0.13508798009907402,0.060812533887925097,0.12491625093047093,0.034892235217774244,0.047951421086074676,0.2170195269677241,0.01666315557079459,0.1799516758818274,0.14006976193039256,0.009223934753995683,0.04605499129335421,0.32509467712562534,0.43183526391943966,0.0008095874374842366,4.749909354354979e-05,0.06283567455772596,0.14545549955839873,0.1015619918181796,0.1200168786955316,0.18347574689387353,0.011871702276329119,0.004635336872202071,0.07889035614792497,0.13200951464945326,0.15597611076294565,0.015063758442738323,0.11344669101699868,0.1409937463997585,0.035736404168716915,0.08418733654044153,0.0575057940649406,0.09208236433439042,0.026942541800018326,0.07957973921737209,0.22547566445591602,0.0037142944205083082,0.07263397499493429,0.046997941675829095,0.08280360875790456,0.007787012194788983,0.05261172579679997,0.12433431740647492,0.16345503633541814,0.2870957551088188,0.3059756831858546,0.0004991264262460577,0.01464966067237053,0.08945975519798453,0.3030872357410984,0.0
224,0.06483013425628019,0.029266245349835466,0.17012810760925964,0.270311171718418,0.1460876513204404,0.12995490318768568,0.006796074576325237,0.19432049619479647,0.21312247781787205,0.005193586539875572,0.007107858976886343,0.11330841989586217,0.29580734678782394,0.006515968564905732,0.013951279965144595,0.09364988229980473,0.22625359709660692,0.008311293060753669,0.1827685437979363,0.2590945138507155,0.10724964790559116,0.0034734829178311886,0.31870466172638456,0.016760369622367332,0.041374306247081244,0.06607575644222526,0.304395705378651,0.09403484637989362,0.0004476939104101471,0.008366425575554691,0.06771355439500616,0.1939746665477163,0.19909450981869908,0.3072143220292783,0.024095288308476313,0.01463074873037248,0.1561567289489866,0.19339506464554646,0.13565650016698244,0.00602229688018503,0.0034957334099225967,0.16991750276254647,0.25282465985233676,0.22310766881491786,0.13324407405588454,3.89350372618016e-17,0.1821916568301714,0.04098260465799334,0.3947850363537194,0.0
225,0.06405559352323686,0.10504067128004003,0.05846930273996639,0.08104800818080844,0.20468495316472934,0.16684332878731106,0.05870792635071736,0.10403227175528452,0.24181269417622298,0.0035166583707523353,0.06136234625829015,0.20914334341492255,0.31588075535167015,1.3724623050904315e-06,0.004520422859032459,0.19605020188759748,0.2795777463461241,0.24978720082465075,0.024352816633062435,0.1454019368740529,0.003914908636978816,0.001134881987232773,0.06944632450085389,0.1512272502946853,0.17304214430859216,0.0007448419426187851,0.1820614527373903,0.27623314032358554,0.000402978272667832,0.025125194848634746,0.0027881417396124464,0.09168149381362922,0.15981956023860186,0.22738465450995474,0.25666027134316644,0.012557344611989889,0.11459056903085084,0.16099425836488512,0.028828629194285114,0.0030918660885937543,0.05023430605542518,0.17431571999888767,0.11406109329144595,0.0976776172425358,0.13350682580638212,0.00030034966284406685,0.05159619573125278,0.031952742067898394,0.2546159023963518,0.0
226,0.2010641031320391,0.07409239418355999,0.05817145563907305,0.10152431447618487,0.28530377311210514,0.08833166047610765,0.019813426345694052,0.23470344649432437,0.17504358042380047,0.008825179550208537,0.073417709835097,0.06012475930996971,0.20517485025727683,0.0002478619726104179,3.38749304618503e-07,0.13279876487263423,0.15884939664635628,0.15341147884543643,0.11690568158286624,0.19438206949379944,0.005822944584727919,0.03850848597335188,0.0896232255231891,0.09187979922419456,0.16207598365938564,0.0075570732829079975,0.1487215956964183,0.260440233737305,0.0014748056635792179,0.055793665412513425,0.009585925275511603,0.24465070286091353,0.2761307436007634,0.1739111703368017,0.20315904067645285,0.035484289657388965,0.04006891880382536,0.18858235801215947,0.19325870042524454,0.09615185615844324,0.06360285385931716,0.16013892568364813,0.1554160281169881,0.11799969017043324,0.2132215432984714,1.2078757638912793e-11,0.05959816053598951,0.01693427779107138,0.18006393893669304,0.0
227,0.13407234261614664,0.016568806350698188,0.21887354825625957,0.10671585424704573,0.03555288754154361,0.176441476634925,0.09840224543140018,0.17113281205752706,0.1794977261271387,0.002161140106879278,0.048264172461283644,0.2158312394933281,0.21065186274276593,5.715697503033595e-12,1.0406475551221584e-05,0.059504747513056566,0.3008848201390668,0.15316018100904855,0.21020402288992793,0.1576142325304444,3.311296008730362e-05,7.942249424679501e-05,0.08778912204858363,0.1227599030949042,0.0989371971859229,0.02142507809410184,0.20958821678582717,0.09365746429418587,0.044737184141021256,0.17625644157541612,0.018914736517805363,0.028612494658145617,0.07455660562348927,0.1422427376073132,0.030686215797364292,0.006271553405461349,0.09729497479690521,0.053840579544355324,0.32047694900185986,0.02917926627242394,0.03084449877476342,0.12335811139440278,0.25034648897558076,0.10143042101408752,0.2486168291484266,1.6470335707350873e-19,0.04775462387585251,0.12887918162543263,0.16557543302177286,0.0
228,0.04081988850767887,0.24825710153351038,0.07408788762419506,0.050529701970327946,0.1580419914921979,0.14210327246102059,0.007156188489223826,0.31092574334592665,0.14644278166314195,0.011712844227187628,0.12978710713726335,0.2487855113902379,0.07065964941586794,0.01720135311447624,8.190551270457738e-05,0.05184733765700628,0.2125941484565081,0.2333063850796909,0.07169174654276833,0.1185028006046567,0.0008724540807436936,3.7473638064823316e-06,0.11167480792488267,0.09829973532048311,0.07243152814191102,0.003951108812017128,0.18616551791149588,0.10192630297984569,0.00572498559009778,0.11533364900927058,0.0018883898316050028,0.03583124155528034,0.1305911699725587,0.3318593928110944,0.19836527424248176,0.062108754429711296,0.041316614042062015,0.029935788099601963,0.17658003969649896,0.04334951889066667,0.06320627640153957,0.18115035703546978,0.30386528987616956,0.31764474814725036,0.08542795142710694,0.0005745901607688916,0.11660867386926409,0.030596879717989474,0.11346210109734363,0.0
229,0.028143823939947774,0.16285572684871596,0.1891588957566217,0.23044529193076826,0.22950391578233045,0.2613055419697126,0.25411503422684245,0.06665675928131873,0.0836708849531773,4.418184494221174e-06,0.005731444991280062,0.062282232516529194,0.053032201237169944,0.02989921706584493,5.34030878052903e-06,0.003955891518014949,0.30205717294344914,0.19177297195660925,0.03932934831200468,0.09045803404537582,0.09684046771279409,0.023285804990561484,0.24073264245297524,0.12249468321114944,0.26316006393297375,0.008322555962202152,0.13451837513360987,0.12571041518157594,0.010719301800659092,0.09982747951096356,0.030757209209964408,0.08538345577133034,0.19705887153182153,0.17214676928246225,0.2183224779823306,0.0007288439226269972,0.027682939835439888,0.05373075371270553,0.09790170356304265,0.023059092936842007,0.1448282619995796,0.06361989357475213,0.2197662985696702,0.1556356689016645,0.08019190165332366,1.449571268641684e-05,0.07903402838614414,0.04797038918267776,0.3788137461914762,0.0
230,0.021903636211982835,0.12286222701883323,0.2125495151698793,0.048481017386462356,0.05588948323094477,0.07108461051902511,0.0026927294010749463,0.09441671778212918,0.12892622086286187,0.05503017559649596,0.13589567869341518,0.3894858146315557,0.27568010072753757,0.00022039027709047255,1.0070303431886105e-09,0.02905962719683836,0.12480335008432157,0.14998081802845023,0.12212804038442793,0.31357302017882527,0.014030560928354762,0.0025493789263187194,0.2097837240818106,0.09615080902342886,0.2015480590350084,0.08263515605741933,0.1854942223760793,0.15998836994569296,0.01841910547517912,0.11233251733435651,0.11965373119724258,0.11430465360978327,0.42640383903179396,0.19001247789878892,0.21709803500448388,0.0065158455607870315,0.03282688146312632,0.11265002096077259,0.33033733357061384,0.06705792541804759,0.05357057762805836,0.168369784839761,0.16761151991413759,0.25270414128218827,0.13864713583453372,9.753780981200649e-06,0.08828543260920466,0.0509459440847137,0.1350909986259756,0.0
231,0.11301541396374241,0.04521978577278732,0.07230495827336722,0.18062126915676735,0.36126378207631105,0.1367185405614447,0.046543223265743644,0.22989266569366848,0.06960478777637777,0.021018895994787276,0.0034441850049113975,0.13186282811296332,0.12769463837124295,4.0266815133763084e-05,0.00028046658247172607,0.007255132427681652,0.043702562412115814,0.08860627072729903,0.05603711512737926,0.16960173599932557,0.04261172862595662,0.05624977586493498,0.037849565944459054,0.03483999864547741,0.16360340764971337,0.03201604075006984,0.1651861899397365,0.08642601136668732,0.002037769100167274,0.023016619319688014,0.002223337200076446,0.426218190107316,0.08525438485285243,0.38885069131133687,0.1667205424400613,0.0015512424177651152,0.2219571197266783,0.026608901478148365,0.18890114319811332,0.012617102010778708,0.117378835596298,0.08896370286710627,0.24160555538400275,0.10549232654812302,0.2029349979602051,0.0017663183750597359,0.21560274945845312,0.0075843604596895564,0.2248721047896283,0.0
232,0.03179779866594714,0.05048574474626621,0.10097144942022489,0.1251973205752959,0.1708302997943424,0.14736706463825014,0.03653146529763585,0.253639239600891,0.22112092554294496,0.009136760656587108,0.011328470623271893,0.18529757151210205,0.1012224358682855,0.01005890357823873,0.00382685039920596,0.13859497032351162,0.5014439372020065,0.2155896140780402,0.12422538793286914,0.1314084900243008,0.09315175270190508,0.05662540817403383,0.09037553553013046,0.01500216576139968,0.123292240130991,0.005637676239995095,0.3622070666129544,0.04888684554700372,0.12070194881174161,0.13263514433975174,0.007274904105324443,0.044852139331775426,0.10846224882305808,0.09272159408273531,0.12442829778413286,0.01486591381300625,0.034244423590731245,0.1391879405610363,0.05328806697113802,0.029231517556824568,0.04311741154784603,0.01081890763653217,0.16420662917620085,0.3426490129589549,0.2398876011602156,0.004703692747122343,0.10822968404897602,0.05662454464922889,0.2831571220429719,0.0
233,0.11737180966680597,0.05534492113000147,0.09777076894066038,0.011786462049322089,0.09290926576667134,0.1918022752434654,0.057685100990534394,0.25417091525460445,0.05703256753160143,0.0006603497262129747,0.02337992317153063,0.05223402922882873,0.08715987518152918,0.008786919923993981,3.2565126574735073e-09,0.0014707288503150184,0.2562740236749074,0.2081215083001472,0.11275241289657381,0.0905923092371573,0.020588521791923355,0.004226753315776418,0.3088393253928498,0.02715873817870712,0.05662785663937272,0.052853980420537405,0.14049963673435123,0.12995416014445954,0.00559552464729425,0.04550430509941252,0.037530503777272566,0.01703309694593753,0.2681500788922348,0.14850888963230516,0.05163511246212215,0.04343051739258413,0.059729093629120864,0.0639453664119561,0.11571514398693335,0.022914938877255073,0.07767902130130523,0.05181482882139898,0.24088965150265695,0.459771553657968,0.1750324104899826,2.031866324580859e-18,0.11249281665026276,0.05886023008851803,0.13775736624697746,0.0
234,0.11247732695033423,0.11730325057543899,0.09719435312211841,0.03676748958585393,0.2467694631373272,0.11432527259192762,0.011985734503899375,0.34506209597870796,0.048593658298524814,0.0023788790266484534,0.06523142322384524,0.093474933558788,0.16862474023932722,0.002725089606447468,2.0524510868199284e-07,0.010218603249155984,0.12175432424657187,0.1600963552947963,0.12944732169702325,0.10661273922541843,0.004156118006792238,0.002922616547865824,0.334195549678164,0.05373322951537308,0.03796281489938684,0.024599460308091015,0.24872028355076026,0.0877218888983902,0.04062275388652502,0.03805380694770302,3.1478512628661504e-05,0.06974127544551292,0.13618713259001153,0.1992291784332541,0.20582313213914882,0.001976280173508596,0.005032721754509843,0.014317281625738993,0.12588017198417423,0.08542481668682386,0.1063485265100057,0.09634023400412119,0.22716390265025424,0.08687476760692402,0.186364084118374,3.9800411958889404e-17,0.019811335236673156,0.009886627390275139,0.32943079943009257,0.0
235,0.25997847420211745,0.0776748718982162,0.13984850309217067,0.0580170972292064,0.11387835881209571,0.24455238874644705,0.004075996260245993,0.055815798265977636,0.06762251607110632,0.006021334375781677,0.060634929496944025,0.14810488022956692,0.29787758878341114,0.025638008694482954,0.0005487387879261855,0.0019259603122826784,0.1448626810564015,0.25191663045752455,0.11847883080352219,0.32686058215686065,0.04828426227400206,0.011425865395053924,0.15580147472900746,0.07808371749204725,0.07345846798216793,0.08525846531908987,0.13856464768853008,0.1416273225262138,0.014183149836671452,0.062301100206326426,0.06392211049477871,0.4000568167753377,0.3395397404436746,0.22958521044442978,0.28836150012524125,0.02674982517442653,0.0802785568960958,0.029549966518594695,0.11215947007143283,0.010490233003259589,0.0017690131303979685,0.14758063209898145,0.20697199265000743,0.10579779665174847,0.12713010816711012,4.954329044950984e-06,0.09003321049267864,0.01697508391915016,0.03615536314967376,0.0
236,0.038137866997130676,0.03840541091820878,0.06680462476358635,0.09889280056526699,0.1329350287775286,0.23568472914030603,0.015799862375427957,0.12695895251723663,0.12499496633528576,0.0013769490633406764,0.032095102782402345,0.18608949692402596,0.22088988925601288,6.325943054223506e-07,0.00042393056301409725,0.008995277138486114,0.28669054547264844,0.10338965566251626,0.06909968452367388,0.15480268491876795,0.00046880066691284793,0.012961300543983444,0.17836118578895285,0.05328408037510022,0.10549566646365306,0.048333311346764274,0.06787845465662148,0.09083885664261447,0.008706550075156838,0.1341513605100812,0.07748472597899761,0.09943467892865868,0.074670011081372,0.16396584608915846,0.1436612866508036,0.002378401076979569,0.14175095480996372,0.007184731827137656,0.049328942994334234,0.002823924776854966,0.03743980135550489,0.1712902063396432,0.2897888549544157,0.2570186315546871,0.08680110558945713,5.5639961682662496e-11,0.1173409493513835,0.017746803192245666,0.17743195567408984,0.0
237,0.10065052590236924,0.041649173809674395,0.17717450954940148,0.14269540984460638,0.7760140709100397,0.14651818614511186,0.002824198769677195,0.42178314163477976,0.09868236264896084,0.04795799414554678,0.1102482384636908,0.2447262749112237,0.08227597666190958,1.1786762449668682e-05,0.017627216648212422,0.024644529017311515,0.15170807985965293,0.1332459615931699,0.11052060370366917,0.029939039529566107,0.08635933112768875,0.02956980051898577,0.04581314020366921,0.018376486589054074,0.3065217206049251,0.010857449400426232,0.17228859738618021,0.06405614563713614,0.014198852867405083,0.16651659738111413,0.08354258000465324,0.04151234798912754,0.03421601370980303,0.29756642696995994,0.2093113270369253,0.0015216674204592115,0.19951627506564323,0.031103198250347335,0.09828881684503032,0.011276335240511652,0.09533865721790152,0.19256250990883997,0.16827283341336588,0.3118369236962795,0.10386005110220141,7.540515978919086e-05,0.08853001828124148,0.05642532419291608,0.10677300482497372,0.0
238,0.20691654276290525,0.019667305395462485,0.3065125936886201,0.046529250142047326,0.11074859921498834,0.11815342874738279,0.00543406290061048,0.36980528625269304,0.1783744390603357,0.007609422084062536,0.030777029844863517,0.1564592315390148,0.08575913720348449,0.001025197392398079,0.002903247041939907,0.017743873789910106,0.08951556789115436,0.21570681007358808,0.1742488577304481,0.14601074079689746,0.029104802846318473,0.0012312731789577587,0.3238329187641033,0.09970007526944491,0.04146467624514403,0.035238479021786784,0.0899095820717879,0.12060093657789178,0.0020030612790035425,0.09847823954649464,0.1690131011388276,0.0737061860853523,0.06613305607760886,0.12130999486535575,0.16583196130211927,0.02486865576373633,0.11647401313725979,0.08483056794293023,0.1250547618214356,0.063933567234365,0.175835675732932,0.04389022490250255,0.16268408152226527,0.15281245790243356,0.10925376421838609,3.446942593445999e-12,0.05517775880086192,0.11553697213736486,0.24143190585434232,0.0
239,0.15430768761376432,0.023702179332475645,0.19166274213831472,0.20063089918860452,0.011386786017224522,0.18101975639909468,0.09127559856771424,0.21302442990365095,0.08733009188560066,0.005328443286744564,0.018831280927380005,0.19609749902029008,0.08947717954860121,0.03842955872845167,4.850742234861256e-12,0.054261234937521816,0.21235721816367145,0.09200049824787858,0.2150369953010276,0.058983210391822104,0.07616941593163122,0.04563781234417273,0.04447358245524669,0.0762764248762315,0.03526256824034511,0.07254638871821496,0.1792866115929407,0.2482167294204416,0.0021197093204794516,0.08630863637579539,0.01950579969726427,0.18664970012207718,0.2164649587167676,0.14060074929829605,0.36542748554638904,0.01763859471034674,0.049986853983603516,0.04476241291236167,0.12344516290253572,0.07668426160819697,0.07315311340121193,0.06102933366735189,0.2016372340913326,0.15888439270702504,0.11960839085602927,2.5580877861020624e-08,0.03460924640949316,0.054505690879098206,0.042078983601107685,0.0
240,0.027343954648348497,0.14135187072751082,0.3201338382928154,0.3443646807809931,0.2237872277225534,0.12072925317727563,0.01963271366108972,0.2650079391094989,0.12569977720941014,0.027838539440452545,0.020179181415385328,0.10836075193835847,0.051934214634684187,0.0037703167205614375,0.013774210348253059,0.12079430016810046,0.20589412848796168,0.0739723269034149,0.21624039979428683,0.236101248392648,0.06595718079729497,0.0020122586045998566,0.09804977789630706,0.008131518476344083,0.1520584111752416,0.0051660634412259996,0.32017668778239056,0.1120152302434527,0.0076858255213394944,0.007391316484998284,0.07894779175761665,0.06060766284506279,0.13982148071618178,0.0837580472863876,0.21203135092878458,0.0028815471165722383,0.10472298042715648,0.07699604129058459,0.1507974121224736,0.016860089171225657,0.0033050029208148844,0.18467359110528536,0.10832509598572819,0.1131773784085156,0.20144299710546476,9.946886771102218e-11,0.007772312253833966,0.028877525944551456,0.15457084582429984,0.0
241,0.11203993921778443,0.09917153596222575,0.32657251763005707,0.07909650012566097,0.12064505794287236,0.1893674557877473,0.008663631696347783,0.22376952013905105,0.08837806787022834,0.016035328718687795,0.028111550563215425,0.09237748888379134,0.14146584499479842,0.023925370945989333,0.00012157892752214181,0.06477169521521708,0.15407170423775984,0.1193455846327868,0.08893891591291286,0.09924112679686468,0.02748266828590178,0.00019171355509479696,0.13662422006515387,0.17682498814855632,0.03055363275376423,0.0008198876552344284,0.25520913843888193,0.032062939507742985,0.005639035002933422,0.0839205623096355,0.018750892031890957,0.1176737230408677,0.12188094589702075,0.24924592710865434,0.3225586192230113,0.04733873207286448,0.19499637088217872,0.0732618310459225,0.18586976856075235,0.15747835163816595,0.028071106423420682,0.0057099265198750394,0.21857816927766535,0.029384393170207797,0.23353891937409352,0.0011272496827313962,0.03882695373330992,0.06465422178106736,0.22545947916826609,0.0
242,0.038372359427056836,0.06828167417641808,0.0351126509922137,0.08905387153676605,0.07539665709927783,0.06029549870169511,0.04541630007186138,0.17099614278070382,0.08606682000185148,0.008931476855584874,0.05903104023251788,0.13054700089777196,0.24241838725411674,9.462202064812755e-05,1.795924825932931e-05,0.1881670830910135,0.16061106289818255,0.0292035828799045,0.0993246199566564,0.13092340112466105,0.01647263546355364,0.02492967560700797,0.201363222447283,0.10884991971248721,0.12997671394733548,0.039071505909945466,0.23772934647163166,0.11767032625108949,0.0018702028644020173,0.17605773221445595,0.04314596132477671,0.03246706806190283,0.0863153805571351,0.2936449939164968,0.07125588204267573,0.009570829912376197,0.025148758258570915,0.007110671306723974,0.21132893160788047,0.000285771632683878,0.06432771700330443,0.027058059630717574,0.18843320784364978,0.18994070268989421,0.16856787652855454,0.0028781795269290926,0.02530148775992358,0.012832909249772704,0.23197266137948364,0.0
243,0.26786772465752745,0.21813997317434786,0.1366283575272347,0.0597636822212419,0.33202003887991494,0.126843945281431,0.0031064159544640373,0.14336755138969814,0.03889938363717365,0.0005952419325188892,0.0023566861756922305,0.16044426365738562,0.13700911560843748,0.019731676564555437,0.008114279331680622,0.024068773753579176,0.19615531678599807,0.4408162557512395,0.16109164132122425,0.021077392038392553,0.0012023112297689298,0.015080967793223718,0.12296582156542753,0.10431563187486197,0.2753982512425549,0.0006306767487145027,0.28942287493869956,0.034366106255078833,0.007062385081551168,0.10393907489899162,0.004399741673387626,0.05204532527050807,0.14840611133296625,0.051714702633655414,0.1213872132487112,0.0258843128070372,0.09575975382779922,0.019989753544978037,0.09108173410320493,0.028661881114940977,0.019455462060272953,0.04763631875125829,0.21836001029804553,0.1069074379323888,0.20166728938106138,0.0012130636036405875,0.08698785047784509,0.01221047381140125,0.13196127768419227,0.0
244,0.25173132361406814,0.05258656714899854,0.1507062571866525,0.0973005440491703,0.09804756120485882,0.3098838094344569,0.001792292055939181,0.3236806102205956,0.014642785419604943,0.03664982287074845,0.10612497645498259,0.1672600876033614,0.17395542385067536,0.0007181826837985512,0.015703254721776614,0.06655712761186934,0.03664074704931473,0.027565956749302675,0.11375025783180676,0.127773228866197,0.10110632715012875,0.0037018208053186145,0.12314225052303389,0.13404215307463474,0.05925053811316201,0.017869399422529506,0.12475854465787432,0.08638078989766292,0.002016222956360892,0.07648650502219222,0.027811978026193982,0.07044169814929349,0.09583565613336269,0.21228722076174641,0.16957600138621787,0.09238170046939793,0.06393953783441816,0.05050721013001683,0.06847221898684952,0.17668176185594164,0.03656685547655579,0.0849116179657225,0.31219415788888766,0.2271824946996533,0.07186012464052899,8.149198350899659e-06,0.034561855809756827,0.014290900030100346,0.1436305279152319,0.0
245,0.05174084600349116,0.004340960082084307,0.1317993067612556,0.09436224660896156,0.06391848486748992,0.2435669464371468,0.10436625444994262,0.23627149263082525,0.09554918721929342,0.03390265487504868,0.021199566009803633,0.04828673477437495,0.18198502023962834,0.03277487742059508,0.008052827274543496,0.11077218905130386,0.3760734270016739,0.1669180931758822,0.051410879228467515,0.35991792999245625,0.05431476339375313,0.00035459415923758976,0.04682102450780582,0.02708568362533159,0.11479511887069302,0.19106163705236462,0.07729402304251225,0.12793993096936818,0.000586299081856099,0.1295825356697628,0.09468679116498968,0.16664618286427596,0.22862159597485893,0.15535155226992733,0.08655439367612681,0.012549888774456987,0.09084637955040485,0.07744706791465582,0.16367482935678015,0.03541339106683279,0.04923317842956115,0.11005052924335805,0.19089112095247587,0.09201996730417718,0.1454815079623996,9.963876696221644e-19,0.06724289143133398,0.01284802291955254,0.2061884866633067,0.0
246,0.08357659424632734,0.12743401145391192,0.06586964026126359,0.13163257658357072,0.15797471934929513,0.042013053325005,0.09404684110787928,0.22529986483565506,0.04103950820077609,0.0005892502833938146,0.05974652361024907,0.1652324522352549,0.1084273660107812,0.0010408848102308884,0.000847682814705135,0.09998257626299235,0.2227792764821004,0.20965750723830368,0.07552549230203694,0.1885371491736584,0.00012025180268018679,0.015787961891793344,0.18580563451475673,0.04361550297572752,0.1355327261504543,0.01729244843669496,0.18097845638617643,0.2763481713843381,0.032484331255518785,0.1262718687888657,0.01221262918080285,0.09727745822458812,0.26254234583803265,0.10871994277536716,0.15579839119683148,0.017608136275685388,0.027741212076950857,0.04693775864586666,0.06792676168477509,0.053590336748617566,0.07006964547134267,0.07341959556468668,0.26354649171079475,0.10224662653079734,0.07390623895287202,8.878798727208998e-13,0.03784741532193442,9.391138127643604e-05,0.07680826477429527,0.0
247,0.1690329090921261,0.04158200845847667,0.19193559861215695,0.03825410604455315,0.12236663645778086,0.25136288741480306,0.01464197087892921,0.3546668334398486,0.13754640318355763,0.0069388877194151615,0.05572578007778544,0.05203139844179121,0.19209903666574316,0.02981289779432882,2.0853309699059354e-06,0.016846718648283097,0.14205469175155175,0.2431436463060231,0.01438360498068869,0.06241164769813582,0.00593573073824779,0.005558885212484145,0.16001504940564354,0.13240791738205548,0.043976490034814526,0.11485484574203945,0.22316461728490888,0.18614110413896065,0.0029863166867407634,0.047294368787072064,0.05438445892306977,0.054172134719914146,0.20736859128316312,0.2089114241604604,0.19145803013123783,0.004874875990912634,0.03607914665694819,0.017723927982364985,0.11388142903090573,0.008549619829397198,0.032167218702148476,0.10865592542866667,0.13489007642513437,0.09503168914211921,0.05935468211865375,0.0376649855137117,0.11284250688123841,0.014080957600844398,0.05361429148754367,0.0
248,0.14886391799408025,0.07434930714045512,0.08531361952036927,0.20152168935882273,0.2010418518919745,0.2840483105594436,0.06448734486844089,0.12880945255619605,0.17925253204326524,0.0038101753835813996,0.18681048204734454,0.18510720570876318,0.18343823118896097,0.0015278374172262568,0.009848485809317136,0.08063089814909193,0.19370729175441334,0.20474722239751145,0.042179181451230674,0.07304050738585241,0.03712845442244782,0.000614397632469906,0.10196875559134179,0.08816181642731258,0.2305798109850049,0.013984841525703983,0.14326863994918196,0.20561110255523957,1.543183798239255e-05,0.09119302582568081,0.027575595490325348,0.10659078917484051,0.2913075667367378,0.11701303600035068,0.21364098615048552,0.011574543865780218,0.15667129144647596,0.029995238265462843,0.0908225355936937,0.0063195110696444064,0.03508653194692011,0.08789375475200177,0.2125488824035188,0.06713986934375775,0.2932379029126746,0.00015915921823956894,0.052162068095780306,0.0906917591145657,0.1629859478122916,0.0
249,0.09213234409787707,0.17479452275319957,0.04773763786103945,0.2165370410712337,0.13884015832666202,0.27554475129951256,0.15136707709950828,0.34035465725290703,0.06110542254333666,0.005941362258728485,0.021095752132081026,0.2722785432418172,0.2003607728396836,0.06408542060190699,0.008923414043455619,0.033281467555429246,0.4281022092716666,0.27444755045680547,0.05672380170908057,0.22637890670445793,0.002231954047020304,5.0454157919749124e-05,0.16890382557769293,0.06090957143694866,0.03042563136049265,0.015190552577017185,0.05762476702987828,0.034201100555116104,0.017796369665360193,0.12043249743211491,0.120352312534651,0.10393518053832772,0.15866548375676595,0.08951880927854633,0.13094028747504288,0.005686306852160011,0.11178237982937539,0.05141310425471552,0.14223000495186824,0.05524165645393563,0.08006469368736344,0.10365134074710292,0.07035127841943904,0.024410003623548886,0.13756085036880147,7.263918150554244e-07,0.118760025237083,0.060947628820888784,0.08260769109500474,0.0
250,0.07403362891341737,0.09311118769854482,0.17546657011912756,0.19926893001342602,0.10499532175755978,0.12149045289417706,0.04931794211800633,0.301728172352149,0.055929442421322334,0.010350431494991801,0.00012168504430292739,0.26370138327021814,0.17773554032581965,0.021696956044478077,0.0016648913948017915,0.05471770806952099,0.0780918230792157,0.07085791975741429,0.09377357895515138,0.07045396131376837,0.008517810122126426,0.004400336429199728,0.3041101916068779,0.05565568352431284,0.09740305542444642,0.010491401928070382,0.140183472350094,0.12167544408389805,0.024271629683650143,0.22081749522103206,0.06556462543445855,0.025590717472156334,0.13389175010219456,0.5173909125962793,0.03603758722766221,0.002406106591127044,0.3120854419354206,0.023423109866844833,0.2210495629515686,0.036088853564858595,0.09558106845818172,0.1408011630852776,0.2722351857641327,0.20795272224629208,0.2695870893928042,0.00011149335424355414,0.07359211141315228,0.02725714709618354,0.12575181971261667,0.0
251,0.05028723067923796,0.01570886700139612,0.19940747574026246,0.20757992222754337,0.10171718760848292,0.16686956268727837,0.05778131585002621,0.14969477101804987,0.12313222738538565,0.03711281144353626,0.011019424761046778,0.2740942647356381,0.17676545402913407,2.065292593242453e-05,1.5071645608683239e-05,0.08368504487401218,0.2609028254542956,0.2747583453154854,0.15553598171139443,0.09942214390724557,0.031009549995607767,0.0007157552556187805,0.14164508693539143,0.06060813283212375,0.08227932606757452,0.10862543198463304,0.3475215632983468,0.12562427204199395,0.0023938973984702766,0.06107281696212162,0.05245390223509987,0.19256391964707145,0.1885782940820663,0.08119358216289592,0.04514175502579412,0.0016026049258829908,0.12299897276811318,0.09786743249128843,0.21465119543683378,0.005805768883416772,0.059755810677917486,0.10732254352605643,0.016991209220311342,0.057331020328220496,0.25116149554574724,2.582130573399234e-05,0.026098151691559386,0.07282248843690055,0.2749442704832707,0.0
252,0.0775261704891351,0.007109192296410539,0.09449048060959944,0.14237630104219473,0.27717397859934007,0.02884365186162441,0.04845808465689083,0.27201491982514825,0.24038984987964782,0.005584049684088937,0.07990113672406869,0.052523023279963554,0.13117919124691255,0.004601401700338318,0.001556106805748245,0.003040447150766562,0.07999861371327024,0.23255929572991865,0.14012182061261516,0.21031413075000693,0.03218836122024327,0.0011673139731140526,0.1913297758321581,0.008720355005675001,0.11981358765578146,0.11598727696556495,0.14867107664241608,0.18346199732046756,0.011003119241460056,0.025708753749066983,0.03992314562361488,0.1588115014094653,0.12400485011765751,0.15121675285377667,0.08350202995585525,1.6807824837429356e-05,0.006278687239397858,0.021261568259285813,0.07878009996538184,0.012333978505624467,0.14799675786969904,0.026637111657944988,0.08352593747940619,0.1988352791423744,0.07231873737198796,0.004536847111746646,0.08447934632752023,0.020539772325347625,0.11683689394326964,0.0
253,0.02642673477931244,0.04838792861538389,0.2725726598204005,0.07148782621396689,0.26538014132566806,0.12896232539520544,0.09927690760426694,0.2180346998414049,0.17654168937492415,0.0025392818120480855,0.03915500983429274,0.3338840791484821,0.10282961657395115,0.0037035334025598337,0.0006203637832342733,0.09509405951856341,0.15303770680697437,0.10865250202569095,0.05669233532313657,0.10163133863326024,0.03581327522650113,0.0014145665714043098,0.07967631695772281,0.028830050824447406,0.13640241399624228,0.02096988636538925,0.12417237096925296,0.10159332224765683,0.0002764958580162471,0.05375453412355489,2.0090384155520175e-05,0.2601532005940587,0.2375602777769353,0.13199872022375392,0.1415339696342467,0.05334927898552225,0.151146920981206,0.11560851124252404,0.1555509455784218,0.022182367112913597,0.03529416369128358,0.06754984971204407,0.17079365590311404,0.14170358316627238,0.10690376286080784,5.3200782870276344e-14,0.00442122472106362,0.027818804430375068,0.09421852720092952,0.0
254,0.10145804556328827,0.05507898880515485,0.11969283429160983,0.036692374293861595,0.12371314358781557,0.062393412049142866,0.04841788327160706,0.1552378669364323,0.1094889970715298,0.016611061767065564,0.03320570499320689,0.16915819554943723,0.3069782322360247,0.028772604586441097,0.061386500079868844,0.0006099769039235152,0.23593768865591588,0.039045417411691735,0.1958663149516313,0.37343013457878477,0.020536394094649003,1.4819628425985508e-06,0.2781975551871966,0.028973584277960332,0.3194401909011048,0.04022210694345272,0.12460991981743856,0.01681634654744619,0.03680769106411408,0.12926850337632886,0.06339214029046498,0.01204973859419001,0.13772843551649572,0.1153138015296139,0.04771370903773272,0.1223088190548113,0.12304640198382129,0.018503188996417574,0.31429942491680374,0.0213415747896894,0.06403443830520154,0.12420586951872355,0.22274508180945965,0.17433226701798105,0.057367020308745346,2.0897846690170883e-13,0.02434956076858719,0.008730883544236316,0.15511498270410798,0.0
255,0.1776978784116907,0.019780507493597426,0.14213697283916515,0.0824290817897382,0.1191034237243658,0.10386597500655927,0.12532021446038805,0.35305337752490495,0.02268530928958233,0.0447290838561453,0.009148396556752945,0.11217857754999801,0.16847852062472415,0.00013584052549878118,0.02269907681526141,0.010668610274334066,0.13770075675066135,0.11842465655757721,0.18099887748163265,0.15554356896224153,0.005252198092431281,0.001306476836293272,0.14522004540763128,0.0598412899518447,0.1409708548578748,0.0013193405653720838,0.11133110774895329,0.05286023407519947,0.005867826832274839,0.03845269193514959,0.0011316873005728376,0.26742438922001327,0.29984838126941366,0.2629775449180964,0.23584281712172497,0.010425136312321637,0.09451921594071692,0.058754399016532226,0.08524803920300421,0.001506593411805952,0.12851534514703128,0.09404250458344252,0.2820780138571659,0.01091662996176937,0.1168232696758964,1.6454402342097097e-05,0.06374364908026926,0.016911284396293833,0.18184479107596951,0.0
256,0.21181901706762246,0.09265591158197473,0.07486508613788602,0.2092009410665258,0.3184917066891961,0.06432233251079505,0.07218227539541915,0.14974608221045438,0.2287763431080443,0.0236542198410167,0.08680423044620647,0.16036455971245597,0.36619289476489836,0.01091664739542441,0.007983959877675053,0.04626572816164231,0.2661942557917361,0.2857498994133678,0.14975182891426458,0.09724775511955494,0.0911478814344433,8.975900570487796e-07,0.19009782760983177,0.06066183790846453,0.08052321434488771,0.060137100136411804,0.09431224009479529,0.12392352992737023,0.008443741246536761,0.16526170519488462,0.00023950811020230045,0.08076338512822365,0.23215285474446734,0.3073185845866255,0.17986615109595974,0.00019837015282489362,0.07593282553651416,0.08724289245551604,0.05763196692164856,0.03817158583797352,0.014039242604953641,0.03421661090141849,0.1607057138103962,0.09479711779054359,0.2974587086252783,1.0237959898881955e-05,0.1552194885581617,0.08138910161295332,0.08910872668572341,0.0
257,0.16519807696319022,0.055109288706769524,0.17245280483177164,0.08957636993848261,0.15248852625932086,0.2464043645777758,0.01152559718168054,0.09127629684815619,0.22141997234199848,0.006699531009755451,0.0029871296212775843,0.2710872623142461,0.1890161895401177,0.0013899546364030055,0.004872226184814215,0.0017619203568182411,0.24753491514809625,0.5435820507027137,0.03726076668673538,0.2569213614260253,0.0024329950612139747,1.0461662972545127e-05,0.31792636962097376,0.01879898112370353,0.1498263608133969,0.04721779800135398,0.06867801634220444,0.19572041910383875,0.0042940548359809054,0.11662366846276118,0.013135489662806046,0.10418697683171305,0.0352085248522007,0.11492630180543292,0.11844424148536337,0.013984058691939511,0.0682113743982144,0.05974907844513582,0.16801744822503695,0.0017003538825858598,0.0760553225537034,0.03734291299565028,0.04278987951677106,0.07194908113320944,0.4702523267965041,0.031211136252986264,0.07574369489488737,0.2543838252890195,0.10670422018036442,0.0
258,0.1787189832633804,0.12564253508914047,0.03593283990696523,0.031508461825996585,0.1388414496014766,0.23056624069153428,0.03039513173021133,0.11056128964676773,0.0537643094094279,0.04424751254666212,0.05810583213453189,0.21936874752821509,0.22712558182759918,0.020226155807516542,0.0008260086533241912,0.022778228365267453,0.3573065628131491,0.1922209689251775,0.12577899679708243,0.19715097831307005,0.022226593873624422,0.00016945592806342363,0.18346732482394226,0.054098485710429724,0.11513206799738245,0.03825149757150114,0.10729731257267762,0.051411034414258656,0.023836926138513827,0.10153299116567391,0.020838829572206192,0.11776969805413924,0.17353512703977528,0.31982939663040716,0.16769306628066624,0.0014699417368328111,0.06339099835222615,0.05079158182978922,0.10554261651773915,0.010175537639547394,0.06642619296613464,0.040717189390681995,0.16037504667667382,0.1483095883860701,0.14369125595290858,1.3429316577152912e-09,0.12408168387481545,0.045155764788016715,0.2660710530808353,0.0
259,0.09297558655030418,0.13085790386758475,0.20612305203008574,0.12064198507702757,0.17520765223055318,0.1440724920602664,0.025217499389412736,0.07349239989408637,0.060522099872248096,0.05992051845494252,0.020373944289669165,0.22655595066458867,0.09132827856615777,0.06681152351726323,0.010161433772130888,0.054395059672259834,0.2647533612959793,0.38599809543245217,0.14333383903054478,0.051434380686257254,0.016092642132481624,2.4137853541016346e-07,0.03600222985161634,0.06314476480336192,0.053328550508608484,0.07280865041581526,0.06114131557877194,0.07470684341013333,0.00017574914910063071,0.09530499182673613,0.09127992445414368,0.18136664939235742,0.24428009267658918,0.13187366505836695,0.283051332155191,0.029884017761323836,0.13822939415529983,0.0535390646442621,0.05156081427068905,0.032716072096710576,0.08213919542411735,0.1255184452583899,0.2132473756807658,0.23109239274250684,0.5180207147377853,0.002047705769798405,0.018877833068495452,0.031239476669703704,0.1408934495432473,0.0
260,0.23730398278737058,0.06352474261111896,0.07810520048033694,0.037700025594460625,0.10515110453871755,0.23625096419240357,0.025154278192314784,0.31582866443715035,0.10380898958481306,0.000172612164460022,0.11422570588671117,0.31831036559844816,0.3017146154716465,0.0002071294887718878,3.588836862693927e-09,0.12655576790654058,0.15915648414292113,0.21738904640487225,0.04331099335718981,0.21453474977251216,0.0011571506673631593,3.8758280328628134e-13,0.13993859570286357,0.1793393323670759,0.025130440572351042,0.011769999082420112,0.10731326708213312,0.16228194243090738,0.1683831877643467,0.18945488975700087,0.09840913887477547,0.23677809642084122,0.17177279188026676,0.24317089027892524,0.2526283109284791,0.027888548131746307,0.17212828579592074,0.08761714394318083,0.14307578047537092,0.24431489028472178,0.10986818048113228,0.03285883737731438,0.2760217623937052,0.05891747395829524,0.15452243906312993,0.008442207460636177,0.0833198956033635,0.011048070088317999,0.2705176605709297,0.0
261,0.19867221771826227,0.016411322110501173,0.052450452282458725,0.05943572606782721,0.08430417026012173,0.2565630249436016,0.07804040924650392,0.0835787280984287,0.03118931871094749,0.009394069278473286,0.09974591421040069,0.11806074241839183,0.19317058699384898,0.0061709582463424315,0.0008778463478110396,0.10532542774738873,0.16373773307473283,0.16125598805308008,0.16376880874007832,0.2807279988716824,0.028643776121050006,0.0025513123409518714,0.17369788272673298,0.13178106887922822,0.035311369183046185,0.08128219330947245,0.2070740090592775,0.08640751037886288,0.004277011387733165,0.050055078496130466,0.005921270436419114,0.07985439435487214,0.165668281077389,0.15228757213931277,0.22821798262112092,0.005187734037549404,0.04070321129487647,0.05775266455691061,0.09980000693541724,0.13785466907821184,0.054319159299252254,0.0350310880054436,0.10114266586718236,0.3365960547807669,0.1623456558927929,2.426125620236803e-07,0.09458290279668503,0.1515494850747995,0.09289720276614918,0.0
262,0.3730064437390946,0.12259417358906904,0.1547665658969693,0.04009053103612417,0.10553562438117894,0.30126008555941863,0.00596653767715395,0.10485194218325444,0.07313912806282113,0.00045532288799150566,0.08972615508074525,0.19098905032072383,0.1546272037460276,0.0020076491616173304,1.4484534585534859e-08,0.014857972304867822,0.11348225612122982,0.2756515082338834,0.2754359354683506,0.08195402853177394,0.029697495492257135,1.9735640159848362e-05,0.242749946391491,0.028260773909711455,0.056027963929031054,0.029775420037083895,0.06209093471966882,0.038622179287485764,0.036280091629964074,0.18676966840605486,0.013010339304539794,0.06713631227609272,0.1446107051480931,0.2498063201461547,0.04922861172858162,0.011331550934513168,0.12595840128776853,0.017884592895415476,0.18455009316937415,0.031080644761927477,0.06992881980679065,0.13966916987731814,0.18509041027061107,0.02923153371960768,0.17098087466104459,4.25334543139416e-10,0.22339509834093554,0.026213240389695577,0.3459221574953247,0.0
263,0.03020544134257591,0.10943676350303065,0.2334792929045662,0.0771841208145639,0.3961049130232595,0.11236219610445947,0.006779527879382109,0.1696252206412075,0.0931676786250913,0.002594905370487288,0.03265740645936181,0.07051065727930236,0.39543459213294646,0.015080433651578523,0.002226129102662012,0.10272748359311422,0.12704313326725608,0.11206127865492897,0.20208294569036178,0.14200925553761992,0.02324962175167204,4.873763806036429e-05,0.03565819835125941,0.11473425214209827,0.06126040301725365,0.03685846659562772,0.5697598259447199,0.39882093370934235,0.005414356924764541,0.0826092610918958,0.0017330854201488893,0.03133639637232976,0.2166347841848149,0.17891282799631328,0.16989818339486196,0.0007878844721847961,0.05235049426386101,0.013374231223391148,0.2365349044567417,0.09122449813395851,0.030531848319945112,0.19456989647919268,0.22530500586978436,0.1497681141103012,0.17736966069529292,6.079034030944467e-08,0.09175659098991906,0.020001705091845536,0.13783743514359884,0.0
264,0.15776741188133658,0.10353687046732987,0.025758370731363073,0.10149821515485526,0.18923602167071768,0.09720832695933884,0.07159825191556063,0.12139569923804146,0.053390968722136584,0.05758986022509964,0.05712058947856959,0.1910369873705567,0.09145421111220166,0.018715082340969743,0.016561089432628726,0.00028879503312529895,0.07319360297892638,0.2667651271291101,0.04072498561131143,0.0759763484434781,0.05254397758463154,0.00013183403685993955,0.04109572953570521,0.052805684025531464,0.1951837776284267,0.002404251836308069,0.09158093714003548,0.20433934963327557,2.198272752761829e-07,0.06570782947731064,0.00017683109266592538,0.142503129282111,0.37322936908740184,0.043003578684236994,0.252047722634631,0.005115325961595155,0.09507730225364792,0.0025087962821303197,0.2382445677370464,0.030858657037706308,0.09604418106053464,0.3180013432036171,0.32464217454343897,0.08079528160236406,0.13427285586239146,0.007457562395836449,0.041880677025432585,0.08558857346974136,0.15158990268579622,0.0
265,0.18266042512936415,0.08835451657402556,0.09814012536491033,0.15803148983743562,0.12432345078633665,0.1488735990563492,0.05123310684412087,0.3005200430858668,0.03268401595570083,0.021298347207825905,0.13979943365010877,0.20127935683693626,0.12076826255107888,2.7850093136251095e-05,0.12627177365330175,0.09341900282328286,0.24557049742253875,0.3088284084154234,0.025661653818576956,0.12858119514049013,0.0926548657784841,0.030831883384200228,0.2659307221759381,0.1065142370377575,0.037764009993702254,0.17019217109777998,0.2671880518321708,0.18023866241157555,0.04273296276264046,0.07693767455677245,0.09301652313766999,0.14792010976584707,0.36320893976449575,0.32943560493452406,0.08987275126881743,0.008008131879999188,0.0191944243706846,0.043624386931785976,0.18623188350368752,0.04977843812591987,0.04590180108098899,0.3008434083890622,0.11412982294800575,0.10613478450521657,0.21515225286403336,0.0003184566591964768,0.17053878358041488,0.005179773630339425,0.16963132319370708,0.0
266,0.039013199193751576,0.22804517028921936,0.1809818081251965,0.053871471305689894,0.04960502406084822,0.2846227369038163,0.020236266173609026,0.37811494393786454,0.083120390432276,0.002646438393775467,0.031133427208207314,0.22892324123966495,0.35448413642816606,2.409000351813158e-07,5.679483240711536e-05,0.1344541457140339,0.22514655483507762,0.14956857958358144,0.09512323228998491,0.12490921037908458,8.473888252787434e-06,0.007103094236399052,0.021721321012090768,0.10639280405199018,0.07542530128316857,0.049527277387220715,0.32925291151004876,0.07082613984463362,0.00666102354526879,0.10863896347359796,0.017115025674314173,0.12903560153011273,0.11121639743176728,0.05853986148402446,0.02761969454642594,0.2016151699518935,0.08773922365030695,0.06426828846854148,0.13280402973317137,0.17036981246818972,0.11421687657508517,0.10477052885763542,0.13894112928792166,0.17431674188741803,0.09752279964792063,0.003106210820199564,0.1920044858619009,0.01716852939464024,0.07907794732454346,0.0
267,0.13502514662167797,0.04328205969563572,0.30780928837837135,0.32096893871134236,0.05303883164044317,0.18345042777282644,0.06813322007783501,0.14656062760970281,0.08232183606838255,0.031236936655696504,0.06824228091276724,0.19611700179006594,0.40020742699552575,0.00440559074306072,5.334460388267957e-07,0.013308157097919273,0.29195467127146274,0.13598562088157826,0.04940458207134145,0.38883368672866564,0.0799293697564114,0.0006236409643079023,0.18502961013568567,0.05795924646433663,0.18615818351623933,0.035703635884222644,0.3114208848281658,0.12030738874017409,0.0006783607309567564,0.14747158205331148,0.031726768637223554,0.0474593538576841,0.4427924291128994,0.3015963443923637,0.10101183800687441,0.0023679187004981765,0.07266025640689219,0.017235066264715684,0.12781212382131005,0.010118602780833619,0.154233564342642,0.03951207759036484,0.46290595858687955,0.08879962629365024,0.22561476355761748,0.033321279066890135,0.037605462625119275,0.0072207082763474555,0.30457168862096634,0.0
268,0.09953788651126781,0.12904094896114696,0.2536335741338088,0.18571264657782832,0.13424061558128747,0.19716293368098295,0.0696847060721441,0.11075066061553401,0.016629673154469192,0.024877656179180432,0.13043442442509975,0.1633864505132113,0.2706455019133859,0.014060735746554736,4.539148060386443e-06,0.04992711065251356,0.32188805252045494,0.13291242793432959,0.023114257986593684,0.3153799056486643,0.0008685603219243581,0.007459009076170552,0.19270575047188335,0.01473202312298782,0.026181705166037253,0.009214107533994653,0.11786546222852962,0.08101925173956537,0.01957728901996078,0.13446258686890106,0.0007544718240518273,0.07072537164793012,0.21294757045056753,0.2108882360432292,0.07998152820565525,0.00509904615496831,0.31468762953250545,0.028111655188293064,0.32965823666111266,0.00026487167344621044,0.11406513577685301,0.1497440955471988,0.2015521817961397,0.1840656024170618,0.2927713321609069,0.0018335188116940617,0.019289268973115177,0.05615843672901076,0.22147949736173922,0.0
269,0.17101223242574817,0.04686797144272835,0.014012086053741416,0.04961230057369021,0.19309985607008054,0.03315105972287916,0.07667750490358674,0.11896669128587184,0.16275407067661332,0.004210425267180533,0.06686259678554332,0.11869241902855145,0.17106517041593045,0.010483581610906777,0.01927788217539644,0.08749263032331468,0.2777231777575739,0.33814501253174456,0.1050051088761991,0.2915467273046901,0.03647075762396802,4.513745684040792e-05,0.25037924583738813,0.071048194938009,0.09566593314920634,0.021373143039212342,0.2876257466912445,0.12730845131972263,0.04144460043960332,0.042717142729751,0.08702548117652448,0.0965238797505398,0.21607844055402695,0.20881865865145488,0.041459236491683205,0.03985970644647617,0.01836535243152997,0.07339203982936907,0.07756913155264038,0.18510445328062022,0.05721841865691275,0.20679473326371792,0.1422815813528183,0.3142424715432469,0.32771341053494873,2.5355978631393413e-09,0.10041790012993337,0.006248109588335567,0.10533084388790188,0.0
270,0.0313800614881002,0.02603310265312611,0.23008901998795145,0.09811969626391642,0.14334132907357686,0.1718724443254222,0.0007818007719958789,0.24566644682772543,0.03718699023221604,0.0017049115103884272,0.019375007411814592,0.1380144724252109,0.15883944657697308,0.000138805586144583,1.403111475616964e-07,0.03485571308506323,0.19356856200791325,0.16846587458180626,0.07439027867227753,0.1723965288279238,0.00045472110513154903,5.66111782744962e-10,0.2056553734584636,0.039154014748922335,0.1665654281558449,0.10874342784163248,0.14758418451503175,0.2790925318375378,0.04596922750965064,0.03063923978504692,0.0034283079876445636,0.15133786137346739,0.17755928476884697,0.15735352702827074,0.07544116655176263,0.06601484163239864,0.12273022131547015,0.12350250158103611,0.06291747325391064,0.12090227991369833,0.051133620200225556,0.10725663817981297,0.2372779076489241,0.10600496538968848,0.10342770399462775,7.687430632287832e-27,0.04764074086890923,0.08465868033956744,0.13645455308177123,0.0
271,0.10402346846778082,0.08780899694659124,0.06517757741931336,0.009378698602104902,0.13576793256637182,0.07796839255892708,8.961737991963634e-05,0.1798732052636233,0.09873791003564089,0.06845178292945153,0.028111398871463744,0.1226655858763689,0.14411583280865667,0.019125114569339893,0.03683842517565559,0.08238204170259984,0.291735687535266,0.16723991655464127,0.1775260033861916,0.07769807930025938,0.11723736274104313,0.0002616544180420009,0.04002254251710382,0.1314964809212357,0.08716998613226741,0.1373278472199648,0.5006174863348246,0.1854051164435305,0.002060753536315624,0.00806426867894905,0.05373301210499274,0.03478975478476426,0.07981700430774116,0.08872741545623934,0.17226720229883966,0.026095422364584574,0.09725472079206426,0.06075203823817849,0.2405294659550628,0.03790635640419417,0.02280268624532401,0.05851553926614093,0.35140148294639634,0.08750007699231314,0.18551757798786636,0.010653377505602182,0.1031649043207722,0.025886449700342477,0.27532166767631483,0.0
272,0.11663374362352154,0.03829187504055413,0.22154203996295746,0.12264883236402616,0.052871299825035335,0.25785100996696964,0.14477756529603256,0.3563081264448746,0.05828551326373305,0.04640813780034862,0.02657340287071926,0.20840447302287135,0.11033406640135152,1.195257236182647e-07,1.7870742724686327e-06,0.017357070375892184,0.01704140133399818,0.15082370668364664,0.09381934891819835,0.15433550396206103,0.058841879001639626,5.974666458661128e-06,0.16669979584203232,0.017167010247601068,0.11159687498757706,0.02133821088601146,0.25785316955522714,0.18495387153913379,0.08275317561299117,0.11059423756090865,0.0034676891911575875,0.08322307293647743,0.26712731315233046,0.1064087523253838,0.12427072302629656,5.01024542810066e-05,0.07388001964593426,0.1751618303464882,0.19729929974670796,0.011822644843512352,0.107322956847736,0.028006691602907384,0.49455621809538225,0.0370507000973795,0.03733732996908266,4.293008066540214e-21,0.01130751557506206,0.05208393147837147,0.11911453627308699,0.0
273,0.20659103892370942,0.11952194772633734,0.19697673981809383,0.02151430237661378,0.19033977342481834,0.1484366052976727,0.030986741328258682,0.23775118070256798,0.057412233321274965,0.032078157493192934,0.12270882380301842,0.4399832741885879,0.18033457209224144,0.05574960157399134,8.122566575121652e-06,0.11122487763356266,0.16530798353229736,0.1795860712894897,0.16643608521041084,0.13520579323844623,0.0070256710570662005,0.0004965244695117422,0.08582152474536864,0.09073338502215848,0.09428054890925809,0.008194787523456726,0.36037875276469045,0.18932830689116245,0.0033480376054973934,0.11887768062911547,0.034003440947787934,0.16311862455371878,0.1587117264883916,0.142501247634566,0.18446310879586614,0.0003396817726745698,0.1320474328751795,0.07603631247727465,0.019159975906418807,0.005781825240874982,0.0650371020459412,0.028483839059502823,0.18336201499168428,0.08552002152600265,0.2650194869917609,0.02516590800031026,0.06397545644201542,0.015858963219948154,0.30417696699302305,0.0
274,0.06424503723317813,0.03218766620349917,0.16104226554696652,0.15134416143239687,0.1679120243103144,0.3798731412192499,0.0710108325575271,0.05468349568999873,0.1380360164806233,0.016111341205741075,0.18864069351522447,0.1260801972913615,0.18239771249256306,0.00040553998630779125,0.00017187431359086386,0.05508622379544798,0.21881044053106993,0.15776764385544503,0.08356068984967296,0.290759600763596,0.02269907543357224,4.7780934433608974e-05,0.03322027489459979,0.056722101306092045,0.09336107492762769,0.045879439445574384,0.14135700974374882,0.06343329121907437,0.00464116745049158,0.03191691142577616,4.555213460770162e-06,0.10463622626786359,0.25296523480236666,0.30348942011577684,0.07697833968013065,0.010319771902088437,0.19476434199178339,0.0022741289237305125,0.13484262252649176,0.011719875608130221,0.006389310051809682,0.07060475866218435,0.10839913644642662,0.21245320748828034,0.16346115876131742,3.959744975980902e-14,0.056073943771992145,0.07670255205700176,0.13879967778436592,0.0
275,0.08998723548582381,0.06435218752768504,0.2004996298573514,0.1805330140758739,0.19186314069072155,0.2445111874361913,0.008304363581971157,0.1577169577635312,0.023466515400478657,3.690828857765194e-06,0.031120479148639378,0.3743103975879991,0.19540328206615937,2.1484315852294114e-06,0.0011069127009125587,0.052730213526236545,0.12315587066918066,0.3223996060356686,0.01909186363762659,0.09242422157833192,0.060897713025371454,0.0021512770140411286,0.124577224451476,0.08425636255604735,0.08821255324890023,0.02053964130783605,0.2976846640085959,0.1388755033620625,0.0001342939652565454,0.13643363493369495,0.08811718380337794,0.05520814910538018,0.17330963064178245,0.16760258329836838,0.07291818995102166,0.140033162157129,0.04928942845487279,0.08882588660879952,0.17955720818541165,0.04059634794854939,0.07379608592806805,0.007947281788239184,0.2292065948991321,0.2504521535986124,0.21484156915976196,1.7884715219892267e-06,0.01902508616489399,0.03475799575069593,0.1213016622566959,0.0
276,0.03510997575781212,0.04949034626470838,0.12539237011880297,0.06524531006704534,0.1742243430098897,0.3215285005265623,0.035496772953593436,0.07444159685858011,0.06901710668621547,1.4632805122240268e-05,0.04971567713072832,0.164571705217433,0.20456198481796298,0.0019277378439449305,0.06330060620988823,0.12195281575185402,0.20160415553050015,0.06020848012807978,0.27171817972180357,0.12027884684870252,0.03839611182325675,0.0020227081505505475,0.041337647734533425,0.1258776884490338,0.18954315657106124,0.0030246986146730383,0.24588056914946985,0.22082883259851646,0.01548976051037513,0.17485413967099703,0.04590187830189318,0.07344188382400027,0.17528205947921727,0.22319888691628206,0.25610786071995834,0.02889079943008044,0.23183310835883233,0.07507649112800116,0.24382144493170504,0.01419218523747329,0.003919519152318311,0.17277322007329385,0.175018152765526,0.06836936640982387,0.12151636303131566,0.0001310076756752083,0.05982072253948327,0.027115359617723912,0.30501660188811697,0.0
277,0.05761560003711895,0.07757793860304686,0.08453380888931644,0.15746209181875806,0.11353092107346242,0.2521643079992717,0.00033392980762413294,0.3811922660769261,0.11304223568101418,0.03705135416217257,0.0015099228682770712,0.3777133080307319,0.13459319047075194,0.003405051411187028,0.03042832540269529,0.02252337166470566,0.16473947183841814,0.32969933178831473,0.10089221548662952,0.0712154879493076,0.11697676054153613,0.0010621780227397849,0.04848507695002551,0.014658810428852668,0.11673545232478606,0.04504097199134863,0.19380967919230796,0.09290967348888254,0.10903901103199896,0.09068962076079322,0.04951220431871692,0.11744311626556374,0.07606287699550279,0.211627130388857,0.10421471170399275,0.039934050805559645,0.062462593227090725,0.09758277492649166,0.06833547248538308,0.05706800155765237,0.15252797052363887,0.06150803579412317,0.09383138068024617,0.14994913678305777,0.1478431360120067,3.803012049871061e-08,0.019895249318378546,0.009769347972875023,0.16989313029167405,0.0
278,0.08085879687519897,0.1424049776024455,0.11035457629866295,0.19682530451350186,0.1444821861208525,0.08821338060021808,0.04844166706076891,0.1924810850731343,0.24976911217506212,0.000919302085293163,0.050320830817882106,0.3933371653467872,0.366216872577604,0.003320128734143659,0.010834230976439038,0.14539012301415785,0.2834253957961744,0.42787373883159335,0.19682621035503467,0.042093994805675314,0.03673455953527547,0.0024684306983645665,0.16041367542299342,0.1215588192082965,0.08470031799461694,0.06343651881085484,0.2038630814411409,0.04845557347890871,0.021280935812978356,0.024538480058890026,0.005376754328920337,0.12328286905439495,0.22712339212328567,0.21311880408556935,0.01812791736588646,0.02249917218321706,0.02928973890645204,0.042581368156814785,0.20163736543305266,0.013228556848705665,0.03831777718192838,0.05810781334266927,0.32367948018892834,0.29391243306712334,0.2414170790029426,0.00015659541157002842,0.08354600014931082,0.005664050446162565,0.3204731235518584,0.0
279,0.014164351576274993,0.07860473207345653,0.09938736845499728,0.011588377124068726,0.4244892304260511,0.16236864351777977,0.050314709483666606,0.07907435791399679,0.12452577083127069,0.0179102874584564,0.06642617014159163,0.14035796917487547,0.02512483675539801,0.002152649040788052,0.0027455472684440514,0.009201957642082023,0.08746537081108427,0.07550464462264879,0.09876116069031196,0.1872147351753532,0.015976375873565454,0.00022930413073437786,0.21976093047835363,0.09709496716547387,0.1236684714185078,0.04347772241012601,0.3371605791423764,0.06718517601052652,0.0006602374077137536,0.050276931910486565,0.004815887320258825,0.07676457006038243,0.17229697557573703,0.14014838143609593,0.10105092194249124,0.06911434424007146,0.26617914534376425,0.09365734165756219,0.29946301778252515,0.05084366909154644,0.08374169009273295,0.05437813297240631,0.2797933670047102,0.2538321526324599,0.1792477694682499,9.28957139235288e-11,0.08936837133903862,0.015707816870952365,0.08902324247654371,0.0
280,0.28827344721821796,0.2131655204694611,0.16433634553939688,0.05967357505506424,0.062202392773892355,0.0817603140389446,0.0656612991656712,0.07162993945090795,0.048830717950922115,0.0005001059351287028,0.052817193714542666,0.07926700236495327,0.1479228766944616,9.418951137159272e-07,0.024494910631487912,0.10839209185216778,0.07376649342956952,0.22344382816237546,0.14956387829879794,0.025938726358417687,0.01486229331077798,7.628706340871077e-09,0.028489551774381484,0.004991095254426761,0.10983317490869747,0.04368526025315496,0.04048313224107599,0.11655527318559795,0.008912316396851154,0.11900555716004393,0.02502346954956183,0.12524705521656185,0.18226535615641729,0.25816600754622115,0.2912888934919586,0.008303601230842526,0.04536118425243155,0.016919259689911172,0.06843379242883292,0.028232380556173664,0.01688136544769121,0.03876953634225059,0.10628012029284056,0.07811914387584093,0.08233658216128019,2.3551473853274146e-10,0.12812806701215615,0.015396119851809548,0.10879961935041838,0.0
281,0.08627979197906917,0.06815039411395356,0.09028610573949437,0.2646583759910674,0.171274730261999,0.16508507052919358,0.09803940355515796,0.32373598756346644,0.13981736388089014,0.1603683757789072,0.03412552931756406,0.28250991212088644,0.2136201574901374,0.00035672668074595784,0.021315702312218035,0.07466807132852447,0.42408530652352167,0.0700506775987033,0.2608601001781606,0.08931529752195476,0.011410445864891545,0.01926709123004188,0.14387893156296916,0.042957733116840195,0.19562118345291485,0.004479174286033695,0.2796166853923788,0.02782004107896482,0.0019550922876038304,0.04951041640946608,0.11232740336855408,0.15737899806665598,0.30207279170136436,0.20914117788542977,0.2053209369172646,0.03606535035024215,0.0978970724979608,0.05457687833534089,0.08185671328254888,0.013825725038040183,0.1009322624810148,0.36305690226015247,0.13297688671414942,0.13592554738845908,0.11219318581796281,1.3743034862362682e-05,0.11986712896690419,0.06485193963335183,0.11538461746966505,0.0
282,0.0461386579975567,0.022990501281232145,0.14983181240971746,0.12218320849981264,0.13610652503620102,0.27589259940237454,0.041578094044386796,0.22507282819517085,0.08569244594282428,0.007570490669810869,0.032685600653015005,0.13814912069738006,0.24209451187514625,0.034111268380140045,0.03974526334492713,0.19642820083075804,0.09779922989834025,0.06345635628984413,0.06986170482719443,0.21764671756623244,0.02297973312648306,0.004051579161028034,0.11334567287015894,0.07249622997947376,0.1523743411840148,0.10456999429143034,0.2023493752277381,0.12465208127085634,0.023921252622178295,0.2108583506853291,0.011203928052815103,0.06801951614162782,0.24507920624067944,0.0730872725531499,0.1998558684329263,0.08065869434977387,0.07326851936014492,0.07209579467806383,0.07349873428758241,0.026821127867049502,0.1651873004520058,0.10197858587695798,0.15580319978713789,0.06689327522866498,0.4035407765052398,1.3005508237942314e-06,0.13603513219063113,0.04169784367100245,0.11337683191084298,0.0
283,0.36275991392814255,0.038627662221253585,0.12277444876977855,0.07559723208351322,0.09639334203436105,0.19737921831262945,0.010132322980935944,0.11813863673257378,0.023609298406656716,0.059592141860213964,0.013458902029531764,0.13481420264266827,0.19439703403597217,0.005118484386296875,0.0022824231138470936,0.006408322229769901,0.09168793478510004,0.12891197410100796,0.1903192000966577,0.2360324342105139,0.06690643705635743,0.0042109782928105586,0.1858259388794866,0.026019854456285057,0.11889169932653754,0.09300962391056665,0.42881741338033325,0.10647828450294951,0.030887689799917774,0.17109564738565294,0.0003710025902636363,0.06446674193553256,0.16858167100250304,0.190805146308824,0.1468913716880397,0.07246174899568407,0.10788141254735634,0.12706257631205728,0.01845500739418067,0.025581555957236754,0.19413564701650435,0.17752518414085472,0.1242634476936809,0.2557649154153305,0.33797883922213273,0.005508506819709479,0.08463537614935533,0.1431258958010672,0.48051694197531886,0.0
284,0.01769103528242491,0.046608440070914525,0.39154074469450095,0.1989224542696451,0.410366627033337,0.08442056574413741,0.06438897208090066,0.10813322296463186,0.1256479470310526,0.005915595388930152,0.02083360031992352,0.08756078619260221,0.23064392372182355,0.00568929329488927,0.005110782569422432,0.00032624633871750335,0.1515839552432383,0.033255937595834555,0.15496391286921454,0.12235496180662558,0.013851137531791423,0.004721705023188393,0.1572061813368774,0.10098776586296533,0.08489792160686366,0.030732193405315685,0.2889055880882089,0.07243784952212388,0.002356942823341678,0.16631743909793328,0.017321819104363954,0.02372904365729343,0.2742872489291143,0.19882183942722875,0.1634935219349788,0.010487342182319904,0.14189436067598876,0.07959042907045333,0.2908397999364625,0.01759588266217495,0.20582723576236372,0.09024594490934547,0.12742680440985382,0.3235083334940399,0.050100866719970334,0.003343200220302064,0.06837595700086394,0.05841611479001602,0.1937622564062975,0.0
285,0.06321155855392331,0.12363469041442197,0.1051266780589158,0.1243194802170501,0.060233675864947996,0.23737039672790286,0.014303718633543341,0.26089463973222654,0.0811184721936064,0.007931214039252989,0.038945487810438724,0.28737447209465344,0.08211009487792426,0.10196397616086816,0.009817063390570186,0.01940150428015849,0.3378283130806697,0.1388644384501453,0.13093512974715296,0.24625379924017574,0.0011612920470542674,0.009983459192491634,0.12004326057861954,0.1303936617568914,0.17990836350249412,0.004414838758155443,0.31956322920941377,0.009300801834991436,0.017439728118494754,0.26550321311347774,0.0064087252965701865,0.030957779592322168,0.039382961013443823,0.26999829863323854,0.07327035806948173,0.08292038805103949,0.031302905654390846,0.06369587987515687,0.12490343046328117,0.09212583423293863,0.17848568511411192,0.12682590097877,0.10706284797484755,0.14155921240433555,0.2505905708778054,0.023051985581196525,0.14047295383770395,0.046548397145330926,0.24906455078800635,0.0
286,0.20817832629006344,0.08810893682942678,0.07604833327358655,0.12025935942998144,0.1753959592224204,0.06881208662614877,0.001224852877262805,0.20485901030948653,0.32469967523424526,6.328761970123857e-05,0.051241950961554705,0.21417174511051223,0.12858400536163453,0.0010434527416575314,9.947971552032741e-05,0.017539275969137354,0.33228171296148634,0.12706223831219643,0.04543090743079381,0.10832988161934125,0.1496460818353801,0.00011318040104816195,0.047816280139871596,0.18181336715840513,0.2385665671761854,0.010158684705104611,0.1992700654468844,0.030557651616958875,0.003524094607353354,0.06040269278883718,0.09978748415291158,0.1453655870032497,0.05410738402008644,0.48673234325596926,0.07028348993846759,0.0076328004669773755,0.07552864990615876,0.023161495722474057,0.1278032716936459,0.1005511948818199,0.044325832179315225,0.2063194120432375,0.25958103918868547,0.09693626839789653,0.20892938436181246,1.9079887330810158e-11,0.10254430706629258,0.017828938885363285,0.26411605618400613,0.0
287,0.04271326578763374,0.07443720897672024,0.1843859845222819,0.1257588786995914,0.2339100456180339,0.2578042112697884,0.03400502297528655,0.09534084993631178,0.10464788474589456,0.09743464022064974,0.07726441983363297,0.2065702170806564,0.3483091850661482,0.0010725850622380852,0.05084836272008247,0.155938994657538,0.32883701106492974,0.11265675789331185,0.06948704509023082,0.09563400319724638,0.026947268993967273,0.0024361442706936644,0.06499364255072697,0.10560213925238109,0.1403206585825925,0.1239528965298629,0.3442328541705566,0.10378857801471779,0.022493413989204396,0.05243831006101188,0.03229254307388622,0.06551708326225242,0.2709259276125414,0.1740298513156928,0.2500646392053334,0.04566387133687549,0.139535742221108,0.0745409331625833,0.23654691832810165,0.1787121118319508,0.010335734723904092,0.06812643951989503,0.11597451866481655,0.17704121976581094,0.13975229579008516,5.8355686236605877e-05,0.07897598921097253,0.010599365691579746,0.2571581493965393,0.0
288,0.02792663715056609,0.022548053329270394,0.26604615498205786,0.025073955567971696,0.17539755082495528,0.20133641999636537,0.030577047670469478,0.33016797629363354,0.18914197408738312,0.010912800794887503,0.0392133419651279,0.3807692775678916,0.242073301412195,4.259695648931679e-05,8.820800251166547e-15,0.02971372228544749,0.13170862766087765,0.24110800282735081,0.15128624331159407,0.09546900359494194,0.07613751769642908,7.613045039910216e-05,0.134862659997609,0.07841158560356054,0.2272386628264637,0.0031794688761664852,0.1275862741298825,0.3115890018868152,0.016943812463346634,0.18933344526807655,0.005434299676170711,0.02747412106277489,0.317773623761524,0.1647238638874506,0.057878667040959814,0.022096698847812863,0.005649448271149448,0.03654721899481271,0.0783445833586293,0.0012793808162605467,0.186243022589766,0.014958879236597167,0.22601035666061936,0.15112706796457398,0.3158569781292847,0.0017731452460156784,0.03178114801507413,0.03483921277961262,0.27343704496784216,0.0
289,0.11765806703046025,0.08458621563040711,0.08619916835848056,0.19805623241594003,0.16777247382188618,0.09814064685285817,0.0404642099967102,0.292668427949469,0.07998308841243412,0.03381450409616135,0.05282060563463593,0.1574714765188072,0.24409834886467374,1.8424319723411425e-10,0.00043127180927301,0.056948450541927924,0.0944555613667278,0.19769577284865936,0.07040300193893224,0.11962210162581662,0.04185158531334764,0.0052744219550160875,0.14119764047627878,0.007832400967133071,0.05574651078560417,0.013255997780480942,0.054010971793223284,0.01926807474298003,0.015153201614475104,0.0549871969306494,0.002724918537353163,0.2068888504124031,0.46126371463107324,0.07303189201331985,0.116834297236552,0.02610399372389561,0.044168400584322996,0.16742126433117457,0.1565217488150023,0.05072815930753883,0.14166801194683265,0.08798890228444343,0.19582567809283472,0.22765116885855163,0.10893644376658919,4.979688948431396e-27,0.05579048222134601,0.04430915564696459,0.04469865751883389,0.0
290,0.043904125316879025,0.05253790572167183,0.15637077085904388,0.18351768791393958,0.12875326744427645,0.23669922495569146,0.012393203483829314,0.15329950411647103,0.1959287950187479,0.04493464796542046,0.004476530132305549,0.24056048299214006,0.1523790502227095,0.0014584482136583278,1.6221022731032096e-05,0.012302269419902537,0.2582385043105222,0.03487819089420959,0.047520186958893706,0.26816977190914953,0.03685461907233477,0.00015988297268416918,0.1548855858240219,0.06751468321092144,0.09826926692125733,0.016374786594711588,0.27381545949172686,0.22051324182463222,0.003806094996449647,0.021625441491111903,0.05601258684484718,0.044606589885588396,0.13042489128170356,0.15312276080317797,0.2086039226290961,0.01926841182325728,0.011920167073091171,0.05756781526171605,0.19130623452285572,0.03236098311256939,0.08519916419127854,0.05080628415272225,0.11511604310273146,0.019290939194066475,0.27297464305756625,1.1541799152921047e-38,0.04600818404761477,0.05087084517048594,0.3740800968428162,0.0
291,0.08008404715492302,0.12904561559890246,0.16875068922907469,0.28363460616047176,0.2646018165212361,0.35420803267558015,0.08294677253311743,0.2009704685716909,0.19887071130153922,0.06890521562207348,0.013954751429326956,0.31282450612621865,0.1246468164814665,0.03691745879707919,0.010637737969942745,0.0692950015835594,0.029496083944247405,0.20231118909213708,0.11530085181744806,0.16489663212040925,0.08681622472604585,0.00024890355797073225,0.16640895406281725,0.06464483094430558,0.17229852637863174,0.0024551737607658307,0.18190921550406558,0.12625993178266845,0.016897998741799793,0.09758924756224747,0.07222259389764833,0.11535715767487825,0.09550000393912227,0.1428886380276198,0.09878076350582231,0.03903488075834275,0.021077801896878127,0.08982564880158751,0.19142703070068506,0.014431135909759925,0.04963543949126737,0.17105668873183139,0.4043611766208324,0.14934447697007827,0.17367297896556871,9.620023821322574e-10,0.09382367344871873,0.10102555621186998,0.1705167757078806,0.0
292,0.024661293180381825,0.2070535056561057,0.08093737516016526,0.2058761514864291,0.11766110855232902,0.0770646326475736,0.07320620315562595,0.0912922717047166,0.07562347507473673,0.09024264933373867,0.002146120356618408,0.3220340386260281,0.11697529752540448,7.179465433543649e-06,7.790489979400919e-05,0.04199561245082425,0.29163554616628623,0.3013626914300501,0.34095600518325186,0.1018873359936399,0.1398493780107712,2.949382439642102e-09,0.1654509952871246,0.013120060872447376,0.14104262492698516,0.04502420374745078,0.11861619853361842,0.05381078720238318,0.0017843991453097168,0.04711566201454945,0.00204382877261447,0.17153214962305488,0.3369419044027169,0.2753123175932479,0.09131207366738225,0.04482406271949277,0.10184533693905327,0.17320208835996145,0.115340682539549,0.10078400580576796,0.1164651331032123,0.057394224707284315,0.10948094368629879,0.026155508517804356,0.15226490755411698,0.01906111663325175,0.01967153057911248,0.021534958180613552,0.23595016698382582,0.0
293,0.06057357011983748,0.08243585647030575,0.2839660046018607,0.0374464906979618,0.08898462317750819,0.3853396555999967,0.01602659363024331,0.10896733231264034,0.12868824468461926,0.0865534088110099,0.08415074910764753,0.46702276780184543,0.19517494617982964,0.04249635774646799,0.01098423825488847,0.0036890224155787968,0.10074086044530885,0.054426695738891494,0.1373605784094047,0.19426549774127644,0.0011514714998563963,0.0038791086229777103,0.12825731263463686,0.2253573190812499,0.09288785335029484,0.09767672083681937,0.3127159990046353,0.21755587658094225,0.058952233089915866,0.04642494962892281,0.1020914768366847,0.010130218617730094,0.4196782320610917,0.04235767633714501,0.04226219525987011,0.013949099606061936,0.05062416504846864,0.07085857829253285,0.0786445216123173,0.1573275115992438,0.028026892832306458,0.0661733710008386,0.16936375764270747,0.13148231305155286,0.19809589974179387,9.15794637151086e-09,0.020158188904006013,0.009100767199266375,0.128281097344707,0.0
294,0.37019701844076,0.09277198769535941,0.08203158036506267,0.03533798669537197,0.16710147907597012,0.06545367506150389,0.0959119996229654,0.15733576653573592,0.08295518747638109,0.0005952829838009994,0.020151489701100186,0.10396345582782728,0.12137624722157994,0.004302467681908464,2.0681951398799507e-08,0.0697948050884889,0.298393757139857,0.05252260348934184,0.0985119264421662,0.26483783936911576,0.009671286529092717,2.7899033291736948e-08,0.09066980608485725,0.11678749478187225,0.1769837527995947,0.011276030242987164,0.24231839170694486,0.29114356120216967,0.0008193524583151936,0.012447766551854334,0.009045940664707501,0.1202657019263645,0.24431243157794494,0.33862941922725287,0.16883216519708075,0.008131261237499366,0.04148230575220551,0.06494088047813892,0.18665371427801197,0.0726808582149686,0.08414002857944544,0.12770438243454144,0.1475014630740586,0.1334721864410267,0.12613709960354297,1.4777616170185218e-07,0.23113117155345578,0.012193590611030687,0.08750621618886463,0.0
295,0.050541512441041825,0.09651817135912687,0.08766205263072893,0.1815451705404917,0.40155958110926687,0.21456434721728662,0.013588584997709771,0.18923875564273138,0.31047977149025996,0.06733775652144257,0.020139574843413586,0.11436172672991768,0.12086919725845517,1.7684905640449422e-05,0.0019258760545131667,5.636368233482653e-05,0.12416055990389499,0.2426749535503052,0.05218412573559047,0.3287819002317313,0.11599822753691148,0.0029304970203775627,0.19061922254101601,0.008186482532005681,0.047035970339839764,0.06126649458710447,0.09963145722923687,0.07188747217115302,0.01204933267472339,0.25043716447463027,0.00842644192781878,0.176537509104046,0.3160152837397101,0.19606090861487593,0.2121497690357659,0.13459307972645193,0.09203964249453205,0.1061687701721088,0.18134063634259642,0.038851264173247024,0.16592721142090058,0.1894676443940929,0.35490608360555387,0.11147244940649363,0.3796149295794612,9.71178682874334e-19,0.05660752668504934,0.039951126031794716,0.10937417268908102,0.0
296,0.15292456589690678,0.016752506975582823,0.03401624019059789,0.09426677129930144,0.19505962178653863,0.10934302882398508,0.01739073283895749,0.5924632449011803,0.16902831768214113,0.0018769940385124785,0.01747688186129638,0.06168314860173434,0.1503342458417254,0.009371971741545014,7.085634843363045e-05,0.032021483777384695,0.16260824417705078,0.18483059094605142,0.08284553100004871,0.1855996316953459,0.0168552326224808,4.580514432177303e-05,0.12729626601519664,0.0047475120240738624,0.029873307880218747,0.005746922740623927,0.10660658599668854,0.08810396176230466,0.020505617158234832,0.1360367382683187,0.001935292713158863,0.06049853483204311,0.09701941151972247,0.11201871361347727,0.1471046352567573,0.002312241248459058,0.26398871943214436,0.09201070666760522,0.27313252387388876,0.04932359518316438,0.05919459968261692,0.20076198007622864,0.21035058904565984,0.2389063348549447,0.19754670318649079,0.0013261763222033064,0.05563488556405224,0.037370047728509354,0.2158115331363488,0.0
297,0.1299693613229885,0.026259348732897758,0.14374204303445307,0.05498273701346467,0.025896466168485188,0.21948590199380205,0.013850813809606557,0.25572811510279797,0.019809217657479148,0.02780179027780868,0.02075567176523038,0.11280724054611689,0.12827184231150862,0.0075528839221502804,0.0007782734211814584,0.11630711739563217,0.22054924352724534,0.17705404865422403,0.054148912213582374,0.3561113305095339,0.046292665845878565,0.03933829891682398,0.21009089743312684,0.05164949787764017,0.13163721573085443,0.022426326164843434,0.21356514183022937,0.057243422882168334,0.0033713756601143423,0.06112418618164132,0.02018992830624169,0.14670300703328243,0.16806637328732896,0.16830856908661182,0.14589513261271508,0.006524089641772315,0.029705198147166267,0.0373285348063242,0.09329219137908228,0.07336785898842745,0.16022062724369904,0.07959274807864548,0.1582216850315727,0.04163814192337637,0.16753943432374957,0.02199486576557481,0.11868242786272364,0.022740192820616,0.22360282877026613,0.0
298,0.2554453811355564,0.20876390461465366,0.13273711197223176,0.14413673245804667,0.180039174571766,0.2442883886875709,0.001274989224746108,0.1449949695986289,0.1290929013646757,0.02936846622137567,0.012610004990911274,0.20811541342039208,0.2446256462647244,0.021673671922203614,0.0011792036820842356,0.0906490774384627,0.16100005010582627,0.26105015181083,0.15692370737283354,0.22860913446243097,0.012373467747968162,0.011323270051712362,0.14577254994095948,0.08405440251200014,0.050334378074233264,0.018078225845113653,0.20994912282451456,0.09595509526138314,0.001903616180395233,0.044788257131623765,0.02076585137566037,0.02057467645895329,0.14127733822960778,0.16137437166413873,0.25122431877261253,0.007344294816197717,0.16289883845452777,0.09179739914760383,0.11104040953944623,0.0006063880795989107,0.05604708406381365,0.09172447304215758,0.13982434213392658,0.18835747716545406,0.16002252123503963,0.002122728055847058,0.0679491130078552,0.01295605775091959,0.053942339219110416,0.0
299,0.07782344418099234,0.008803556579378946,0.13979348341233405,0.045395175539473476,0.12158906910217164,0.2906286764401818,0.00424772387601184,0.39398150057289405,0.015557559529825639,0.06490743144308278,0.02293923201190863,0.30582541206381597,0.2743518326779711,0.0028649465126603674,0.0012902870976080221,0.009350095038298308,0.22719417349556936,0.1550704921335184,0.14350281138586882,0.4192952097435734,0.012066704991733462,0.00012670880298649813,0.03379161963681481,0.03826944219193867,0.11496107009061647,0.03187107831917081,0.32531583158276256,0.171752802904255,0.03217202311424277,0.11119476496982399,0.009467499633490518,0.06427190402459125,0.2374132403167269,0.33768894292482915,0.05914267888748338,0.1461632910990954,0.05143159964906739,0.008407309016631859,0.1417245259696782,0.045288849997060905,0.17979622952204355,0.09969762097040212,0.16906829316519117,0.2518103677653681,0.05380252719982822,0.0001531686213527892,0.04364503123473482,0.01142139697906641,0.19811434659561647,0.0
300,0.06724868253982554,0.10940190001015282,0.07376746751418634,0.025514801988746186,0.2691983843964126,0.21846589079820214,0.08001070292821104,0.19251449916275534,0.32704346881129526,0.0052545960112621885,0.030667114648498944,0.1992679921021631,0.28182660116136937,0.004030364361622134,0.000376131640763351,0.007331063971341416,0.16449795296597125,0.14389012166143678,0.2344135431161824,0.16955823742053902,0.0519597268898415,0.018562276668540975,0.17265395411146345,0.0456104123345085,0.04144985377367793,0.052046391310316895,0.17297483401503866,0.10337862717466473,0.0712178827562013,0.16922863925192488,0.0010582031335021956,0.1905493614196087,0.027889460876002328,0.16247769011333554,0.049122763631056506,1.282595864101585e-05,0.05446063282079168,0.002512355564560745,0.19912934652383818,0.005293945218969575,0.026210860288096438,0.09166600557809196,0.04453672515675573,0.039890020231640774,0.025120209253779426,8.092919480932522e-05,0.06103364065502251,0.034579788170942864,0.4157072095379048,0.0
301,0.14573703356817672,0.10331764764340866,0.1338493341813243,0.054976656357784606,0.2205051379322597,0.12280173320738229,0.06722667291863609,0.3066089431229329,0.0800267775520923,0.06741458686393804,0.009732394515164382,0.19854227913929212,0.4704697392955236,0.00036208220054342335,0.0006943548953494581,0.09393394601053569,0.302135346150953,0.21715468573724053,0.10154178400382699,0.14590848786633948,0.009182346054308307,0.0024706601802611076,0.10006526794058074,0.02244551911830425,0.20391544875460343,0.05217579031635386,0.39813404337212693,0.07154148028346165,0.002368576516639404,0.2524391814548506,0.015257001359286076,0.05837823083401273,0.06792980063613846,0.1565820477172432,0.08315622510709285,0.037479248039361195,0.058662077030528455,0.0016938323118752543,0.12704291337298368,0.012890305722782727,0.034292460082465726,0.08494621117949942,0.1557853394978246,0.20177191878778405,0.20143679107091086,1.8620495664637255e-14,0.11028905600821608,0.10556780935317601,0.1494919653069133,0.0
302,0.06721611762937846,0.1209010896979597,0.15257110429972479,0.09667561598197828,0.15203356854282407,0.1310190213884577,0.07131766731982189,0.12638488034615636,0.03768391907181255,0.003202712158850473,0.02451122236062028,0.21036441657653127,0.1424820947946811,0.0036528393349415313,0.00010237054262612558,0.027855401707332028,0.153302056515628,0.0725757038992086,0.0613841783593016,0.4160085376598676,0.0031730794363493938,0.006596382056441007,0.21964345036288646,0.040644541906308264,0.15959984851069645,0.00919092161534347,0.2686194278189369,0.0867083261818495,0.013325664179307885,0.11679379209231479,0.0019224067417503616,0.14308506030512477,0.15304869779492938,0.25633088463416337,0.12506478471865184,0.002407166183656375,0.1474177482939151,0.029529896517358874,0.07501851026680238,0.03872045668143851,0.1577569513132682,0.12436483829940807,0.08135582800606618,0.2650523732561773,0.22890140402573797,2.3423422779532458e-05,0.09877633587045614,0.1294732741289224,0.10802640713687013,0.0
303,0.20952193911028433,0.04243272487934717,0.2690187420362733,0.16573070928127254,0.129890274481379,0.08178592488752803,0.004045639582947249,0.2320057925106429,0.051191373186991886,0.0027219603165699606,0.043136470375160975,0.0790773887511521,0.2609905423080557,0.00019307076822082348,2.2385673793707183e-05,0.09231413513669934,0.12015194914932156,0.24023055467552917,0.062048016690334946,0.15603622078142307,0.000740783821193326,0.0024953017946876357,0.11429126934327964,0.13347170549322535,0.03870869368934701,0.001716878415030944,0.15603943207715204,0.12223154364946393,0.02139733934464968,0.13874346892933825,0.013727054558041633,0.06258407180539516,0.33928262618175253,0.23273176627994158,0.10543580156102414,0.02798536035461262,0.1691585017978148,0.11918685393183338,0.16436000792501493,0.14709384754402807,0.08105936026860847,0.09726655990005481,0.1142236373925242,0.15669947741624624,0.4592320005815878,2.4468561485318735e-08,0.24985118001171558,0.18024696880339466,0.16686531568600496,0.0
304,0.009571869283114771,0.05769800623028353,0.13825410426546025,0.09265829272196661,0.28424887854200664,0.2876988382910786,5.3550106230740574e-05,0.15055025698470095,0.05867975813999945,0.00012142320867698234,0.05476551878299566,0.263295248729655,0.2703422368613007,0.03872166760524153,1.64931607575536e-07,0.003807937222177896,0.28312241864000764,0.08318788970372963,0.3492084496154542,0.06195360830059471,0.03253028583914592,0.0013835590395693508,0.21593365920675808,0.29152203620013184,0.4347422264832545,0.029800785395306256,0.06178583756654291,0.056826727748113016,0.0007562766188002265,0.19573344206137697,0.030522105649357638,0.04111911695352411,0.130635290956857,0.2199714360653362,0.2166749201741784,0.01530397769675244,0.30312359856158333,0.08660032015417433,0.22182691479172917,0.07505785379803037,0.01475258203408285,0.10031306563837881,0.2924096732604217,0.11647455666629165,0.17195525822047444,0.003573963996336587,0.04271664364615923,0.031222529215052218,0.15113396171187155,0.0
305,0.1903630980987378,0.03552250768654813,0.1748473342866406,0.06273435273284067,0.15625741210307637,0.2038194785212438,0.13580103925818396,0.042999003045719554,0.10301145726945002,0.16007265497525391,0.0020457478630242615,0.22434515198737018,0.15876686214696958,0.057375610429821325,5.047683151865452e-05,0.32942298125948755,0.23706726486874896,0.17961880370669925,0.1052402103640776,0.13353661739543982,0.010687063084291501,0.019671549991892728,0.048402873155423,0.09345350229802417,0.038633848908484134,0.007905153148426233,0.09215064375607275,0.15149131385517445,0.05558775188204907,0.09437357928387606,0.023022895373076654,0.25578222949687696,0.3155548354070738,0.17832466189894092,0.13285616958513602,0.07233532290809261,0.26496008264168924,0.06337305635027962,0.05982917580871815,0.005781733008747936,0.060618879651411946,0.07336601753437641,0.11090941630837792,0.1934169533027496,0.3097817288950603,3.017042658598794e-18,0.0485210924306485,0.058912583064915876,0.3371811588324226,0.0
306,0.04755149856624401,0.2625252643340008,0.12577218429339884,0.21381339593868107,0.08247988579519527,0.1210692089208217,0.041821953258348914,0.2913455328970408,0.17889712012073816,0.012880038825189637,0.023559764328990974,0.1687268128589876,0.1720064456817497,0.06544279607920007,0.003311292599703015,0.0015780569619601394,0.22731853036814675,0.15801501194047568,0.0674279758986962,0.12735693247600918,0.028013642557601144,0.00020168667399255084,0.2708385852529436,0.24813759929643464,0.5354543771029542,0.01992907430653989,0.21219989229370517,0.29661058328602935,0.16138834840396565,0.13980407051174665,0.051177072921589725,0.13239048713862822,0.1071363554508995,0.08350121769549725,0.05268789804751522,0.01405371875527409,0.040870299984737665,0.03094452917642955,0.22920994942669518,0.12094608122575495,0.08911063939756163,0.17916610125502216,0.13776177018090768,0.20037131883736367,0.22558042684695037,4.660073720479544e-18,0.12321509409368797,0.03345676610808762,0.2720645406452673,0.0
307,0.12148155890630076,0.07502065952687688,0.12309666527757547,0.08396822920085996,0.13654851968624082,0.35862910903660394,0.031233802991915045,0.11869878624864098,0.0734454917162485,0.016291137805903355,0.0006045165398137707,0.055913852523352583,0.13923724933726614,0.013256290814897348,3.6470800953791604e-06,0.15040304368195057,0.1761070495732326,0.13692661097389913,0.05714962407517068,0.3166374717512353,0.1586506007583126,3.8719781222869787e-07,0.07054166002460355,0.05520496994400822,0.08337306236773213,0.024193903373042166,0.2852009909793379,0.10027683753889208,0.061101358725897954,0.01715133697092981,0.0013220193607484977,0.030909000066953882,0.03513101785030439,0.06281600690376142,0.027127395135489823,0.029578675334551725,0.05626946035253648,0.024695172531730772,0.21878611592243524,0.005301828151643851,0.028177031349322187,0.1822587751065318,0.20949429388161458,0.17699960048777919,0.032911737275653254,1.0407563926159733e-29,0.07373423104367863,0.05430708504600603,0.38556159969676823,0.0
308,0.04455566735049613,0.24329368407500834,0.43380039131839876,0.02875488047429409,0.027564845437753744,0.3542024645682423,0.06952427211156256,0.10109449439932026,0.16722586087585137,0.012063258075112496,0.040041944502757706,0.13993055193659526,0.2767570461647369,2.4878697043987608e-05,0.0003190440314940024,0.05641110227858513,0.07703967702130324,0.10116611528589557,0.15158371296494277,0.06160786385845921,0.027980864418631058,0.0023643209385279724,0.3049606663200915,0.013496427688096635,0.18459289647893268,0.04307365689257762,0.2880527261581195,0.04161277980053381,0.003645482963171769,0.2023112509860888,0.04160938117768038,0.017457679938509555,0.11544260904361317,0.041505668250520496,0.01619599677685882,0.013609948145129787,0.06908903781538062,0.028449877807191812,0.11278846277632944,0.024727571929020538,0.15686280774233502,0.29793852634216406,0.12777253328227245,0.2135202313705835,0.1513472938217229,1.2320849228719679e-14,0.15901206804755802,5.6934110693778194e-05,0.3217730743242494,0.0
309,0.11477139886233059,0.1593472469614786,0.20496950361753768,0.02438999536383867,0.09050647950306773,0.1366506140949114,0.04530345960014184,0.18141364034789506,0.14718424922089296,0.0040904821623742715,0.07317138594123875,0.1067572237464947,0.12286830144813443,0.0014977328084020238,0.0024627198220070925,0.05032452122160854,0.1734213595069654,0.11722508867681751,0.055337601650118445,0.3636486502295695,0.02466394718761266,0.002172915753679836,0.18738566258581538,0.059533112408288465,0.1552693442106491,0.1209049218564002,0.3498026921117613,0.15353927976556436,0.15469536148329172,0.14922046866502403,0.01107838854788546,0.26312876979853284,0.27795338489087956,0.13465753225334123,0.12568638709644925,0.02560911727551375,0.048147082448594364,0.12936867859728424,0.26715197352846204,0.0790747281001755,0.025634958207329864,0.03660449613109671,0.3589279674276482,0.15583182604457035,0.1481428609169964,6.13128323573967e-12,0.09707418018574368,0.023688737968639063,0.07474607185164393,0.0
310,0.10966721935476739,0.11850416546996562,0.16495595967009805,0.015280499924698949,0.16329486287980796,0.10063264468801907,0.013779603975884108,0.1221427344435284,0.09407705837483914,0.002311034825607577,0.008404614834148172,0.4228652698508491,0.15247024217824043,0.028994588964234857,0.00477293387458549,0.003878002481662705,0.10215971893542657,0.2526590090222748,0.25738999481195374,0.19372065400185948,0.14026918452832346,1.3084569220497192e-08,0.07618338609582598,0.12089399605427732,0.051175053834707,0.08957234239864047,0.16367359165766593,0.1499296611397125,0.00011247039682439169,0.09507417661466905,0.08940396755382643,0.09334141122291863,0.09492449635383128,0.1747188188016977,0.10160672074326037,0.1864080865792211,0.024012959377251467,0.11469511566997721,0.08835480866735952,0.1094875476793554,0.1404827911554969,0.18200413324166873,0.12787693681604145,0.09065180541225785,0.03432172783302854,5.489468989534832e-09,0.0806025802872727,0.13402172286136052,0.25895108108961995,0.0
311,0.027088072246049533,0.04325411581450794,0.1879106471637246,0.2240774369868087,0.022148823707995754,0.1056198873245534,0.0045773358496928535,0.14265080763243934,0.1249355002431329,0.04632050101489211,0.04917194473932564,0.42341509111051623,0.14655778039087483,0.044545167470046984,0.000426046624211939,0.10648977883750221,0.2516571185808207,0.16666096970147473,0.04353669052508676,0.1763522241515894,0.002532523549034828,0.14799529960949923,0.10669902246405126,0.0018980450676548473,0.09677962133670992,0.03227862179561536,0.45538701568714857,0.044690053284949266,0.020873034083500868,0.022749486129924775,0.03352143638528671,0.02047525673562688,0.15246445983808213,0.18107834176215645,0.11626538784671732,0.00012605945473411734,0.3031093373221522,0.0781710743333649,0.17786621729042723,0.00608787940110584,0.1471306801839977,0.09939526051700773,0.2782201049347902,0.13881377432526473,0.2830944468080294,0.005783179279676572,0.03466507909394508,0.0013432682868636855,0.0408110480054461,0.0
312,0.018732257337662657,0.07061934772991552,0.2510458034918387,0.10497043141253436,0.34804018167753115,0.17229477491224562,0.0281697291484037,0.12476421504479608,0.04047942327677897,0.04417535667800206,0.016970696083929544,0.1516701463593926,0.34433579071952125,0.0003502739440024514,0.0003447132090018303,0.22746921459297553,0.40356566097297353,0.16663172930872686,0.046233896117239055,0.12122182853372,0.027747148431944483,6.821508011744786e-05,0.17536750348576155,0.037567659156724005,0.14670964313993515,0.00301073302729127,0.3492894912006012,0.1060844968306477,0.004678221877297829,0.1200123878012404,0.0003587818618516776,0.11020772563332415,0.16533651361840968,0.2915498943338634,0.0494728260259432,0.1283469794527815,0.027910098983224805,0.023561501719131128,0.20761442158277935,0.033717436044482026,0.0842523674954066,0.08253676788078729,0.21710516701591787,0.3127870991225333,0.2943555318346552,4.320392112105268e-05,0.08692151831060727,0.06424547155707698,0.21292337640174674,0.0
313,0.04158183941406027,0.02628016642094035,0.12130352148377956,0.11401211062146653,0.16327432382745447,0.3491366717505546,0.0006029050713017983,0.2315852657675159,0.15973532003320653,0.013505179028462558,0.004643160701381188,0.16463205623065164,0.08315665914293327,0.11074391238606268,0.03693509737125195,0.11254045014253258,0.30334651561796383,0.1801619237331441,0.0761413431087542,0.3184679420332691,0.01925984541552603,0.056253026091968424,0.009116102294557941,0.04305849534953007,0.06692773781769906,0.03397414023036193,0.1903335616048364,0.32556130431416275,0.06091348609543638,0.0800980341549306,0.007923278063342101,0.13296692841235946,0.20388248808379217,0.17046569667322295,0.17386590470365224,0.029508343865895188,0.018382316658335545,0.011726645232557306,0.09353229938765649,0.008380313197953551,0.007356953127982118,0.02773659302913754,0.3785079480512469,0.03654171878585319,0.18339887413271452,1.8717348878419036e-07,0.16792117154800187,0.04718618936347918,0.14506234047075203,0.0
314,0.10568805722138437,0.031576355731801745,0.2131796123255996,0.11485631525789843,0.0503284911639656,0.13648245012796137,0.0303325037156732,0.1881987231662473,0.03937246871665096,0.08702982850838822,0.02458096241259758,0.06300130868469175,0.11751308170669651,0.020832549216059947,0.04816005665646226,0.0072079554907042796,0.26895642632091826,0.30690868357024104,0.09631288090354008,0.18718410392867788,0.008332135276179537,5.217780703229259e-08,0.18030987264241782,0.08234400741598001,0.2585696229834558,0.011374402125898577,0.13964180066205337,0.19760783218020572,0.005349927168926617,0.10323578117071533,0.0024004034227014695,0.15973313769301828,0.03531751050516095,0.21052977958208394,0.1601796957472359,0.033379530855368655,0.20405602652696703,0.04391446625542517,0.14214924149063288,0.08012742588935064,0.12605001222450607,0.15145731662569814,0.16693611422907054,0.031097256074416303,0.05508201238609655,2.1840247600827246e-05,0.056799689417641706,0.03939590101391524,0.11244944592678208,0.0
315,0.034753645264251704,0.040076347177634725,0.35752728118082755,0.20130655784345602,0.0335771060950079,0.3339630250104673,0.08838655426777928,0.09373555120341133,0.20742822503424885,0.02161584727168425,0.018316715660807996,0.2789720744060643,0.2446070760009913,0.03405069939750263,0.014157639919544692,0.09786279943815862,0.17201437184881893,0.048832065464301924,0.15515987456651495,0.13945234604785378,0.008628119619363007,0.002832374514930361,0.2957758213088704,0.04878903550048405,0.0684694463259516,0.016564285400091357,0.2950984932492787,0.20109403962191688,0.058543263128357795,0.0181943754334563,0.01873993475064939,0.07021122258166096,0.04900698051729524,0.18890741944867398,0.16006733876941942,0.021953680698889498,0.14059976912287253,0.009278398922220384,0.1328544912317008,0.0697728746918804,0.04124986693830446,0.12973023225142225,0.12091614742673563,0.22004966220919336,0.2136052622510718,3.91596124097446e-09,0.35632239823434453,0.02068690869540125,0.16666650715979384,0.0
316,0.1356608740437495,0.00961162227628891,0.37099741815499165,0.011744092052942724,0.21412197131619917,0.102905309348174,0.0031956721342286444,0.16827144268572275,0.2571236848502438,0.0031121861111597193,0.07162064070019793,0.14950184352008336,0.23198677906432194,0.008215528642714838,7.623043548926692e-05,0.0018293244684070642,0.11958748795455361,0.09968422223408553,0.28296799494702846,0.285487551333136,0.02712319987261318,0.004659890256413582,0.14510196053846466,0.08097810111181278,0.03380213567784165,0.01129372593248861,0.3621025600768157,0.2368450770566532,0.10414270009426417,0.031267771724664786,0.054723096310848665,0.03749111569207131,0.05444122299734812,0.35420194504200964,0.2789345871673764,0.005185098183801861,0.08446147495368425,0.20676096033929184,0.13471923798773167,0.05601495342082332,0.02945157335635415,0.12361292128571329,0.2151580560246229,0.19145747872353544,0.1798487543358185,6.375217132254236e-06,0.28401944746418767,0.019940589703956242,0.07984205635687705,0.0
317,0.03247322673953975,0.16238258645463488,0.0729135058717392,0.22676947516228754,0.26184009443195283,0.1779745396345674,0.009441453320274263,0.16081773644555608,0.06127606530226873,0.07833591735492271,0.006935323026180694,0.12376323122395709,0.1845948847675622,0.00011426722103956771,0.017900963678870865,0.04372513515750141,0.27749888639285,0.0973390933674086,0.0920435155027041,0.07202441317391181,0.016427601225097017,0.0038081757739938374,0.09645158595468649,0.15401715524646897,0.12628125452654224,0.016706260459774445,0.25467174289971306,0.1129164968926877,2.8381512353629253e-08,0.18544595524031313,0.03303897037566886,0.1996936760925565,0.12432122902511998,0.2667592731184646,0.0799012512950176,0.06217851263015065,0.21910507390831735,0.07886708324717351,0.2653952823646561,0.07815573202975647,0.004251319007125577,0.188090560168473,0.08302716347820335,0.08624852520959639,0.13803990187243287,8.358461375393224e-07,0.03280006105263509,0.005382449593592151,0.18033475712144512,0.0
318,0.013429450379275924,0.08687005555895654,0.054259022278992326,0.26259818243736616,0.026245765582670978,0.2751375872141701,0.02087895052455326,0.11030703599583001,0.11473705214821796,0.00026405092820193355,0.0025871954046138724,0.40353500140857007,0.10545931469723717,0.009819509956145908,0.0008831850020783016,0.19956983672918838,0.2633686271204802,0.16890377358917888,0.17917743067402175,0.31808149089016324,0.09238085030054573,0.0003208405257804674,0.059702827779767126,0.16776526505767297,0.016342554545730897,0.027015390670853068,0.1293765633907081,0.03872248172205608,0.01089671923385543,0.11915690778769034,0.0025239197577909054,0.07500890254232556,0.09488631303194911,0.1999521516150576,0.1596167326277858,0.00014972659787197064,0.024972437947466026,0.07536784918149844,0.07296705759062067,0.07299423369299543,0.12663300592690552,0.12174265389904376,0.2521738062797096,0.1297101400411694,0.1578155316601622,1.3938441187494618e-11,0.04676890548689631,0.18865532899292822,0.119665882553299,0.0
319,0.18831088001981247,0.022725367857927455,0.2364814678233329,0.06262452520743046,0.14128936861087035,0.20704659742861578,0.024854550470441522,0.29473022421291967,0.1697203340158982,0.08205012761108339,0.006370535759467692,0.1722416824530638,0.13145044369005363,0.004026708552655752,0.006586622325786415,0.024949381845891752,0.2582002246241467,0.19962392059579326,0.3815700237367987,0.19780220364287482,0.0008122067702364863,0.05264527553145104,0.05067775322428059,0.05900846454926061,0.0677709542890023,0.024960731520538997,0.34170609452812417,0.08116848311140518,0.05488581583749237,0.16103543728553463,0.04563644836209563,0.06839973842725106,0.15318565467027917,0.06324554333546029,0.07293247040347961,0.07526685455365838,0.0514691219889676,0.04630873611345101,0.046936842267112484,0.005508760497583282,0.10224579976561492,0.06942368806154298,0.25070265525801605,0.03176054502455132,0.45268504076675503,7.452865542499486e-17,0.1719369034373092,0.01698718548526192,0.24728000724660923,0.0
320,0.1814400061748087,0.13042850909412354,0.10652396322257432,0.036837270468036414,0.5434409564110405,0.07858080175028323,0.01506553494263264,0.08492252426682045,0.013883715434778902,0.016976276415135997,0.02976305124550269,0.17488529005800096,0.17693041536908083,0.00217846255356109,0.009543174521439117,0.012160139250090749,0.2642594636943297,0.16147109030769674,0.11233371713974359,0.07492213485241778,0.16493964551928555,0.0004960284065058331,0.31477280413277214,0.126186797224773,0.046431549677774304,0.012358606426350262,0.16583957687752,0.10017152324268201,0.004997816909320879,0.09890270868283203,0.04645659951240583,0.31873588190572316,0.19000143307309172,0.1771202373004459,0.060821802433226525,0.1524853361759597,0.037835390602153726,0.2367051221615617,0.13852858818716512,0.05051357463252587,0.11216043597077148,0.19968619030141274,0.49534806628289485,0.16981878703862643,0.05633214459334982,1.236584371455227e-26,0.03252578281802826,0.00011069032137950856,0.2914039859659575,0.0
321,0.14388381392234328,0.18421075829171507,0.04776641812193566,0.034717296860172574,0.04438471310242042,0.12424464939540618,0.04299965029286057,0.5386134878765532,0.10238885375383988,0.07786650366342728,0.04844786885807928,0.07083216960382545,0.10263802830282574,0.001703535153575555,0.06407093302281523,0.14464201867980606,0.10704292883202256,0.19690557047157714,0.08358143347093956,0.15128318325624773,0.10739693975091676,1.1633929622298158e-07,0.06628953534682265,0.1280490863586627,0.2047432149842142,0.0031212418508668746,0.13761275176395057,0.20193893754252884,0.0014869322607492827,0.04780869614574572,0.02176080104717549,0.03559894981235835,0.10416228827893112,0.08858382437509824,0.18986322494965133,0.0013348570635563167,0.015425177392737991,0.055333072551169184,0.05462335959306268,0.11276823214223307,0.04736798520588006,0.10392683295784083,0.23284509035775286,0.04591329496909632,0.19668889215407548,1.8596097956095417e-07,0.05186431781617137,0.028398434495665294,0.19570856029272593,0.0
322,0.1063852581739391,0.22530042532941444,0.12493027829318909,0.11592514823824057,0.09580627313423526,0.2118638996203703,0.09788533681597092,0.3923041641318876,0.05145919735381978,0.0028242384295977517,0.07811331349192123,0.15467409114613215,0.18944875807373437,0.00047130554375466384,0.01985396466956946,0.110025129458746,0.051325646362532326,0.042434094946317856,0.11049265492044917,0.2471224702354702,0.013216999186350047,0.012604860798312332,0.05671869637427302,0.2196768201451824,0.08860304827167671,0.04816719571410788,0.2125209557843619,0.07993881286573501,0.003026123022730104,0.03606932122652456,0.0018284467546786898,0.1866519464695536,0.20680978879476902,0.17794253851516548,0.2996496802708887,0.02038187539528893,0.03656914457741727,0.005659421890078125,0.22980212077799264,0.013542257116884384,0.19481473155387258,0.04057848206746456,0.16367492116653543,0.08901902403999107,0.17908634904826543,1.6176225037125683e-08,0.1798800653207649,0.0011147978698726638,0.17181367716112952,0.0
323,0.08796490652484462,0.005726793033740036,0.32177157833355535,0.024146958428114883,0.1864994257123167,0.27414421553697954,0.005587291607172782,0.09747131826539858,0.10495628549637726,0.00804893357798747,0.04348693480685168,0.08033343723379287,0.09274288416652758,0.01279708337103366,4.0308637944617745e-07,0.05159992489016685,0.223009047333256,0.10404480482212312,0.11329855805128232,0.15899115090548493,0.0003874632755934345,6.017655598035928e-06,0.07426883888607988,0.11820603567361528,0.24627551922771862,0.0074965896348044595,0.21896230839684858,0.04200429594519594,0.024302016803852737,0.1512230145760441,0.03763504483125982,0.03792644512356623,0.2315347803364915,0.05957634110524457,0.04481998956382924,0.07576587297663727,0.11855814823538155,0.013353944191010683,0.08845180451321469,0.028245634017418978,0.048464174080048474,0.04241857191946973,0.324046989281631,0.22693451395493844,0.12963801551881485,0.061540452118632565,0.08523389899395963,0.014459260950383477,0.3254163796378531,0.0
324,0.15459227190992636,0.23866417050407854,0.1374010864809069,0.2207121829927235,0.07779911221974975,0.08473917578897222,0.02355116095168947,0.24014814653495153,0.06805699075422586,0.09553076093444281,0.004335418335589659,0.25738990717891636,0.13637415187712845,0.011375604096330332,7.510580360466558e-07,0.015132996929008834,0.19739103454147078,0.32991434996000635,0.04535123087684075,0.172872320787528,0.004547961718457938,0.0007818854640124521,0.14928276088338463,0.14333186755300348,0.057481742719522805,0.006563482940689115,0.45055973149759687,0.09329391136258346,0.08197157821671795,0.027381008036034896,0.0028980793767210402,0.009861672995876078,0.23436619646001672,0.28529485161834633,0.13442289543843236,0.051978932466761475,0.08932940189482967,0.015073090054255403,0.318523488830553,0.050275375380248136,0.07326100183192973,0.04807417778531389,0.22429693430254086,0.09151494670731683,0.1315971225270478,9.415222680379135e-12,0.1502602869247726,0.08561157076841946,0.16000112518419662,0.0
325,0.12149501557643415,0.18711445935180662,0.06050632417748734,0.020373579376615186,0.15682429111256557,0.19623807837077573,0.008592992998502493,0.20661704738322895,0.09622626196776578,0.03644466693176352,0.10696153933861971,0.25853452266638416,0.31967050458322555,2.404034112503429e-05,0.022962693440517264,0.04953555951092839,0.08906989777247543,0.269713739282693,0.11339849147546752,0.0309887880376747,0.09957970093696386,0.04446933227611857,0.1654452274265556,0.07763242238623988,0.04607597962593191,0.18316831709004894,0.19051430102677722,0.098939325401946,0.0040828670078057894,0.01722770763719415,0.02139158162213562,0.2844043272881847,0.05412415967592662,0.14340663481469626,0.1584702398690708,0.09695405353841706,0.15992582135835398,0.02119306124233792,0.14642168247667184,0.0026803324516146963,0.039127069380171665,0.05788757571099809,0.28983434265319363,0.1787579521653152,0.2090769899651948,8.470428407348253e-26,0.035472995030443995,0.005084850333298183,0.24149616889415437,0.0
326,0.19046772160735123,0.03090844896675891,0.12067907264229802,0.24536435322258138,0.32335371375269467,0.22134104181327474,0.010933767575806996,0.16259248985546007,0.18634734486413002,0.0016157315342509478,0.0019285117087979788,0.10211910146659244,0.23097822163455106,0.0001414128552872101,0.0007017421276487368,0.023615738364759477,0.20062299093177002,0.1375425320080347,0.08388449147079105,0.2790901911115628,0.00019012698195702493,0.0025690996424831795,0.03799735546805903,0.14754957202715982,0.061071903730908914,0.07290542314954514,0.15012187773691935,0.0070905148504599655,2.554635261930905e-07,0.039756002391582446,0.11104367855546043,0.06638010354192167,0.1816533283930418,0.13992147478952305,0.14685555441169512,0.03102615413405879,0.03627842318994977,0.008465576457927036,0.20254887132170374,0.00142141896506963,0.11687036298225488,0.013838526560687748,0.1370598653677503,0.11061560810822275,0.2808385691630651,2.345275646870456e-05,0.043624380429726474,0.0009228551744750253,0.1931404498581421,0.0
327,0.15517320085367675,0.17835572455875665,0.09780899555366582,0.1468283077219725,0.025878164128028593,0.08412084695512123,0.010459427856364095,0.17276809170991722,0.14423992297081686,0.01676984206519339,0.0431589939439973,0.07132927347606728,0.3508267588749812,0.00016423457455020895,0.09592750766704035,0.022861729266181942,0.04117536913775056,0.049107069630755146,0.1108019115197519,0.40004559679812945,0.09137618600737862,0.0002475878985095701,0.13838686460281455,0.07254614403821719,0.019090196493823458,0.03236581434256871,0.09270447744921878,0.22967772295683384,0.02214062969778183,0.15979238277045546,0.06375867370865207,0.0016593737593658788,0.4153592222686204,0.0315031641730954,0.012823524458866883,0.0015936938291058217,0.03842924630494254,0.1755384460588534,0.18350004547411497,0.08080816106680914,0.027629878560449083,0.46544740562565273,0.36424973656343823,0.07932651403441061,0.1468813060890376,2.6194356394053175e-05,0.08921348777843731,0.08565600048745536,0.22946807992255966,0.0
328,0.0367708933879945,0.05526015577939712,0.023359583262345697,0.14665329354007697,0.0906946626513327,0.08763773635576848,0.09182056808692737,0.14015410505665937,0.1044380771064969,0.00020784742049038694,0.05589850370547891,0.16709173505317793,0.206794719312765,0.015962217099468764,0.00012664188098906665,0.011116042766326092,0.18744046338133552,0.10943049850553059,0.13231430526468824,0.15978343271667106,0.04689962980240299,0.006920244146121693,0.037426310441121824,0.10430999857537354,0.23186111234007017,0.016313515250375204,0.13928982418287214,0.08430977718479696,0.03509114002556712,0.11805139219952564,0.022085384567847078,0.10504300486675447,0.34291112780409944,0.20470837555208782,0.08041561981297585,0.026394851414400882,0.1062298432319533,0.02640970519435835,0.11527794598861912,0.05652090124919679,0.02823845847446734,0.11026718280004716,0.12029665454794275,0.3403527113820843,0.19557822163720887,0.24733677959169942,0.16058698729525367,0.16685929466355265,0.12392018072314843,0.0
329,0.20275315361641744,0.11754999601043438,0.09778899194196419,0.08148122274231234,0.235731812431112,0.1071422596972026,0.026774868355814902,0.07596184169447488,0.15126530016062753,0.01180973108877324,0.008705221573037476,0.31448445101369354,0.0935156353249218,0.004048670072468634,0.008486920528023313,0.11764684576284784,0.313287660820853,0.2160032140971985,0.09675686556059947,0.12513728263566906,0.13733037485291086,0.009504689250123039,0.05120988606616313,0.04734466521782277,0.14015218676345378,0.008765956449595576,0.322234923689741,0.3849826701507582,0.011637619661617414,0.16485786759947635,0.022131322068017992,0.093656469685042,0.24730302327659376,0.22916881294783845,0.12134316548402546,0.03517119230045662,0.18594770203424668,0.049164851741986745,0.06773169218633904,0.016007731112565496,0.06937769188604785,0.06811533202927579,0.28450412800273245,0.023245627396120332,0.04038164955524483,8.787342711507328e-11,0.1971429202121789,0.10253930084427419,0.1666662906016936,0.0
330,0.08847061305866769,0.012890798554868882,0.0591994526247991,0.03353554994629704,0.06581232461219327,0.31451148453366745,0.027777638870889017,0.16654052050842807,0.006955693824493331,0.003183452544838877,0.04250705404948252,0.11971715407048818,0.2979035156322829,0.03427428069773585,0.0006595899786093473,0.024189880703092855,0.35605882484694207,0.17794843213877948,0.12160396511859567,0.07633489131010796,0.007803037114889583,0.0076546718743121574,0.14931809859996606,0.014414568124994783,0.09356054206292874,0.013000080125947097,0.19487904554037136,0.14212570376763792,0.0049516376314018345,0.04867395291520064,0.0002673404988617822,0.06448818135176206,0.0775934072169377,0.16129071568247533,0.1312667266189949,0.04848026021040711,0.041258129436974385,0.01794442276231594,0.16123122534675488,0.021149301475495447,0.01901216082406252,0.10567725704770944,0.17938683755673673,0.1923175695017715,0.36022268368455235,0.0002591809476173151,0.09709407648550389,0.022491802936488975,0.21039486809543181,0.0
331,0.05961176891373892,0.08227666433794141,0.05221924914637189,0.02568303703393902,0.08624723340874274,0.09351771871232503,0.0005205698161468537,0.21401041074651106,0.01042431311410444,0.005047798206741384,0.01980845335490073,0.20118845962022494,0.144113964896086,0.0363602882703248,3.5205086776271907e-06,0.021318701418720217,0.06575916914692263,0.15668802708921328,0.08376586866833856,0.27356467919255006,0.019165651997485256,0.004021788243958589,0.19072233763578747,0.039596354120721,0.10418856639667863,0.009656940050659764,0.3257375840082968,0.2068512939204464,0.012369079961271606,0.14860438034529722,0.09437004375378764,0.17524724979264694,0.12189982942879309,0.009897172065490881,0.14040150896220951,0.06799991071430941,0.027165006327974892,0.0841420215738038,0.27210851086937343,0.02612276522538972,0.02972757614530954,0.0356475186249093,0.25464968657725345,0.13100663283707412,0.23831160625252867,8.437140504943006e-10,0.07448178308130009,0.019216974274138317,0.1610276730665844,0.0
332,0.24026967497711402,0.08269591024784946,0.04929396324390921,0.13731650420938768,0.2693985953721643,0.10302826617413317,0.025443454264780636,0.24528759020714047,0.017669549927954113,0.0011923813399473593,0.07711459198953544,0.16660923357962765,0.31756577743702313,0.012824156271677977,0.009475912613455229,0.050329625078192025,0.11486235201550897,0.12452557825599121,0.2835989060529749,0.12462146232310031,0.01311220300585075,4.359286707484708e-07,0.06679838464629131,0.10333990899245012,0.23132611835125075,0.14190187867909126,0.37477407054464085,0.046699962851038467,0.00044555110012643734,0.3901172017342919,0.10121444835648022,0.14111004135702573,0.10589883464320028,0.08950392267277131,0.23976908084529328,0.0012124295906632485,0.02124908319951558,0.006853556348404523,0.09768642121644679,0.04326458036422442,0.07381403124235879,0.03937642117037837,0.328156875058586,0.11028483308036031,0.26849569396057926,2.395475228195775e-10,0.020489715099795917,0.026256284978762406,0.1942989151606064,0.0
333,0.3055443240629833,0.1872770965252237,0.24705457839462905,0.16787751996949132,0.07927101107531737,0.3655549450779732,0.03632250453686682,0.4354461157008302,0.1728686914685469,0.025727225633783372,0.12123289426890496,0.25892157757101797,0.23889893898387904,0.013944527726320523,0.028151671122683873,0.020138735281866067,0.19546145060566872,0.12805486759883897,0.18240740588727966,0.2552879317825003,0.015119758977482032,1.8253866765415185e-05,0.08709171034653058,0.0479690908925126,0.12174084988076375,0.007728301763794357,0.29112822295069196,0.12770912269658666,2.266871005400246e-05,0.01413005726188338,0.000689167794330026,0.07782585201533768,0.29436601872732876,0.10115075845315562,0.03900335541249141,0.1380917569589956,0.07342394144682377,0.006437730133801501,0.07406274792645573,0.002545432388978044,0.07071413540031793,0.2329640109176345,0.2689485640170578,0.06681413000130124,0.09145881871663651,1.569414212152696e-06,0.04519060449497524,0.0006248605033413501,0.41571394007621787,0.0
334,0.2500841821942454,0.04978102528071561,0.05282518089928992,0.040194467521882805,0.2907515012729343,0.060960605585917926,0.01590965261818126,0.27255602378567734,0.040244651057276065,0.002748234708135151,0.038103195844487174,0.19512735419232893,0.06102800787963275,0.00021605400343740667,0.0002725507607326551,0.034569491909993755,0.21365575469413023,0.055917643563365364,0.059766851051603266,0.18181860762985946,0.02226921354766713,0.00046351742817768617,0.21576252232883808,0.12265212022388343,0.10573237608176753,0.01339128512508487,0.3221080564324885,0.17320679423976768,0.05504252504823624,0.07879222825730213,0.07124120500048012,0.13052008038696333,0.26971129489253304,0.04738214565663666,0.08164945265953434,0.0025416367014242103,0.04864939574058598,0.15735077101076633,0.035178167676786234,0.04755369545025907,0.04464803503434548,0.1556551368257955,0.03625878894596992,0.08577768446114269,0.07627162003262021,0.004390649262732445,0.27227317433428105,0.0777258729722913,0.17665998118591147,0.0
335,0.0223451321509849,0.012085971104100401,0.06293402655606903,0.04256330148163284,0.31037342473338564,0.2622810287400695,0.006101042834742216,0.08103641735783065,0.10554822516927288,0.007765704785264529,0.13258202239657632,0.28472771125371077,0.19672717679629892,0.02746238616599169,0.007646452275210487,0.03404761329251152,0.13236158178632673,0.41405613248532397,0.10335995421407897,0.19600749118017521,0.1724225264189777,0.0008327562229347018,0.054664024245462524,0.03902096926681256,0.10767000331280777,0.0857978181046154,0.10312141231871547,0.24211490481041034,1.2305272011937867e-06,0.005120115564592041,0.01021973659684835,0.19669265241649905,0.17645057314870188,0.06159128276042532,0.05548131543876801,0.00010420714177297727,0.046827103286695045,0.04836808949785214,0.1246576962347366,0.04908989903533607,0.11936968727726467,0.07299528193241701,0.4241614126648712,0.10156167161327123,0.1680091345561088,0.0001564231455749854,0.03007950539119098,0.03289121252709759,0.06255076406661188,0.0
336,0.014844994089914559,0.11162330381777796,0.13580433108160886,0.10142030287378526,0.1697154661104571,0.1798849404350438,0.05012820188301363,0.20709198960883843,0.008364910223623219,0.0014270094829036872,0.006151046874683031,0.10215325621451209,0.05442721740755209,0.001671713850167398,0.0014030982747792208,0.030367468286079894,0.22619798605897015,0.08041373502289761,0.0879549755386163,0.19722941395059043,0.04931183106962127,9.487828561556487e-13,0.1168587214191509,0.10052680973237843,0.062184934354099705,0.0013968799313207735,0.19102171518673375,0.05743920645229952,0.00696902982907629,0.07972571912634842,0.023026162899664436,0.008836770936800083,0.020396766998555377,0.18750861334040647,0.31299317957227096,0.002409387988354906,0.09607688835703924,0.022241886904188723,0.16261662940391539,0.0716693083005996,0.10392551644055456,0.1760135272071979,0.19966356195239196,0.25150453827411406,0.10907824620619545,6.880363945473127e-10,0.14424069815189258,0.017576289172835033,0.07905006219489222,0.0
337,0.05149718564206145,0.1693427327204245,0.07076152751231625,0.05565898043366627,0.25670140646148343,0.2882302737981186,0.018400744359378236,0.5649017940022764,0.005208680320979059,0.002209117447821812,0.034666916445013324,0.2551679597712527,0.11585837466016924,0.0009754773646022808,0.00011522572117255387,0.14194344446671014,0.15274767480938894,0.12163022692970003,0.12008705680588708,0.17392257756593646,0.012208047875332568,0.017778505680993723,0.2172916006266292,0.10372341434384712,0.09570812584989119,0.07089640978196893,0.2047740087048066,0.08557890904996741,8.870943951700437e-06,0.18620698699759075,0.14232615392694312,0.08105265377162092,0.1744548777703836,0.08768979248089738,0.029379612670274703,0.020407715951986254,0.12891858715644522,0.21618579343459574,0.11777737900446833,0.11354619644103918,0.09996022162766308,0.2462094009070312,0.1497170998993939,0.285368806907353,0.10639445145812657,4.012029176865076e-05,0.14845329201818605,0.008097536436509917,0.20477126005277493,0.0
338,0.14723073651349725,0.2076849718088004,0.2748938246050273,0.062832167440371,0.22478909954364243,0.13127763004580736,0.00518396798601586,0.3332189587956482,0.11479634418561295,0.015370398465172132,0.059233247944305,0.1287091658454397,0.2827396674513881,1.4257038003782148e-06,0.005945715575273104,0.11894489106940055,0.06446030280785675,0.17579513385595538,0.09262943764976964,0.08167212134100443,0.02480358681971124,0.014369083646362326,0.24805782135835416,0.055904604355077825,0.1726423102083115,0.09805975243209186,0.11190682655571652,0.2598839776502657,0.0036842147831528606,0.14105774784449424,0.00243335655770086,0.07006891985420764,0.311231388811466,0.27744701911641184,0.07153840445976795,0.08223409352140691,0.05307919365239048,0.05532293592222701,0.13562599338302445,0.01861281870552066,0.03179748739297908,0.07697010583126293,0.3770697463187107,0.09282969297656597,0.0814380577553548,9.537020922594814e-10,0.17226989080811927,0.003429664955446313,0.4068690148043187,0.0
339,0.10250328171422045,0.207629686733095,0.04886237936427642,0.17655282787400828,0.08030245805125999,0.19595050301842792,0.06413702516347455,0.025234541605305624,0.121074800184049,0.0019405446598371233,0.00042891764601234514,0.3758263483362992,0.22320643866702536,0.043882860636620065,0.0012812550601171988,0.010565102089995906,0.25117625831581025,0.19233268338327852,0.05561178939987082,0.18140181339609157,0.007387898890442332,0.025419597960772172,0.08403919376915021,0.13332367565959752,0.17415027562448734,9.052562805936514e-05,0.14260160576179304,0.10052239748304392,0.019902772072619243,0.2138134891540359,0.010241108806955548,0.08667713403886529,0.12129362875136049,0.17441722464639112,0.09356033667981617,0.009416140917692039,0.2597614817000585,0.12146789462895023,0.23685300661495973,0.21296839553615088,0.03189067219883397,0.1190150923384571,0.1943339668108314,0.18456532487935584,0.28134886344652216,1.3742937726465192e-07,0.18465455892994076,0.03899452866469011,0.24871958928861532,0.0
340,0.17891835033283668,0.09948256967833388,0.07550053894969043,0.049565944736742064,0.2025066465677997,0.08093941885924373,0.010121618631247175,0.1395852778843992,0.12374156186426312,0.0030739560247847087,0.019022880545134818,0.14511192653345423,0.19664655935360506,0.001616035974601083,0.00010739269999349895,0.13612655367354143,0.0468093664312416,0.26520758244380116,0.11322597237557988,0.30858439557050266,0.0690042669849421,5.7494762205209484e-08,0.04050525695879779,0.08038119455842692,0.05249695246348927,0.09237758278141002,0.17481757148268748,0.03196650767052856,0.07625018719953441,0.2363322152316477,0.0037104510947458514,0.030329152548582653,0.3213116716806203,0.05493347177617684,0.03107955784479504,0.12424667271259808,0.12963145474466167,0.05551127813851188,0.2808555114667955,0.0018615987315848193,0.001866239966561624,0.1027871021064193,0.19614700482763342,0.10964647754280721,0.06701813388283545,0.00034800482135879674,0.2313265386104765,0.05594241140662992,0.26102873203819316,0.0
341,0.04878297564276398,0.15225967831291193,0.02147718567603122,0.15494136662843233,0.048596330147211056,0.2576419669773261,0.05427425205824998,0.11004820176381534,0.007184218486610165,0.00041475301260416334,0.005340865458345498,0.23097837997649032,0.08017994653815552,0.005360485340718729,0.04123636609707851,0.10005368034012362,0.09984835770812121,0.13173665354368674,0.10244761719292093,0.2607590778804996,0.1216131723460881,3.2504988924182946e-05,0.020887224458027296,0.03773325486614121,0.05575069831881082,0.1629557937312234,0.3558358265141141,0.062043949671547693,0.0008344199596533265,0.17725326434140506,0.007325389970223053,0.14234834269105323,0.12728486953203969,0.10384757764377658,0.3743595405089277,0.03085558966321574,0.22481485325561523,0.00863169389204869,0.15511338080531917,0.09932138645573362,0.06813572207324607,0.21989940945338896,0.10902660333933142,0.12012594298775607,0.2505482859861787,1.4756876572400742e-16,0.13106668399245092,0.0026519588487096163,0.3611170296359263,0.0
342,0.048189067787068676,0.33044203433411584,0.3318716275245754,0.14916166538494255,0.05680079601081529,0.15332837939139402,0.06048344782542995,0.07806758145945811,0.07699978977964714,0.025781133304038598,0.048110522886686796,0.32733108474130973,0.11629368169847885,0.00987467475411601,0.011474263746917974,0.11613635832148143,0.11590382701043406,0.09899024089989998,0.12402758265383182,0.10923492561025218,0.010653489845467566,0.00661172623956998,0.17780154421090005,0.0749868558639692,0.09854355427677722,0.013728101334594612,0.251521966586666,0.05679344063895947,0.00023057123298019853,0.04234813776027096,0.09648854853938157,0.04325301059491687,0.3348827128367838,0.06499684556702193,0.20411558153257953,0.011371413855064181,0.03283064844307813,0.06888910681663928,0.21472524131066037,0.050638770185784686,0.1406335140775208,0.06671286841281748,0.19351511712765157,0.19861571965741284,0.14596649396035308,0.002108011051477316,0.050696652488582135,0.04316214345999492,0.3391431659460615,0.0
343,0.11639882076866157,0.019533301562198943,0.06934917457329641,0.10346573026761252,0.16144522590222168,0.176869434539597,0.040706105302614655,0.18686821419566801,0.07253417733900472,0.038003756134277596,0.039865739391347174,0.2905424170783477,0.13745540914695764,0.00021937646117574827,0.0008446890849688618,0.0255343546458629,0.1668239996606815,0.12124160121788084,0.07230495212521387,0.09395610231730087,0.050635979815223296,0.0005350559902078529,0.14679116138562717,0.11655634812006747,0.07685573752937584,0.08033859859890527,0.13619695883421892,0.055922894056810474,0.006421374872384877,0.22813448637316103,0.03043986973240957,0.0319442037342383,0.19255436598256093,0.1543454888565118,0.04021352888017209,0.0064903046749514495,0.06235728746460971,0.14780233099077117,0.1356455966461246,0.03205519744660002,0.10764148981542106,0.09794462110485926,0.24554333461583633,0.11056074913075814,0.20212740985248906,4.520781767161047e-11,0.08065184287099936,0.002503529234292441,0.11162491542322385,0.0
344,0.11077482581953486,0.01397015500156589,0.10236356554259456,0.0360478668906278,0.07666293799014401,0.2983499840774282,0.033833517560121075,0.28664874280374364,0.046954611823465026,5.9450494626112316e-06,0.06930106851460839,0.2041896603130555,0.2347041829192618,0.07897922230933942,0.0009259809345172973,0.01736919282803968,0.18986817040329243,0.23536556515903936,0.2146068398625379,0.04924248156399289,0.005732144370825841,1.703523415416014e-05,0.14166008353062465,0.05586079108954551,0.2145178437903629,0.04995073959068276,0.2939964290551755,0.17951222396226174,0.05131540225085112,0.04917705584270449,0.006685501445129882,0.0748006400452311,0.25088905606613154,0.08955059888545691,0.07461243015097421,0.005940702323230903,0.06561925082655633,0.04261426708219348,0.2574174563429975,0.016396046345211693,0.009793402959612715,0.08193137236386447,0.3561948982557437,0.12760819557148712,0.1634106829815773,6.418301359445839e-19,0.09868779390594376,0.014274311138421305,0.16883876443801699,0.0
345,0.0701302632290686,0.19231005378568272,0.034838232371287775,0.07484506840076979,0.04539039356483008,0.4058376528594423,0.13628081756156138,0.24611175633083063,0.14047449716848998,0.03147022444883731,0.016767694776344814,0.06386545872703243,0.1237176733138957,0.00383411503175943,0.005218791063944054,0.05601323169064447,0.2125898700026764,0.3098169309314034,0.09267198049648637,0.28231856682546436,0.04142869714808264,1.1185768748530688e-06,0.3118652835545829,0.18118095041429758,0.09785851354530904,0.03812830389565349,0.07322738163002848,0.10396834745296565,0.00013442914352342097,0.1224916324094583,0.09612718891674063,0.02991656483969655,0.243080418505821,0.13712097248404204,0.22372126637175213,0.009826198428146827,0.17936908646163097,0.052334069787988685,0.18653446459525608,0.07104044427953499,0.10004399526827287,0.14063669905099846,0.11660892222782022,0.14101358100649458,0.09539585887610325,0.0018204194264512946,0.07208389693994681,0.03645870506449443,0.15697716951707813,0.0
346,0.23387246793211666,0.06398836713856604,0.007758683341315547,0.09882969073564005,0.18647978765280046,0.05329348501759833,0.0007840972009135266,0.21600438139550202,0.2541076763913091,0.045044034007495425,0.06356851080322044,0.3914999772041063,0.08222397313115377,3.9843271354819546e-08,0.004825143697794533,0.14496352744652422,0.11535684022048187,0.22224840977280666,0.04132309082121402,0.11297491509385998,0.007612364516125861,0.0012888212379670574,0.09311236853184442,0.12683380264851155,0.09687675926052063,0.009804769628956956,0.20482628199582667,0.038203253899476486,0.008762740498549906,0.2405834842141021,0.04733613580848,0.02122830768034265,0.49238081362030495,0.2617457702037198,0.06158351738841561,0.007071621390727814,0.05988827087055935,0.0645309327648411,0.09930404465081252,0.03063606544141734,0.003056312279280911,0.03953873064750659,0.28149732486679535,0.04894183121204347,0.14356904811889454,0.08114830922083392,0.07246779444407112,0.007129972344689434,0.24473648845090973,0.0
347,0.07596818389765692,0.11620280309246886,0.011951237303214778,0.09923912279019556,0.06895290150806901,0.10527068404335169,0.0503634871223153,0.13894712409857823,0.031745829943870804,0.005878627777842433,0.08769195881880736,0.07142294242400872,0.1856985339591602,0.024836210577993532,9.435465674352908e-05,0.09536514266733796,0.0853898752386683,0.1898747651366574,0.05296583718109219,0.18201455756581358,0.010238638375228286,2.1919817498646833e-07,0.11875860991049438,0.056956771533805656,0.15570362365336876,0.0014885270957224847,0.0825059688166031,0.08197948315700707,0.003940089091767872,0.03256515123849079,0.01531708446381973,0.05008927543684434,0.09853197169221246,0.2500770597537468,0.058613355428569866,0.06957492631750947,0.09439394967967685,0.1427099260481026,0.16338557421706904,0.006204504143515645,0.020381978820001014,0.2277283580125287,0.12005822064487826,0.13967496791550962,0.25104691838373355,4.8850987058729424e-08,0.11197732582264919,0.06765423354029475,0.2009133063472307,0.0
348,0.10729700573248115,0.04437848233705551,0.005567449488630757,0.09750687552352923,0.23447345391330604,0.07706205056110739,0.011165673559043295,0.1929852176051463,0.35525779352816517,0.0022971907333411428,0.018761201046089488,0.17689052301294264,0.10586063755771415,0.025808869287361178,0.057049335178025844,0.002155587636552878,0.14987983449196923,0.17059316005330685,0.04842282394779388,0.19545944107733884,0.02226565945727385,0.0017628370704423006,0.12852266197538573,0.039437403062748955,0.06704069676097164,0.01676306992189297,0.057948743607114196,0.21936537374162962,0.00034798458185299593,0.00998431228573832,0.013585471270084741,0.07473523394940716,0.2269197566102728,0.3729144596121744,0.13808599341709227,0.04857539845209397,0.027880730961200553,0.008012511131831568,0.16410663024019648,0.04702673643624623,0.0005046655525383051,0.005125843356014544,0.3054839846334411,0.20502063100533416,0.17290534283613082,6.315610832867006e-16,0.08346797307438025,0.028042587079325332,0.17044444465665629,0.0
349,0.20951123683372827,0.08206147240099555,0.14858211693122358,0.05966468529296766,0.2387807206833987,0.10920834945193043,0.037826066023402785,0.3374394527440383,0.10589166694572158,0.04851442934386343,0.018397196595469366,0.1345897717129895,0.26929608192060406,0.0017032520728991216,1.4374017462382975e-05,0.004411965369606517,0.2841624246872438,0.10581031648177879,0.1347203285826764,0.16170341404167285,0.0028930999648637077,0.0016455943729279038,0.029274838942567702,0.13675709441262765,0.03814005994843473,0.018744803644387326,0.1022525005965946,0.0819755198302362,0.012341020220743373,0.11300208684017272,0.001359023400289774,0.1375224174493856,0.3909306546290964,0.23222029851209663,0.1393914847239018,0.04998195892681169,0.12946905337053824,0.08417567475809985,0.11174037981704507,0.012060417517729176,0.07540793443006917,0.08547285126238664,0.2883774912761475,0.12126945188831642,0.13157528351953232,0.006861037162027679,0.1029914693897362,0.06842618750283964,0.17246736820185077,0.0
350,0.1316371446272763,0.03282285852954017,0.040101896947968785,0.10949470776656764,0.10181810028500214,0.20829056731912068,0.09092218501797482,0.1163239946471248,0.15536721978898207,0.017709319970542668,0.07869242520255983,0.3232003782642209,0.06633853755044482,0.013523888898571871,0.00016409963334902602,0.04870388260030123,0.17940354503344835,0.2066328361381513,0.03328633739110267,0.10823448060146257,0.00047056307954988666,0.0003956836253942317,0.05405246458637504,0.014057700677889267,0.08702910246580675,0.02637058164327269,0.24458972179065497,0.02735306285560287,0.027492168163397425,0.20406827195000204,0.07074811732274908,0.13527969261595416,0.20066839811166634,0.17964471144487726,0.12005024212759047,0.006508125564312735,0.011955562258585796,0.12484076360143255,0.07656790072128329,0.01794592143866484,0.12645282448519732,0.020489187217475918,0.4008798954713888,0.23671692407066638,0.21363285536537052,1.1439031979385142e-05,0.06490022606197304,0.12351240876617522,0.27361031609762154,0.0
351,0.029848195322311397,0.07360179631635401,0.08935694571411872,0.06460386399006257,0.05756619090373571,0.12015709068733951,0.01952686940094005,0.11014401447874965,0.1542166005119065,0.004362625766979083,0.004203592214397328,0.2900368221233542,0.2984569664632911,0.00017182826598436475,0.00027048890114711205,0.04802755456479433,0.2566014419784277,0.31594254269354904,0.18232309540082753,0.18314264463037816,0.06862154718502536,0.0012794092013032096,0.06825082770110934,0.2052099546042932,0.1520132031162549,0.14225270293953493,0.21009678013923316,0.09135661970198145,0.0017649256475539882,0.036972101067751985,0.09462284095951544,0.04551524400621159,0.12853235896877052,0.10809000795909758,0.2787866326670815,0.029685357065601034,0.3083066256806959,0.011513416949510347,0.12229945830697722,0.0026642075099489507,0.05660304796685794,0.11846640233568002,0.16912893133332071,0.06891138263734586,0.2314313410061247,2.3020230916944774e-06,0.06131889181234602,0.03808539449439162,0.06285333562524019,0.0
352,0.0754206729390902,0.052454319514686126,0.33127117241502085,0.17101031319058166,0.08112156967522632,0.19015448699080556,0.055839800807381594,0.40316379719565404,0.07416852653893864,2.2659099949084654e-05,0.053585469168929145,0.1790768671983916,0.1739466002583966,6.523676072613131e-05,7.177547653723025e-07,0.00020034646924622178,0.2991732363991539,0.12356432859601679,0.11107315577778544,0.21722559929355587,0.02439617197019345,4.188993651067284e-05,0.07427313774888743,0.08758622276447986,0.06868822483819818,0.006076788917520766,0.24523987583103293,0.12858762469957205,0.005222292818032729,0.03285249322629068,0.0965521611426176,0.03366912437574723,0.22235818856471035,0.07957008073429797,0.04275374423539079,0.012119794050936609,0.08845699784203724,0.007874515348036938,0.22528609901264088,0.012605652293267761,0.017773644676247737,0.024835651425863647,0.19680377383495706,0.12525572258649253,0.06241678872877043,7.447778167238059e-06,0.021850003480963533,0.08055315179001542,0.15554197164041564,0.0
353,0.37492433785825807,0.03783000692874219,0.12351206872322305,0.11847902858513545,0.27045318665234824,0.3226031230656074,0.037782419779197086,0.10484585423018564,0.1581860333404871,0.0023269883381720324,0.148589975161249,0.45232637397433517,0.07988104343961139,0.020150352111241533,0.0051545041133327215,0.005971905946858568,0.3474679796287219,0.29396711986447005,0.2608346075360916,0.16709037995641818,0.011870188454942636,0.019602320369458002,0.10175280176034582,0.021065158459618455,0.09185257794864385,0.03158913675379146,0.18489038016673504,0.016419326351503612,0.01969335679745136,0.023608968250283784,0.0025129825726974064,0.04038230759462025,0.04770755227568618,0.1630283328592562,0.05693907889751887,0.000605307335111149,0.035611526738561834,0.06232056685936194,0.13913749530291186,0.025840841282981412,0.017503127641360035,0.12224882669181189,0.17298067641270465,0.13803883960770388,0.1370833155673762,9.477760626261852e-07,0.30122424759356653,0.047570250060168115,0.14591790878884836,0.0
354,0.07047730308688277,0.11392438341392228,0.18189736256576514,0.10809678075373491,0.35624962522514214,0.17554151799275458,0.011274976778149924,0.09845985878857297,0.07855072854896604,0.0009974229798811304,0.06749305289035498,0.07027989098699114,0.1734320368421268,2.998756315588791e-07,0.000254532117178507,0.03297577471717087,0.19349031164761837,0.11627707985413226,0.0741350235793113,0.2929316914280645,0.0048096645220123465,0.00012520942400638842,0.07372503636934942,0.0015880780617597667,0.06933024602655592,0.006704151446461612,0.14330724835830247,0.0060372477784125895,0.00683098074847581,0.13223970530598786,0.00046751841679155916,0.05589009966500493,0.13101142668420293,0.04640245070627997,0.08173427148328052,0.021339584244460454,0.03125545747285392,0.15072361162561115,0.1824587372284241,0.1370584107694253,0.017320272922988114,0.06441701001098973,0.19313001545682082,0.21812175219543595,0.27418783850992173,3.1680102188977033e-06,0.0728637298831254,0.022417733950548205,0.11091632289464726,0.0
355,0.06212117398338272,0.4033167127212309,0.10039215135147898,0.12886746054996004,0.0625984386646624,0.13752652621556039,0.03136199341295119,0.07210991695469307,0.02119497688368671,0.06925428625734942,0.012818392974177813,0.2024339722300818,0.28501191397100084,0.03836117210276617,0.005868948579290522,0.0005069575022266397,0.07609759585307557,0.14661424939197462,0.1434056489201519,0.1767209297176922,0.013752026044835771,1.149644173883239e-10,0.11645410249793042,0.09426602651488505,0.06576492741042658,0.18725498389279524,0.1666720437171286,0.1906624350682823,0.0005162866646513096,0.06863065510417408,0.058893753313733734,0.17786296596599357,0.21883495743931478,0.1969178602074329,0.07448363631047965,0.1366652846959304,0.02168246823735001,0.04771451960961483,0.18344210208552308,0.07583532274473877,0.21115505740490748,0.07793007888114037,0.09332436391531053,0.05976981135098558,0.11171759320272798,3.011986445870067e-18,0.03328422330512305,0.04446655029600691,0.15024185853250527,0.0
356,0.011513582085442283,0.1380012832220045,0.0968730703095789,0.12202343648648645,0.1659994893091713,0.2244105503337752,0.023506339174119942,0.07391601084142954,0.051672726463516346,0.021492943965162367,0.004416693263545994,0.28865909896680453,0.4137943442269586,0.012005292423605691,0.03073976080294496,0.014647311695977038,0.22110568942008416,0.10401107790625465,0.15088217212281707,0.2183297987927658,0.054635710751831525,0.0024125457551852436,0.3038990771297131,0.01748330083702248,0.2417228167141888,0.048199688912541526,0.15675514906142274,0.09278272869312582,0.019003083797461625,0.0686503190184343,0.006239104764447016,0.09469639439078477,0.054376146250856336,0.07888161560340613,0.01045345499011808,0.07211217401703914,0.09011360898710204,0.017577499779957092,0.26336245179993856,0.10170183966943694,0.07806071580362006,0.047927900505690034,0.14290034362203938,0.2982358650458548,0.18347626219057536,3.3694729089710624e-08,0.053012698264316205,0.02724120909032013,0.22126107937699166,0.0
357,0.17068249566448893,0.03646832910009864,0.08292939751796032,0.08798202199203534,0.24007159407550804,0.22162602572287587,0.03375720369213139,0.1252379628070045,0.022029704675901405,0.009871606456220936,0.04204452522193281,0.16343432385194698,0.12288119251540902,0.021991198539350127,0.0003801218295413087,0.14903738233009492,0.3392961918715865,0.05919341119749881,0.0590256258998971,0.16286211595085778,0.01675800736467122,0.018330105660242388,0.16761637654828676,0.05442344363155728,0.09734922268799316,0.026914800364367657,0.09593856895342048,0.05336013062394697,0.003116816028335219,0.04890102207945589,0.016009760859763467,0.010530656235461696,0.07851588844423826,0.1617787979703629,0.13775746669547528,0.16054001294787515,0.06750099934943872,0.007660683227435488,0.1543859226080074,0.09257628647645384,0.3447674045850915,0.06119518584033601,0.1949836707159884,0.2272849846858632,0.11487303783235277,1.8634193462906104e-05,0.06257805530381783,0.00445138347555925,0.100282164963493,0.0
358,0.05776546128225657,0.03987988722602969,0.0657758645370606,0.01635263465905201,0.2858875660369258,0.08042882459902975,0.0678708358021943,0.16253453896991973,0.1539103123462328,0.003937537463332493,0.037289338647141505,0.26484079614457806,0.19304511715711095,0.014907358123473565,0.004047372724135206,0.03509137057589279,0.19424190436026173,0.184903665771904,0.4216247135032802,0.13628545093863295,0.10375896180737029,0.01787282448379279,0.22490617387686296,0.10940244123445851,0.048577783655353826,0.011188144039209981,0.15671125379855996,0.11550123710093411,0.07053166675580051,0.14339674163988494,0.026525227780516095,0.027078015735385916,0.19820106326346043,0.3870048964729342,0.029632840185416613,0.11750245363530701,0.20178191830404765,0.029680037148176224,0.4858663267925521,0.1124407268572946,0.19194668204139764,0.11067201421335422,0.2825563607202593,0.2401852807225923,0.10350073596544905,2.259217712609762e-06,0.03166598320998524,0.02699597942323526,0.20787731691833272,0.0
359,0.019767121309556518,0.11138239505672545,0.024427235756559258,0.11279957885749617,0.3021004909101483,0.287321525184123,0.013666781574021269,0.09579281112112843,0.01072126848057448,0.00016127241915263235,0.03084409863128702,0.16008297030254748,0.2853629006493332,0.0002731940233551246,0.010644068321070406,0.011417530578905674,0.16654471253952602,0.2653703238550682,0.022353696693479752,0.11243934790656257,0.011432326000547036,0.0984882489401061,0.11541682080261302,0.0169084380971827,0.10902995709645365,0.010242697405203184,0.09029833431421327,0.22716865290493526,0.07651655919368756,0.12083604818475974,0.027975246609842113,0.03635921382949414,0.3849447676251624,0.20630169205867485,0.18497644005400668,0.011469050655774193,0.1981733214700828,0.09477456007043261,0.08474578891551095,0.08506759305916348,0.04032997993097296,0.1310138922847355,0.07049105285178855,0.1972330988072672,0.10250761242571735,1.3439437479003818e-07,0.05484515325758091,0.01847372514403102,0.2809736448341119,0.0
360,0.00834407818933947,0.19086409694895168,0.1182219369675819,0.15220174509229517,0.16453739179735155,0.14452323441471107,0.11666831238867545,0.10156123838170805,0.4239409121021282,0.018473820937895468,0.21683619748576893,0.22850691181212124,0.21900745169535663,2.4130410670413943e-11,0.0002652624353483486,0.025250723558076733,0.13338656818711683,0.189791762684807,0.09043378218544322,0.06540921424660168,0.0034159770840381733,0.04747815190334877,0.08365051912424581,0.11550650898415762,0.0549207532353346,0.0044269320738228755,0.3116666349331108,0.07897142418880439,0.004930938421094341,0.028595436054303057,0.017202260032914134,0.045087068112561114,0.18739086030184993,0.1852585376494997,0.07579400667037246,0.026166252710319842,0.056847739591255636,0.1464079074784235,0.14470551426322623,0.05181109037973206,0.005904441727842298,0.053648015677870524,0.1908080452435073,0.1707040420043614,0.1277652139883414,3.898507133256947e-09,0.05127240862982202,0.11628717205981776,0.5255693175787927,0.0
361,0.20955638948672112,0.2959384095049111,0.15105731510321793,0.019901626271460873,0.14798312194595498,0.11525376985621724,0.050109872963729075,0.10433704990510577,0.18045008296325,0.00348123098358444,0.10541417199563774,0.15158637274593728,0.07296325497219992,0.00451184401838488,0.0010845817622534269,0.1165985227173318,0.11763757231082586,0.08211371567569067,0.11394476199917723,0.13317716423116663,0.030276922903324774,0.0005207208802084464,0.15080559358292725,0.10372176723275553,0.28386217116928836,0.04914295096934121,0.22391699149257321,0.07517207536953341,0.0033270640233872685,0.12098091265778184,0.05140464295173869,0.05094388893099642,0.18018490096461556,0.14533248850169625,0.15918697695546025,0.05254991966732015,0.05258446986178366,0.06830050097615303,0.1386587739511809,0.08755857548839596,0.021920675842259298,0.05814632932264497,0.09381406998237528,0.200531230975148,0.1495393423066322,0.002946455306885313,0.11304360783591862,0.02203721439468572,0.2031271612920105,0.0
362,0.12185640126593451,0.10129753198202703,0.1038246596960179,0.20578915786531773,0.15603854134412679,0.10451672431752168,0.014069724274666061,0.31202823135558677,0.021037289850878153,0.02254199689876563,0.015747216278986082,0.20097177616609405,0.0949765457323892,0.034786214882795645,0.00016877489101254864,0.0679897682741451,0.29955575897603065,0.14506324513220828,0.136734742029144,0.22023659496889525,0.008100732567126583,0.0010720438104531555,0.021425023706826498,0.05350998390775328,0.1883835431552052,0.06619691626269397,0.17346527662227246,0.23052354239689155,0.0573799730080215,0.021561999668754012,0.0041979690160847405,0.2238498654605884,0.16573546833845695,0.07518196468320008,0.10630838013512889,9.175900426812504e-05,0.056773607035239,0.031867967902362355,0.2091747246083661,0.036815089636728096,0.13409435208599477,0.10132128604698554,0.11183123360620897,0.01762200256852371,0.032888949670341255,3.879382454647709e-18,0.04212126827212025,0.003935409484472884,0.13457857990884023,0.0
363,0.06855464945607069,0.22691884208250507,0.37390895242378747,0.05714192149245151,0.2773693874485195,0.29299598024547413,0.10950469291024655,0.25540167238410033,0.06047026342472642,0.03898203367810806,0.037108474673942446,0.3757471419582279,0.07446889978269414,0.0014497094199224937,0.0007143042149137263,0.11857512823668247,0.1390753916135482,0.09627269981983798,0.11904055998077413,0.3125027295519026,0.025702318305094486,0.0006399009946103157,0.09979343661296199,0.2374006639362331,0.054074700682525845,0.0041140226964439235,0.18245677867253773,0.2835030308664168,0.0011015321827055643,0.022924302981834756,0.007701925732766692,0.053663348809052366,0.12280702983021012,0.16969881337897472,0.10332791067653392,0.016948275021456356,0.1183266297292204,0.06778449028638557,0.07261957559741535,0.018714198094383325,0.053824724795976615,0.15128790208054024,0.4202321862183887,0.03252992632035916,0.29299822157055,0.010233900833468637,0.017679535366855462,0.11030512852746738,0.2316332277853951,0.0
364,0.012005990129004678,0.11229290356113421,0.08814683245326126,0.06103214652319192,0.2712618420549857,0.08307039587387267,0.026982682821421283,0.27452721421645543,0.09986957517160044,0.034594431917982546,0.12804324674385653,0.16393778869637435,0.19857161416500174,0.014615028985384465,8.368176157276885e-05,0.06798393805754867,0.21730625294511774,0.08429474395023702,0.10597202274119084,0.033856251900367514,0.07213455688074091,0.00011458189822042024,0.38185157219254007,0.025434828490915905,0.13180336569941598,0.0194178933254557,0.18722640072571425,0.1859958205007696,0.04846373588536707,0.17467678141934034,0.08259386691563102,0.11050405093662463,0.12952564560292462,0.13072322868939867,0.13764108388104002,0.08859310243631822,0.04572042856124566,0.2689939322112929,0.10503264332730883,0.07932044040056548,0.0071502087868512395,0.04696107852200586,0.0866326819417063,0.30637206667590705,0.32413294475750415,0.0002831098061601208,0.03789852524968161,0.04268597626734942,0.05710473026387941,0.0
365,0.07615602149812165,0.10512094595788989,0.2601277571253016,0.07735582905831548,0.09800400679238983,0.23131162175127576,0.03077329647232279,0.2705250027614243,0.10059568007087455,0.02531758942990072,0.01277275479650863,0.08369621994695327,0.26505278177978353,0.007490969644620299,0.0021537512400867935,0.008597684073354993,0.1480038790598475,0.25812659063073934,0.09406622715680558,0.3367027831711824,0.04445978355394448,0.040737225898273076,0.22250720934894316,0.04308867621896522,0.026978036993494405,0.03497150476411533,0.17746495065048976,0.12145784679300639,0.007306589970225913,0.046479920842147485,0.03313915033178534,0.20273208220774794,0.04685925443478141,0.22810276084711978,0.07881761890361393,0.07819951487571278,0.006855409293360385,0.09538320430717032,0.25424009638172335,0.07613456272570142,0.14401969751342156,0.08096900773327166,0.08109025845252532,0.19886030088168238,0.1874272401566009,2.4332581981342717e-25,0.042490912542538915,0.04612967658810229,0.1645155804627355,0.0
366,0.13041183045334273,0.028870136901150374,0.08486396099654943,0.05071741569140786,0.09278360267529795,0.147720223438103,0.02293429316485818,0.10529258938146185,0.10226311320963982,0.059721414367421614,0.09755565183092661,0.17831957095543116,0.19508289591950173,0.06500321463426263,1.686294267502041e-06,0.12376636862493821,0.22656364381419064,0.12060929821032193,0.09267225544718258,0.10112642474901934,0.016916124704390342,0.0005116587988765156,0.2724634030072117,0.0979225493329186,0.02779181543504745,0.09183602771934495,0.1888435060490791,0.052056212419337,0.0013512864096141962,0.13634638229512377,0.03855862390681033,0.21690495371903412,0.046474281569928444,0.27465930900895086,0.04440521622919943,0.008783644907098122,0.06513234473726699,0.026805777177913905,0.15005184882136022,0.01837272121075162,0.04106098222377782,0.01917831839351893,0.037218831040107495,0.1646972064917225,0.21430423387642902,5.300612352290402e-08,0.016536694684671425,0.11393799937448378,0.25584477665106414,0.0
367,0.18111054363418852,0.2556161674038902,0.12480563434047559,0.30388637129802193,0.08158413682866077,0.4191585770974025,0.057664024413714716,0.07887890367683362,0.09814402589258206,0.07843303930146314,0.05130550443861228,0.29473175018163605,0.12816909087425216,0.007056400247601845,6.300557052212131e-06,0.024515976867002676,0.21036867133556844,0.11298024703385816,0.1088198425480574,0.17210356145027478,0.022284304177081993,0.002243486100058182,0.1584120538015726,0.20283631135453442,0.17563377434591831,0.02733167333138945,0.14621355091484628,0.05002939497997448,0.16284449415509267,0.2435415757627441,0.24167166097309364,0.27566381827996206,0.10658289174191814,0.13669056057188833,0.28977491306740927,0.05373529699217753,0.06724363783404456,0.03323346062929061,0.1547377348343271,0.03195406058249004,0.0719289415679129,0.15170036961266734,0.11616719416158898,0.051697675671802126,0.24085632844489108,1.1846248291503515e-10,0.07375688979873678,0.020128595613883977,0.09357652345996398,0.0
368,0.07746566992955099,0.006414946235838252,0.08832250605597161,0.1243988751245546,0.22825905073097846,0.1453220170786237,0.07727997405467839,0.23583436671020125,0.13841472939339922,0.1139776213488372,0.08575650994405931,0.1837366828629198,0.058427895808127774,0.005768245033643401,0.03619562177542241,0.1351668967827475,0.1445213966385342,0.12010113649914037,0.24273165075199993,0.03750078908118773,0.03765092564976855,6.0050062629006334e-05,0.0859597896799264,0.069461016961156,0.12269539874696175,0.05709280665260433,0.1426303077586946,0.06263010225425975,0.02141590379766669,0.08068596778816853,0.003886475004234075,0.010088074995249895,0.24234278015685243,0.02184316454410903,0.12595473633469526,0.01385746252170329,0.055921352564995246,0.12608919796489348,0.2220258993581613,0.019706550410743935,0.14036900796592894,0.09158300544407556,0.0744126615254557,0.10938475876360161,0.13262522479141198,9.609778133968239e-10,0.032186169068185,0.0026542392851945694,0.19959581525056744,0.0
369,0.13364829222489885,0.13468476095960255,0.101248868018305,0.02407531801053766,0.07906814735991045,0.26347042421829536,6.994075978364022e-05,0.2296451985726763,0.060987560773408694,0.0010045381188316948,0.004318935958923281,0.23598630275075827,0.11890201109803876,0.07136531476185368,3.640821461731858e-08,0.20299041673879434,0.15036321013162546,0.18422070722436767,0.015728790153392944,0.2835423182426055,0.06689285399131806,0.0028833619395337465,0.10774812332950037,0.10861100640379141,0.21837536505082844,0.007057834952044404,0.16216552498757053,0.053023104592381846,0.015498139473212472,0.08688778595085452,0.041683697678835126,0.17812159035597688,0.1144988131763833,0.13677687085507903,0.15733600811124152,0.043748620430983515,0.056148643517009364,0.05692880736426265,0.23219100733022588,0.03205034103517676,0.1778111870926872,0.13997825890896867,0.2828114544265473,0.05017207957720025,0.16055572595498363,1.5437111236550964e-05,0.0005286718464908266,0.07882091201851466,0.0688586812547007,0.0
370,0.09880473758807101,0.021989857831811115,0.028086012984319883,0.03365018858544181,0.12158177417534857,0.2516510949257678,0.03382053200240342,0.13323262321456153,0.25564725974842084,0.021600791245016637,0.003868069604031593,0.1340106999712569,0.02266289724678845,0.00921748704616477,0.00021988914636669607,0.08463288118692043,0.08529433015863062,0.11501211218691557,0.17370730748061072,0.1747603178007654,0.06944312930521895,0.005490765635645645,0.05530839148345864,0.044976610853958154,0.016389607757624058,0.049304521822102015,0.18319968514285817,0.09897889189712232,0.015488099763570212,0.16995755225619175,0.018269025838399486,0.10342648916128844,0.21984110026406178,0.1961156616214492,0.2557002211539065,0.15789751698262702,0.016282141272226318,0.058632631983686075,0.16947852936617958,0.05258404771251925,0.02559950804289798,0.12513152036663092,0.018543526809106033,0.1532428555373621,0.26387342871510616,7.148280563171412e-06,0.12112035461598669,0.005568951559490544,0.10744494167681953,0.0
371,0.08201185916220059,0.20772227320590747,0.06258596236660868,0.061943103961623475,0.12340084898590334,0.20638508924072008,0.0012496293887240169,0.16577577295074158,0.08066984380629248,0.0544888583488578,0.12190242145492622,0.3480462862224512,0.18989339194248944,0.00038548684239770106,0.05405625347959945,0.05508266032162272,0.10414420322960673,0.20367511649194772,0.10131517499691681,0.25630593577748945,0.005260776357861373,0.03874785975896371,0.23235243364974206,0.027401953137464793,0.2171298668829465,0.10571620883094976,0.061172297806923945,0.12276321597670489,0.010251298414890987,0.08951722045345407,0.0006166057528912905,0.18071880773346766,0.19391333724240273,0.22496290647644016,0.12146788951011915,0.042342862279044644,0.1404930627392037,0.08071267064663844,0.16974670507301592,0.0036975367535014196,0.03692907694317027,0.16227538365274732,0.19116557216967855,0.18069262608048564,0.015892581234781267,9.735226030186087e-09,0.018566287519743124,0.0584096938197901,0.26692674314188575,0.0
372,0.2499589785163026,0.0508606666060061,0.21089193695017758,0.12740847413386563,0.07688453813869438,0.04633299784352298,0.025544880280849665,0.032846108764249184,0.17338069115760393,0.0017311389966263003,0.025841765962558907,0.3321846145563443,0.31910181220840234,0.02452332158241918,0.0069265051010476905,0.0474295810594131,0.2595231447671742,0.08765363158422441,0.04541298626823189,0.13227326251220056,0.015026580286963666,1.913754633415617e-05,0.09907605579785439,0.06052600445028382,0.07345183166568126,0.15106513401038602,0.32354774472453696,0.044119933853296524,0.024177835651847463,0.08664159693866394,0.008024172756821539,0.14086211298236845,0.16630427583321644,0.17192758696808466,0.12502823249985942,0.015292135322424582,0.10981665820903583,0.07654296929081165,0.11134896602822103,0.019374846342974067,0.22901884407811085,0.13177959863788363,0.11875745651205528,0.19512619144861978,0.06550336079197899,6.29724361362121e-05,0.012609349155099607,0.04873973177886762,0.23976806476066673,0.0
373,0.1154476733356194,0.01463745410883519,0.19876689906807735,0.07340485958597248,0.16145289831122733,0.12355362338630864,0.05866245406667093,0.40165370257072514,0.15435776783365265,0.07612055417049021,0.017869652552513778,0.11559855851639957,0.08117380537988016,0.001328520704868611,0.053955018410431606,0.07927134646229037,0.22823243045753408,0.08376553847860256,0.0711395514245334,0.09927639523151766,0.0845434126130714,5.0445662497713056e-05,0.36834311870149655,0.04646933604553166,0.1526391124234884,0.005769943660599837,0.07214163589104493,0.022876289728747515,0.0012619967651023773,0.05015162770463694,3.6989260515263646e-05,0.22993047474590478,0.08513576577032074,0.1543756960072609,0.1362637607650676,0.009840112787213948,0.06673180143543904,0.007196012886220524,0.1347348896576712,0.014650994917554085,0.16167666936961922,0.10406014442072206,0.05097484254932187,0.13667501802666918,0.38155528211570394,0.0022750698026596547,0.04694467561085464,0.03925310537414865,0.31265251234071,0.0
374,0.09167018857066697,0.057999240596833604,0.07604709133723549,0.1123312740538044,0.15200114620094884,0.04801574886648431,0.12426037148669686,0.08873266653060323,0.22834459132918028,0.0007330288893557101,0.0889131477155806,0.3143256606477824,0.2489688167087684,0.007041821448141462,0.010448214194440104,0.022379749082636766,0.14392154820952283,0.15241804418107452,0.05810893213572134,0.2116543777284099,0.0016172854144659867,0.03390897202674746,0.23702271053110355,0.023954124185235577,0.03144117048613391,0.12032305464410858,0.3287894597439976,0.05200715818509306,0.06596207436373344,0.18279180940806403,0.011837157835196677,0.17552721767937754,0.29366915682854017,0.1708595526438192,0.23593143043786094,0.0011825156114952404,0.055853634278127375,0.07605632104679133,0.2528680023909582,0.10566443563577266,0.0525381851888307,0.15480170074771862,0.1760410244402992,0.08936696538720504,0.31983427097317,3.381844624109531e-06,0.21765803688263086,0.0021472815523019364,0.20651988813624617,0.0
375,0.09615547165475896,0.07245065951990637,0.16027585891255566,0.04093322105309353,0.0584317094653452,0.3285621234179277,0.07040217506937772,0.15444077101628756,0.04290129259139266,0.043890123297638875,0.12060138019350258,0.06416102757287351,0.18320907205372222,0.003842042061495265,3.199081494443077e-05,0.004350912803661791,0.24347077618416996,0.1209319159827695,0.09123776018441011,0.14863824203808787,0.005189167226555326,3.4755133005043427e-07,0.08612545960328122,0.027391808413055517,0.12347055582226502,0.09517047814381985,0.16945769986042802,0.0910622039798245,0.0616813887240534,0.1146046902050766,0.0026776640043135857,0.10228780416257119,0.19801115601891586,0.22399752269501202,0.05449713230674973,0.008519927866670085,0.05643549820313613,0.12404409370587773,0.22430438996075022,0.089778129722986,0.11154929285212753,0.04534032155405724,0.34793172818502954,0.01582741647252531,0.284740462832007,7.391889225649374e-07,0.027771381072749277,0.0027837284155453564,0.1660110706595724,0.0
376,0.10966991603135545,0.03728678349408958,0.12625771581418563,0.19170307317733853,0.2450567867024633,0.08983582386139378,0.21185657720577258,0.2295092118431083,0.15681062914709537,0.001781542472998283,0.08004812830059337,0.10300313095383326,0.14507090812096987,0.0047369776957469,3.910858217637884e-05,0.07658788095820576,0.4685966356369655,0.1333931134601187,0.10635360381481042,0.190795365267319,0.000537510426657792,0.0032258738453249643,0.05978237890233268,0.04286950100068186,0.07395534274029188,0.00549414589739616,0.3215036572855257,0.026878447243352758,0.037141782293489,0.19419954472420678,0.04555365526542678,0.10399261721472045,0.09478782555467015,0.14895852054531658,0.11772270488369849,0.03801704390654993,0.06695990968174116,0.007803411152202092,0.07937306268714012,0.2807559351982673,0.025140347299509293,0.23335707837549546,0.3768016725349355,0.06843895682359681,0.15706162539843885,1.0651550271157e-05,0.10830127326420123,0.15253080295961163,0.11374849801242891,0.0
377,0.0682988516085928,0.03198429679474486,0.3017400338583478,0.056255472602478714,0.11282084258412041,0.12160461894759798,0.002717531502213664,0.23038278708015192,0.11653035674671654,0.0025329969369400455,0.06269542004318175,0.2063425417060529,0.1343552440003814,0.0001925155304493409,0.0018465746470196596,0.017592307999238884,0.07460561223358118,0.11503128966039064,0.24818598463854746,0.22016417229628324,0.00015278349539155496,1.730992062184518e-05,0.14308820983297119,0.10357796517567648,0.06776675952089106,0.11698403574565543,0.164346594425846,0.0923695397475373,0.012814038971843945,0.04871258836126906,0.010254593789249176,0.09381793878650035,0.2762968398256026,0.07674338332438149,0.08150284310575348,0.029151392987828078,0.05526229253771035,0.047783148483638606,0.19346205150468662,0.1448675261201068,0.009377449205726883,0.1175167289373868,0.2752747383244414,0.05062208803845467,0.3334538654610768,0.0020231798982300064,0.05281675808410797,0.04216249681027779,0.38917445823691976,0.0
378,0.21153684441142506,0.02575123995984276,0.12634507676302278,0.016038944317861764,0.008523957856986038,0.14947897589132803,0.07784188330159042,0.280119996628446,0.12809061546546488,0.015153259726203622,0.007284283721257912,0.24992577093613347,0.03476502974142989,0.010606224094837089,3.6140899955666e-05,0.050649763372568275,0.24763129748091084,0.35973449586374784,0.19676693405758655,0.07233275929340723,0.11437205737853742,0.002286793510657626,0.14154456411071786,0.0678892531049307,0.17146693612141883,0.0329669636035781,0.2740448563740032,0.11815275584109265,0.0003681623236856024,0.03742370279926089,0.11690553120741717,0.008625522531165329,0.05860379686806651,0.20874047570984153,0.12118641083491499,0.028557144027283425,0.10530085722385543,0.058369522718204746,0.11970137691000526,0.05361078664447043,0.002864238979541698,0.1251070840680734,0.10048672252594505,0.1254904112948121,0.08920555896561522,3.287468224700446e-13,0.23064433815866248,0.009760638318971612,0.2541135979298423,0.0
379,0.025209607145308364,0.07779648617004502,0.16915586139563016,0.05239460919718438,0.3161709418364339,0.10117641556720947,0.07244898727691426,0.13342962510059372,0.1800737698076001,0.02858024791877029,0.01467305710233717,0.24676701105169827,0.1381747844360276,0.0003704355425125427,0.005858221220964168,0.02301958879160316,0.16020099009616035,0.15455065461974157,0.10463254501060365,0.18140050828145768,0.08242935708257354,0.0009140511515440636,0.2466827758395718,0.14777112907641457,0.051739128589490424,0.014568529369971682,0.18652012888900765,0.06336113683430328,0.017843031040120493,0.06239126650718475,0.09692012683734637,0.010052312815233342,0.14072555126810085,0.09151594766229569,0.14530306237417748,0.032876971812689094,0.12407082932809234,0.1166989342336158,0.1526564039378737,0.10019240250365945,0.07171697688261283,0.06629614866691576,0.30226094727152814,0.15048343066198844,0.30025404424056895,3.324034482989967e-16,0.07601352167261563,0.012260900668956503,0.21694593880147334,0.0
380,0.1873285701131878,0.1499595178590691,0.10159619024871222,0.024847472641536666,0.12773343649181848,0.15827069283887774,0.03966494227091064,0.2513807261992045,0.11602604954484609,0.04940662622891242,0.0066067990630515145,0.15469753557218174,0.028547265989032365,0.0009685754263506768,1.4862750319058837e-05,0.07172094472925657,0.46512177421222317,0.1714305792010752,0.06206661489460347,0.05390493192069034,0.012107457440796946,0.011354335733693993,0.09903890783369121,0.1271868559227741,0.13446970479047246,0.01484533485533086,0.3126161712610643,0.18682648338870428,4.4039174862433117e-05,0.19657331167625133,0.04733218236029275,0.06090099254952438,0.07731379101854315,0.07478256353875107,0.1913825544234636,0.008965657291827528,0.052946380516679825,0.18478552052137537,0.06612975696672392,0.15684361078115688,0.0203747377496753,0.24836413553030443,0.08181579540148859,0.3114229741656187,0.13645706904712743,3.1126826632319837e-19,0.15906098302712765,0.005011357606628845,0.21658893287647638,0.0
381,0.07951890680836912,0.2629367222055269,0.047612166583730936,0.07474013830039644,0.1646090061664213,0.24695396254681967,0.04138476903788184,0.07944201262935205,0.03749877055311863,0.00012964032936107017,0.05131273075066572,0.3038189917049648,0.25904815526690655,0.0021435002790779183,0.005709460163870321,0.052593664263940264,0.07586646103427447,0.23821363107642515,0.1021008375046432,0.10054450379648566,0.03313739587514866,0.00017279846897275277,0.12857773569418465,0.04873425178548785,0.07496917822828354,0.0580837826118074,0.17136846881639783,0.2509970617055732,0.010712324355286088,0.011481900676494641,0.019580493649742313,0.12067963171367063,0.0716656081331492,0.27097054513742164,0.18231128297595692,0.011172680093907338,0.018573226527164196,0.019998130996149513,0.10981903723650588,0.060524163079973936,0.0015324019391203772,0.16260001409973368,0.12034934056405718,0.09482623577584219,0.21719931264889178,0.0006591527342251596,0.14367100781784095,0.08294745752109324,0.230676426671073,0.0
382,0.19010368784833026,0.05490514702398775,0.07729053839771154,0.01253997141514149,0.12586074450843363,0.11738271332583321,0.08100015255753294,0.24399675986198474,0.02953024721557263,0.12419038940601666,0.008611049407820552,0.14750130459141225,0.33033228031869183,0.011576851462154963,0.06034827141187014,0.025154090021137266,0.10020352426648003,0.2953107755243491,0.11303258287853761,0.0793429290236522,0.10338308438380273,0.03932276141681451,0.06570271775658154,0.0008888381920149346,0.04396569077020264,0.020086959910488703,0.11679357347602454,0.06437502214957061,0.039797257258901604,0.07347212081048353,0.059695625883491144,0.10011123355054989,0.19585383696453548,0.26480037761820824,0.2537057564083992,0.07574868947995744,0.26072776973214673,0.11954512287262584,0.4097184698978742,0.005330898049061208,0.11431048477978153,0.07923136593512844,0.3290283018583143,0.1973698389871898,0.13770349961437903,0.00041226547493237965,0.017559570282362717,0.1830011790834862,0.14225742287520957,0.0
383,0.24274966954012467,0.05257373360438296,0.15101143369414527,0.12345478893104556,0.018844187297673953,0.18703273463130043,0.0096842614556085,0.24005087917950832,0.17749947556875925,0.0014389498975050455,0.005815665896044389,0.1885831813465457,0.0698329389178343,0.02555702193006157,3.7952874325368995e-06,0.011327648729395305,0.2792020209234005,0.18902778030714654,0.0773539735117726,0.2683069120380356,0.028909604080696986,0.00023389140465209093,0.12291766670487257,0.041391864989637074,0.11231199205710317,0.06276753645159497,0.15102640155040303,0.02436097197223562,0.00808184418658788,0.15101367850696215,0.0635230385100218,0.09487741789423434,0.09492353169529395,0.24476785783870925,0.11090419301443477,0.02008175172527783,0.02398547018315098,0.007299333004114168,0.10873714726229047,0.015093588424145717,0.06163481152235346,0.03578375473801933,0.10668243404045961,0.16154062429730498,0.06469713122536637,3.604000612542338e-06,0.2251034570497547,0.04012337266642415,0.0710713215292779,0.0
384,0.3073259140151294,0.09993469424075127,0.15244043477721309,0.3660051380913986,0.14202263413654678,0.3946344861898287,0.018140365092654657,0.2086814307950623,0.05903498322317459,0.0001251202146631051,0.07929368801032521,0.09785395223780341,0.19414125784347125,0.08800690518012015,5.452172383798232e-06,0.020636604580299905,0.2636078365798696,0.13246680810263342,0.26376024766319744,0.24421007970790465,0.053299404611199856,0.04436079822776313,0.04392177718108092,0.03829171965011542,0.08533284253498254,0.06415989707141322,0.327949150586838,0.21058118551094077,0.00466458402778299,0.1134957434135748,0.020745673960816616,0.0432355091835516,0.29380136039200777,0.20952999143649098,0.12704109823729814,0.06392626765006221,0.08132009134463834,0.005297717639761506,0.28735518408838767,0.023712339136117217,0.04518415495575928,0.13981049994442876,0.3879657938272443,0.15457663813793907,0.11114492899481265,1.579139699114556e-06,0.12727858278133197,0.01781975188524378,0.31678239740820274,0.0
385,0.056064676343120415,0.20645598071967355,0.23228045565460578,0.06361355569761999,0.16837623437378177,0.06459133009387495,0.08607296957553805,0.2000588769553685,0.271078245261135,0.009269508587228883,0.028548624052128952,0.2546280197262817,0.21967601037907633,0.00413505268726917,0.0029254639685025686,0.11028549073514188,0.2514961773480793,0.05726791310415564,0.2869987320466891,0.15478858299682538,0.010446334189699941,0.018040470452615767,0.0652761824724329,0.132233360034953,0.21756462684044425,0.06453912454950082,0.18073390716453785,0.03289615418793602,0.008066617331260037,0.090380700069346,0.03230994490933633,0.28417002615886183,0.29954268109991733,0.11826376702225365,0.15655429232890153,0.032735216524824945,0.10068642408776848,0.07739718466753352,0.13934411663540894,0.03559937881233142,0.04518479723476482,0.15860469129672508,0.2823634470427971,0.03298123698838395,0.20874547292240864,3.646858921435902e-16,0.07881418082495252,0.0657633427027885,0.17265705118608848,0.0
386,0.15494708919578185,0.030687665416392545,0.408623322125628,0.2705052875872611,0.0476011689382659,0.1889643236354715,0.12510112166092335,0.12551190700368675,0.09141651663833658,0.022189748011975353,0.054238004377008736,0.1506317772503415,0.12426272220309671,0.0011491010791513147,0.0007969749647046098,0.08754587018920312,0.21298054616005463,0.20906643315598447,0.15674532643543204,0.35417970993523656,0.04640686019685691,0.011899586000331398,0.11148021175350238,0.030332680832751948,0.02481866113959374,0.061214121172162364,0.22029780159321904,0.064929802066002,0.05132107966333779,0.4092817120794158,0.0369670753284924,0.249740587503709,0.16444761290104615,0.07342677581961819,0.14439304930603047,0.022902975425773645,0.08213863729779668,0.011912567227078917,0.20109357990393953,0.0017911791359468132,0.14451383202811283,0.1816320507236963,0.07505838010712138,0.14866922001695823,0.23253777187553215,0.0005283263141045042,0.03864684889386835,0.05260335503575837,0.02903520764163263,0.0
387,0.018430943175589028,0.08221348118008726,0.19362692091238784,0.08771101222171282,0.04492714330270919,0.1276742769557241,0.10353650345209743,0.09616615586576881,0.3172090885296892,0.011248984956192571,0.05133176416739188,0.08950224854533141,0.12727498998554126,4.6695362053335086e-05,2.5087642029513408e-05,0.012976491026352427,0.21619990294264457,0.22915760745972724,0.012501168371181702,0.08961857801530757,0.0860811546882282,0.0036380244378997543,0.12683948220151753,0.18393297014505622,0.044060677687160626,0.061589011633098274,0.12484972283840992,0.12766484704883005,0.03153701597375273,0.17274040492095732,0.0034652892525471493,0.08206436275428784,0.11204250242530608,0.04066272166087808,0.03704370001526287,0.006167311042954737,0.14602308727726865,0.28143015445096764,0.16995533309777255,0.0022101614420862213,0.001290559078951198,0.15524275906223037,0.18829975502261492,0.14328864626076765,0.1740472456537971,7.660226130601775e-06,0.10340011653960152,0.027471426727063753,0.2511531202847773,0.0
388,0.07527036650547458,0.1716551593652416,0.1364465254097509,0.19996751105697835,0.15338365569513235,0.14467846633264966,0.005116575620877067,0.2677836609803517,0.0459336050861688,0.017268686672235876,0.04021252854054224,0.19850968081937434,0.23246104786531765,0.008113588411367374,0.0036079128362810926,0.007987909634835071,0.37314508620427717,0.27310331215735234,0.11754867562809902,0.07291435937282086,0.1046051498590865,1.2186784258530698e-05,0.045665793330301,0.06569962354463454,0.016291959143178675,0.11701355337682674,0.16190868540011724,0.026050887523332497,0.04991830043979784,0.10182913842055694,0.05844657588820039,0.1939793541662595,0.13077975563569358,0.2685332709892857,0.08325129792644748,0.026333224276384015,0.14327363323013692,0.02714018964308739,0.16887937789021165,0.01570479478910983,0.041922490813935925,0.06819377417112492,0.22749775651212786,0.2020189225653846,0.022436941710802426,0.0011005718587219484,0.03285413644408795,0.0010541327164724052,0.17017695987694129,0.0
389,0.17365362028460946,0.0333352197885587,0.08340134087844908,0.08532677175375813,0.3375015725042082,0.14360701256895333,0.03236029460394836,0.30181556438696056,0.06472466157752127,0.001823285108013332,0.06579597080030677,0.10246780325037193,0.30749043109360186,0.058204152212338885,2.2586745479790803e-05,0.01030106089769741,0.3641174414464433,0.01890045746904468,0.12797639734472646,0.0958777557094323,0.07539988699790849,0.0006698789630580806,0.09759415415067095,0.08217720480193035,0.07365226867774824,0.0011480649054957652,0.09819814217766008,0.10598796842945932,0.0030190256510204305,0.29427774177176313,0.02668132443727677,0.07492430071680815,0.034492338153602864,0.18523621513115354,0.03350310619976011,0.011020215244581525,0.2191619163900079,0.026599408930928266,0.11077270940565334,0.04637604960081118,0.013205993329299394,0.10038393453553439,0.07144084002246114,0.06334683552244641,0.15702417130370389,1.3794112905250945e-11,0.17124631983044467,0.053302801766364614,0.3225850191573166,0.0
390,0.1992703425483201,0.20782667584955936,0.2209488784000475,0.2277457827236464,0.1224616776352878,0.19252051341259455,0.012590814251685378,0.1354824144944455,0.14717869380080414,0.0010573470072396654,0.006764762196647433,0.2067767763579503,0.19842407484063782,0.021291977833056634,0.00026821597479993747,0.014070769203842716,0.07335418757747285,0.06185604865928232,0.11420504379295998,0.1290756754736658,0.01536280346069898,0.014101271373159068,0.15491620556765093,0.15858223576444663,0.051408097107471955,0.005707738721645521,0.3452316737896864,0.12068718402082247,0.013168669851456193,0.03212546664459501,0.004027744082250127,0.06644168433366231,0.21823934971240355,0.17532275311223086,0.14773913885851947,0.005629647966053344,0.09106382092696717,0.018765411224469244,0.11462983237669107,0.03596397345407885,0.0026037469962549506,0.08808415308898099,0.2565667996592322,0.2852621245998178,0.1573136183220556,1.0852784714909858e-08,0.028366942417759833,0.004997389383974761,0.39553364483409387,0.0
391,0.2787013975064106,0.03316195550044233,0.09249560501780085,0.1798874048908422,0.27924999895103586,0.15023550461936672,7.272168435084468e-05,0.32533567847228134,0.08174537134134391,0.0002147749578899166,0.04218056085542214,0.17374616657043013,0.09963992434300602,0.06247369123722551,0.00011998177160263654,0.02093010742687236,0.15851463105603464,0.25637765385960526,0.17307270297316774,0.10012041944396968,0.04076440749491699,0.001091291605516173,0.22581054621763802,0.07011371920576523,0.12838324998010212,0.029508762918680403,0.20255352588545802,0.21650042593462118,0.033024135667825666,0.16231202728006214,0.06512700104354638,0.01365933958068033,0.19583594534973683,0.03801560730858999,0.1443457803415256,0.007155234400857072,0.09689180295058115,0.17028705639938196,0.0635433241029711,0.24210076001641337,0.13669641515205172,0.1168290728602137,0.2700932937203185,0.15501102099230857,0.0733251625337814,0.0002975435213019734,0.07836681362349954,0.014218593909895898,0.33561873584481905,0.0
392,0.16841737863640904,0.07863922282913575,0.08042110831919387,0.062253412484009,0.10677230063454389,0.11262798007026577,0.10256146626761127,0.07634479856388246,0.11186702008924448,0.008103781705926745,0.01833580423852451,0.3906353857920561,0.1926974150219569,0.11648484078676018,9.803088480684364e-08,0.008778544744676124,0.1090475185178588,0.17832179641248097,0.14143681825399118,0.21698467413716782,0.09305461203137808,0.009168648774151791,0.14394290777599847,0.10381294856580542,0.26707069241968256,0.06887143271629545,0.13396567047897118,0.17327882866315858,0.01901316493375235,0.0503958529475524,0.005996250585481032,0.21563478661741772,0.061538338445881295,0.12606653067765997,0.03027838089242883,0.004994198792224422,0.04896368606404468,0.07189982573319421,0.15658140743643922,0.03341865078537527,0.007947137990813473,0.22956444131335488,0.11108344066731546,0.1752128650530703,0.08319787238912128,4.371126849569064e-12,0.1045901121159386,0.030474966709516695,0.21320087380238795,0.0
393,0.05316960974571226,0.21200312986031003,0.15929843344364664,0.00901883133670918,0.18539474837135428,0.1411113869361074,0.04903869780739696,0.2373984495126758,0.036844601056414975,0.006077417760247819,0.021986637388416188,0.31199483645573095,0.15807119703337574,0.0004647136820000151,0.0003958889800180854,0.03544165802077255,0.12102885482132647,0.1796288561054151,0.07651825114853003,0.13554784947512805,0.03342587667350828,0.0019188100071617132,0.20355729578681828,0.09386996194069555,0.020288243887159295,0.009223823176276217,0.1636740033505079,0.10067557362619725,0.0007017407360815432,0.008669479070708077,0.011074058435594274,0.017033356108916074,0.13486378922825257,0.16730028185937343,0.0507330366129,0.005111474897942323,0.013213863567517723,0.08625047309208421,0.1189068078674586,0.06882637165538032,0.15454112081155996,0.13151670247665626,0.10797646874534257,0.12827851164824106,0.19168160226244524,1.3259447563118402e-36,0.03954850512322642,0.10001106898583981,0.16321045488558894,0.0
394,0.07744935098151752,0.06597051505805418,0.09142931492443263,0.04548854451521095,0.07557614819428761,0.07111700982466175,0.03962639102116235,0.23003014277655504,0.13679349931882698,0.0208536386556477,0.07914572599207531,0.0942327608957368,0.3956246629627167,0.08968368653747723,0.0003659864646921421,0.01522543049640945,0.24305871285823516,0.4352338310734004,0.04211673890645249,0.1469341323388228,0.026661597004994195,9.178699156502456e-06,0.17604423249469084,0.03921499435443917,0.1683142809384902,0.012153036597254694,0.1937245472328915,0.06191333496084771,0.007533757148856704,0.04940621938863796,0.12239218129040534,0.009742867145217552,0.13841891118474267,0.2083693684216948,0.15742053054196764,0.0021145397023707873,0.04742296921604541,0.019790239743576226,0.12575547693085937,0.025206961564534308,0.026830610612265732,0.12408513968984536,0.12613376928216238,0.10009478634246705,0.2613747292419384,8.16879839307722e-18,0.08275908071129581,0.12888486045416372,0.25145852542840785,0.0
395,0.17880488610813777,0.31866260116080186,0.2215045873701673,0.04138031620706777,0.20357257513096189,0.3788118815723609,0.0035540393273496298,0.17874574401117543,0.05862588441690682,0.06760309070078496,0.0030518232113525066,0.09183347162456393,0.3479873736735046,0.000849998545745788,0.002712118048870136,0.16983792357763397,0.3579783248877068,0.02251861753902338,0.34696867436924733,0.2620629275243099,0.013103854297953547,0.003393501574750823,0.09414746451274565,0.05661693662306025,0.007484998365863463,0.01055352096494615,0.26743848812157756,0.032835647030850505,0.05882792334399049,0.3150957271689153,0.03317882406036766,0.02867312905394204,0.374421443194791,0.19653937770673852,0.1481071487735065,0.05002543728740605,0.09762268296131718,0.039460473785851956,0.336212712450193,0.02919127669119312,0.05256785233480026,0.0996755760903705,0.23503463487384993,0.10201490015473037,0.35558972126662114,4.818563843135994e-06,0.02513550597149958,0.026324335182810372,0.12826865841147372,0.0
396,0.07581728475729282,0.0877948715407052,0.06562265346800206,0.10006248185286513,0.13303466902215402,0.07113343810389304,0.14382094038260404,0.25709497634653133,0.0881669078010036,0.049783849321300346,0.022461543787686427,0.300427715535844,0.07906075044441295,3.429387678039285e-05,0.0002617220217038095,0.0018424817459212826,0.20857767163990729,0.01933131411803184,0.15523129039788228,0.37940382894455477,0.007864369963902829,0.020231541592972174,0.20471410887840139,0.1178686253899777,0.06442242344063277,0.024523290640638098,0.12039257711040839,0.22914922627642678,0.006895017372907309,0.07068803756251611,0.05599431288888759,0.13134990473139965,0.16823548187718632,0.16913895090486317,0.08052924793674038,0.004219216184442709,0.01273706430446363,0.060555719782009625,0.12960051796897398,0.02099680925123909,0.09486377733084607,0.03869299612464413,0.31217576167120487,0.06574339713235694,0.058812459737737084,8.959092254394809e-07,0.05622440161624305,0.01595574707240128,0.2003453422372559,0.0
397,0.07554459802375085,0.1434879291091509,0.20589660602029272,0.1713492810465021,0.08830048345211979,0.36313007962068883,0.0011652202340572241,0.1816147209201817,0.05456116631831366,0.010417870187659934,0.00612040696721312,0.14073151027957984,0.24547264486507725,0.002158061016321554,5.690358526561245e-06,0.037744800627166446,0.43179105726152095,0.4526450425924888,0.11107962650575832,0.033846694203215094,0.05043505511515186,0.0002533372443717996,0.21054547916548935,0.04827935411660768,0.008092402191380629,0.0038450135734002574,0.18051134481751857,0.15471931421497073,0.0007931221367737788,0.03791765528461926,0.011927931357514113,0.1616937535083359,0.15162068827085332,0.08257744968231145,0.1410939446868115,0.07093218653192028,0.12945176851056703,0.08330915745110247,0.15878599858592485,0.07106052847909794,0.09834283893574457,0.22829335228255493,0.11721825302942668,0.19924706660263555,0.11587022646059587,0.0003927632304333396,0.06046537475067839,0.046062147214390156,0.29666377345306805,0.0
398,0.1911982318922588,0.004422532783106145,0.11817442479544564,0.1854556261739768,0.08114990012993377,0.30895450704153193,0.00870145842947563,0.3432788683684755,0.03275226696769634,0.0015304251697558554,0.11332179979635819,0.27517049194268267,0.08643920170447164,0.10888992116785834,0.0003255117055876042,0.0244660103803276,0.3135813487787247,0.17659749892619728,0.11733510571231615,0.21338414347381288,0.06738833046627754,0.00907034169740924,0.13717976945705887,0.09943735810431037,0.05945123551687639,0.008359798553200319,0.06928715192016337,0.07242274568621193,0.0077509159221497695,0.19761409764241483,0.034071914014027024,0.16630971340752218,0.16246202930264775,0.31619962146187,0.17139827272648248,0.08287048746650164,0.018797029113172978,0.049970430359582464,0.27624883150394264,0.037251425851467214,0.14163349144129816,0.07859684170109955,0.11200037212920007,0.24312999822483952,0.2815068557281059,0.0028114105455320612,0.086266182212385,0.03410850235689322,0.25634035764124147,0.0
399,0.02512770467372472,0.12868100741922997,0.11014801527300151,0.1238164745824145,0.2308018997703668,0.1449648236955034,0.06071813876341243,0.15380003766056993,0.27670849098364403,0.016243165278060478,0.12438635162313394,0.17852582655941274,0.029473057546133215,0.009017917099542675,0.009780090996601848,0.10804538156004184,0.14272981659191203,0.07768617614928487,0.10621716491349781,0.18349285194882003,0.06048458117732036,0.014438885109780211,0.13545179007514313,0.12896532095819313,0.20256520111691634,0.02317765346576798,0.12757471867142045,0.03697175520450472,0.03688297627093252,0.11850585493846336,0.006433884227567949,0.16723825084587576,0.09694896020616676,0.07216035503198093,0.030122128854077796,0.0034305427180873487,0.2931379113674874,0.11128999038985411,0.15993442338207461,0.09251501233568139,0.09918011454699792,0.06603583503513419,0.1538496281450464,0.10400154201491238,0.11943329541854406,1.888438929521315e-09,0.2077046785314671,0.16743301433390498,0.18679889619391177,0.0
400,0.040757815758673786,0.12206592396408368,0.23160142515224474,0.1060619494978787,0.16371605434706843,0.21798576495060273,0.06283613551785111,0.19130424264849416,0.1221913257965267,0.00022207866125492482,0.07306221275036358,0.22924632380616095,0.24626026833185563,0.00024142171184704888,0.000307118773364437,0.008283691385894028,0.32672474104315563,0.07841015301273865,0.014886941439681008,0.2110982635864782,0.03407800522020066,0.06290222357702954,0.046176235014783566,0.1506310190019902,0.1004665605862314,0.00018451700308839782,0.08928578660532205,0.1822521571085456,0.003952940844129654,0.14176105949242807,0.16511168675224158,0.3216471608445265,0.20082127648010123,0.12418578709932308,0.055294332704490794,0.07354752102584254,0.09596675386230712,0.041178904846790154,0.1207133569934381,0.0762979245770357,0.11951115455784476,0.10427834196083174,0.20376332690220517,0.10948124171608531,0.10975882377627043,2.54045104505453e-06,0.04365188102401413,0.06315596386991679,0.08451993674331063,0.0
401,0.2283688981752138,0.21497511694424473,0.08461208434898082,0.12295508051735349,0.3335978764716034,0.279329976189514,0.030906482715978633,0.15295954242501153,0.032946489291435496,0.0001680123124063607,0.020396866931817203,0.0759797840371856,0.04973524019782246,6.408624505609045e-05,2.6933690712777536e-05,0.016965035193668418,0.11956148683780596,0.20952693614771098,0.10228315849215378,0.14923469493948271,0.01602255265579536,0.006733821345095267,0.13152545017916958,0.06754957793982555,0.04043598246846274,0.08072949680561008,0.032324608956794385,0.04857833905138911,4.8603935531913734e-06,0.1494989641283906,0.0012832313882499492,0.01671444096480667,0.12490264008525803,0.12584246513158984,0.2589071729759602,0.0010863438839030784,0.12522617483908807,0.035516555774186005,0.06065204441822692,0.10916275774280886,0.19279709456284483,0.1097504760407573,0.42470105639309297,0.06886964191153051,0.2915848821145831,1.102094830532563e-05,0.035627501841611176,0.03034346796118493,0.11009709239435915,0.0
402,0.10514090159053904,0.05184770698211669,0.11308254449743774,0.05554917824690222,0.07474951150385316,0.06892608599613329,0.004677874005131337,0.33791853195685734,0.05999735057126006,0.0009549435370345189,0.04648246387643997,0.2841318663155563,0.2520945809076202,1.7079284323744345e-06,0.06450626941293723,0.0596998417613102,0.21997168147915286,0.3340108095121519,0.07958566747515544,0.19340903848944288,0.001612298502731527,0.002996147499604072,0.07351987283588145,0.04224595462365982,0.11235370069503728,0.014753600438244944,0.27210846896682905,0.2387300610909879,0.05368768695403756,0.03933569139533836,0.001010977045347028,0.022252488188154076,0.2940610496674848,0.16030319836908452,0.041847167638340045,0.005037318516629284,0.046412973514158636,0.03383456063385811,0.15895796917904426,0.08289334377631818,0.10456367759640849,0.026883079090970794,0.13923126210777517,0.305427469932938,0.23921074340475038,1.0257434688708913e-15,0.15409706556474678,0.09235125304975213,0.23446568136444132,0.0
403,0.07318387744508953,0.21543336213864234,0.022194105429606356,0.112810421688864,0.12383646454083527,0.3210023867006293,0.018986458925664484,0.13199844488602958,0.2189405455693459,0.03867690310891202,0.04689973300623353,0.17139151339890177,0.25590846066028805,0.043318710342939194,0.0004401099509352183,0.09841255507225158,0.1192269016757199,0.03157855826595719,0.07992863767741944,0.13951400090454497,0.003800469956014774,0.017608156631594003,0.2711750016275577,0.18429950623600116,0.08298546629202272,0.008641137324531803,0.14238116819015553,0.2163576690847076,0.10576553360128006,0.11895721996800077,0.008913490419046476,0.04385965327717619,0.2589480126646775,0.20630518382669955,0.09575527902116572,0.005724976553980788,0.03857129940071776,0.1381315488181632,0.1571393361114747,0.05287575270844504,0.14556327802339525,0.22581538429738704,0.18139169952545472,0.035185989390399616,0.08677377061737007,0.001045579632215247,0.03217756222195566,0.00981279105460816,0.11128151184119922,0.0
404,0.053404899860358485,0.12464264832748309,0.049458671662258216,0.038767719512708354,0.13032860879708,0.06818713945212783,8.073654069059903e-05,0.1794330245505969,0.1635934679888396,0.00019487983733718355,0.11746850407478514,0.268994424707856,0.3098436655418642,9.934304586321629e-05,0.00015409162552260005,0.05996895961111002,0.24841703876296375,0.05536912496576089,0.11050040725983527,0.32297209920525244,0.055097479272482354,3.689966164767448e-05,0.13296291466564028,0.09124492748795783,0.10497607355940851,0.04053615573485136,0.1572628094208662,0.1488256625670777,0.09656538643641062,0.04230982467566155,0.06432472604735374,0.01439209288714629,0.09875560738813556,0.2112543417180455,0.20611790260005866,0.05976584897385862,0.09160608645049802,0.029146472628192328,0.15815011613701951,0.031957084719887674,0.14859384738722195,0.039168549644304884,0.23824191195083755,0.2491241995355593,0.0579318925416,1.2766599272492755e-37,0.09551915694504297,0.006307924112661016,0.2038178215605126,0.0
405,0.07212155046582892,0.21293956441120793,0.051287531701289295,0.04881963123817898,0.10783719756150825,0.1187240624172774,0.00016012369572679573,0.2146299632499717,0.09711966010535851,0.0013481159702958645,0.037651186449284155,0.27321528741753054,0.1669755157008954,0.048383970160203064,6.169674476625436e-05,0.06561566816418689,0.14617574696312652,0.20147608745777423,0.13581314070959674,0.34646374930883017,0.0393498448762465,0.0045976069380712775,0.12575937328612824,0.05735828576214098,0.051359404690522296,0.000213203374640863,0.14975617022547258,0.127769317344419,0.030755469701800875,0.05226534478350118,0.019928417938207373,0.05099811976649157,0.16972671896975847,0.16030448600752012,0.05023983958627246,0.02026367823247212,0.03239998708893407,0.015795058990385934,0.24277168871688937,0.02150978062159828,0.04685687540044827,0.18046606304997587,0.13816030003300753,0.08668936936941436,0.10184102360807998,5.244855953380522e-07,0.024895852842749044,0.0007155559193709332,0.12443155905455573,0.0
406,0.05833217864825801,0.08404636722751306,0.14104899367790935,0.11225845987290338,0.314446868246948,0.1801912324677768,0.10641454353230372,0.13387620862359342,0.09010069517850094,0.0009469558230368245,0.05565174355406628,0.10144752794278716,0.06936883928990249,4.6363799907112034e-05,0.0017292276402057292,0.10122228926460454,0.19791924860127522,0.07607686586414347,0.05814642551306479,0.20879658802802042,0.011504595258243868,0.01796875996578864,0.011976394294310064,0.013115206707403649,0.09623500610649494,0.01909254368800135,0.04689360280840279,0.11663216347723707,0.06516374817032393,0.025907121878635333,0.0061859344578417625,0.17391637214566433,0.06803278537459954,0.09098645563577659,0.13787270734622362,0.0022911511424006303,0.06616736049610321,0.03853603374496197,0.04580324401632659,0.01225831565963585,0.011425719665442249,0.04899514870602031,0.2980138949399834,0.2973690370199816,0.23774825779126746,5.822008974479874e-19,0.07235120277820171,0.00715501039401142,0.15610714746203902,0.0
407,0.1540815604747675,0.10285205197685474,0.17953759547566883,0.0609601060681069,0.07872706057241259,0.06991079535948244,0.028690376204345582,0.19903447848389516,0.007618518728821708,0.012657689997530757,0.061096050652123854,0.06388519791264648,0.25486848028134873,0.07626885706765663,0.004449075704390939,0.02378826080374655,0.04441451866799107,0.22799811117379834,0.02242227217515847,0.17223932564597227,0.04466833807313507,0.051496958493465084,0.047196141021821444,0.2426854288459526,0.16919505867476275,0.063513398169302,0.20655167210015052,0.03057557435109638,0.017142037933765366,0.02748634546027743,0.0008008333583331202,0.0220798305424385,0.1059316940020631,0.11975154121227671,0.15660872624940228,0.03561357412339769,0.0848962684506464,0.0260675220902323,0.11753878474377052,0.029405155710056943,0.12311170682418857,0.04960687004024344,0.2758616700819468,0.0848116826490437,0.07833961484101128,5.021695155663914e-07,0.06013878111679498,0.052732836609547674,0.11792637846418585,0.0
408,0.1026853008458723,0.021122827193748153,0.1819466787352242,0.04966438810421934,0.21050438257757945,0.28044753395709554,0.0016019859809573665,0.18994772215356712,0.023549855508598096,0.002471493934374369,0.004486624481238758,0.28976603454749617,0.14367999488292135,0.02327504623861431,0.006600765330891232,0.07522706155201019,0.18138938493757784,0.2124827814615809,0.053656240651238384,0.14965922901318415,0.01949397923219373,0.0005715244502756054,0.12156950099402485,0.03544568334184972,0.13537218505971504,0.025606204541153695,0.11230400758839287,0.08536958323675671,0.00469756500831005,0.11907526208717889,0.022845153207247726,0.06154726029308756,0.2606039570166112,0.08749892289223157,0.15240138238581064,0.059500412485871096,0.12129935964946818,0.05547509405815934,0.08182465397863782,0.07625841959214943,0.02839347512373153,0.06489888406829541,0.2911378488562688,0.09710004395785962,0.11581068506551662,2.445409119324583e-09,0.09212112558111714,0.055633757492948015,0.30959582660204,0.0
409,0.1397857235179991,0.007767118942625393,0.1144894190159411,0.015191312104585292,0.1966820508380275,0.4485357863213011,0.027154115725536804,0.10327232059482432,0.07057742282152103,0.055647158187152435,0.012838189281229572,0.4237918759518521,0.17252650995519914,0.0023705505287606628,5.582793954115466e-06,0.04998225099110208,0.2421792950218631,0.42034624421737177,0.1200343686676353,0.28642308402623806,0.13965729897210882,0.06407502296297517,0.10970385114190105,0.039111677738890634,0.08947587861384798,0.034129278712143385,0.25622778411348457,0.1114464073308032,0.15678300560775874,0.018273899486457457,0.0004406866362023056,0.0930400902276288,0.09311681251067452,0.08058371089208892,0.04665745168223021,0.031108722602938718,0.07048865433218818,0.0058402128209894605,0.10909083114201604,0.07788939645757986,0.08242242892613204,0.11714593092331338,0.06774924011268192,0.02191529725240445,0.10897841177670395,4.161139980091233e-05,0.045393280747237086,0.01313799570075563,0.432898333260271,0.0
410,0.21612239867539623,0.0485824674038031,0.20321017149828505,0.16043366579700316,0.22290478685930928,0.10925654064039317,0.08089212767831905,0.07429954049637313,0.31145326074300195,0.003932095668125761,0.05617888623654834,0.15215963270513977,0.25447718192400093,0.007985269456245468,0.0004450819404194132,0.02867848776912384,0.14286517157355189,0.22357206629762374,0.13870662835705033,0.06598176196948624,0.001098324725103605,0.005127412893853967,0.20204469213199597,0.0985568487433901,0.035068761889655437,0.009272331340450506,0.3632945022653932,0.04929749022121237,2.0586527773343053e-05,0.043223111734525824,0.0046470343296627385,0.10938730292498423,0.09071456561247813,0.17146368040127738,0.0902153663935053,0.00016577643936616906,0.04643127926464352,0.02971549182514397,0.17325879957993717,0.011089172735240464,0.04035053822165493,0.05074286447313438,0.40668130092619637,0.31738684454970817,0.12054793424069066,7.817328992485033e-19,0.1608721961075141,0.11996489730469198,0.21389607270827743,0.0
411,0.1672779595381358,0.01691675063961969,0.22015802472065152,0.11769175239257537,0.1231699257455952,0.08902306197686426,0.2160139260014047,0.1733920119795106,0.008478892257771408,0.0011505142834142474,0.028816400291413642,0.16438956487383433,0.21104899433229682,0.005889809242117369,0.0054074845309628255,0.05461943408191155,0.2895018102359409,0.06090687097885987,0.2844322643296235,0.08371531385670178,0.14210963863458048,2.993456505763052e-05,0.16363391910980812,0.13769169456678762,0.11156564466258954,0.11305244803538106,0.3416119973143157,0.05222345088608172,1.4230554982001244e-05,0.09617416090633646,0.004399040308810773,0.04005508721591049,0.11368108323477942,0.15297831874134463,0.030727000418851343,0.027002383069774216,0.03747231258849963,0.0777927194895865,0.026557372002815632,0.02204729704771785,0.18997133657169155,0.14323809182393538,0.20378031560837134,0.025729090690487042,0.25321501192874585,0.00022262215140890913,0.05850134867331616,0.0021279018173516405,0.25373940608106205,0.0
412,0.1115751732934233,0.24448564225338126,0.16929129685317312,0.08869984033064,0.1422033259116297,0.18120199705066098,0.024588438858213046,0.10985911221784538,0.1395339747017821,0.07573077429419159,0.048905146847249906,0.06306670876820651,0.10122579895018784,0.03411304206810261,0.012293246416118793,0.06450250043980708,0.1291958875253339,0.24537997683525944,0.11618938060248316,0.17148176521555014,0.07082648636320449,9.695640492381257e-08,0.10875387073889525,0.07747284094459195,0.2563047248030373,0.0005923403895782939,0.22287471942493906,0.1715158366809143,0.017872285460565004,0.045080203925458154,0.02843865662492015,0.06227981276697294,0.3079584095702328,0.03763129257727362,0.1157901014789146,0.003942729352481267,0.07783636286840588,0.052513371644955995,0.19416527920689924,0.014466769695959688,0.12889921624568954,0.0407208705156384,0.056686029515818435,0.13470385078311317,0.3416840545537042,8.168816930662607e-05,0.09350236042956878,0.07030980606215458,0.16008727641248877,0.0
413,0.13041803066444324,0.03574082765816626,0.022954942604199315,0.03469720135882832,0.22510348451139622,0.3912509234007999,0.1538272392279831,0.2579725894341335,0.04560104312098478,0.0008911418088368062,0.01490237840432533,0.09857033264990535,0.16886779278000605,0.0015711663587333973,0.003876916072630259,0.2818230380241241,0.1511798923800828,0.3299322895036348,0.17465750553648487,0.1726245598009797,0.07720743127293453,0.005786599988449907,0.1811402468104737,0.11262560721106792,0.15308217970870358,0.041151473425886285,0.3185135092917221,0.014325570091542518,0.027220872122985292,0.10350801801115203,0.03878092916145797,0.07207531815170555,0.1082371982584966,0.24914258118395444,0.10444310545414306,0.039692665432566714,0.08431596080846396,0.025934584756262587,0.09138946778253666,0.006249399356975638,0.005561887260884991,0.16895090941683452,0.3449123217946463,0.12659374294177858,0.10355464231487235,2.991016774288265e-22,0.049539030285945994,0.022823298022026164,0.13947217170471124,0.0
414,0.1600929574096608,0.1623637807682109,0.19710681126824134,0.03563306622976035,0.0892732071512942,0.23903709344624313,0.025842790999758617,0.1381853923715078,0.05565133028188166,0.008004484205729134,0.05857446422932498,0.15757828288175962,0.20133939123843103,0.026269714115611107,0.00013221740835163282,0.01231750630575394,0.4116000873628364,0.36993277264768926,0.22263363784164678,0.27286065648132246,0.020452679946451682,0.002042243769679507,0.12256833064247856,0.03483610965569145,0.2090757526097136,0.05485410455145901,0.28584541349213566,0.10213000180320937,0.025754718119115953,0.2975781161374131,0.001333916992411487,0.0914192052110469,0.5547938877918164,0.12199377144742211,0.23462278832029324,0.15735902928741954,0.08773965200225049,0.05816971409334291,0.05134288098185112,0.12897210712148183,0.12590056125817461,0.07204677761812686,0.08469298334974858,0.2727344769892995,0.09249137878274578,4.612559160635481e-07,0.06955970271827115,0.012453939438753253,0.15727656833627288,0.0
415,0.12025604251452089,0.014271135842202708,0.11513821211116045,0.07114923077378722,0.21359017487080467,0.20973073128675793,0.004138305765540275,0.07396834980992167,0.17502668437471142,5.027301191526372e-05,0.027864268452706738,0.23172530642104594,0.17666099170392702,6.621995652056486e-07,0.0012569631070352162,0.0410863007982366,0.21944920374593876,0.30110443064079023,0.2622636169800408,0.12404082872992309,0.02392961110107039,0.03997098716759474,0.15337815806506555,0.04678723120685155,0.07421555947604455,0.00045084035499158315,0.20692167905762132,0.24385491692734312,0.03842154814912285,0.028830178679193175,0.027357776712706953,0.043906919805142726,0.33613655680449933,0.13975835415128815,0.2537313746490912,0.0072648700673477685,0.0032469520249618763,0.08952951251756422,0.3344397985029254,0.007977238037048648,0.012616588468078825,0.16088781167068308,0.29792869855222687,0.17608019777903244,0.1559707055015863,1.972932578038323e-09,0.02903173533096216,0.044995269173407966,0.22871326971407524,0.0
416,0.19742800430293972,0.23356510461836058,0.059144178484031695,0.2754559472232068,0.025186568429916626,0.08177809741495037,0.01594285766228043,0.14262972122421808,0.4670084429590673,0.03395644054376459,0.02998905726683639,0.3369979910783576,0.09540618981395227,0.030277649181217493,0.0016486866744833575,0.00018846372579299812,0.2806259783306653,0.2515411430429669,0.1022230468926238,0.1476672107198375,0.06786410519979214,0.008661208080793579,0.1299738030293039,0.04862653423845508,0.08489157803955984,0.07120110667192826,0.14445650076136043,0.018891544173148807,0.008000179253813482,0.013297921776139742,0.0006284439506533367,0.09189074216587777,0.16417270538429984,0.0335033415638415,0.1451530619232383,0.008831349712095754,0.05708813589497717,0.10841040800513627,0.17204393892715805,0.021158742887186152,0.02921109715213326,0.23002884641977867,0.42379189501103726,0.13419848390439146,0.176209302198773,0.0006242686733149677,0.10871909779793978,0.10797425645345492,0.1989035729727854,0.0
417,0.08190028846322482,0.1757884792467455,0.1237723095208682,0.08159931891424202,0.22466338657071663,0.12173077450047622,0.060436986657077287,0.28370613229981506,0.03687637134883904,0.038307980120006246,0.11085029132658059,0.1810092816848275,0.03406818797967171,0.041624351970362905,4.897171830240774e-12,0.053610716144937454,0.16687636822086227,0.1375367253734985,0.0694371009725957,0.10352427934523856,0.09649462910859932,0.04103539059722363,0.07790547659383854,0.05285981480116033,0.056067865304904436,0.014072215927552974,0.09669826304661785,0.0766860313414427,0.02166843737820256,0.2704935492833853,0.004346051835434069,0.10867583164743545,0.09636930726531742,0.0874886937214004,0.16190717821093106,0.04279426362869812,0.12905716103093362,0.049695571917484256,0.2124148777994701,0.2088476743217239,0.3630963543724539,0.1414840281569142,0.2845341901801948,0.024535937575001002,0.1693635824887581,5.022502700460764e-06,0.16710040650310878,0.032904742201070016,0.2700586249704546,0.0
418,0.20401474901858158,0.04286556348760717,0.27619351623473093,0.04902972980172558,0.02735921828015884,0.15563264347589748,0.10572513920721581,0.20724102578768644,0.07631778019359371,0.0005563116175504083,0.11882262154742304,0.19080111697837498,0.19320015402142565,0.006178228254654528,5.25236943744394e-07,0.12588480594792803,0.3627872558679707,0.16359696546263544,0.1925183881074892,0.2700400472533648,0.0750048811895144,4.1517093878952206e-10,0.09404227757586878,0.025980113820081783,0.13416349334434463,0.03806196163933212,0.13680119278862107,0.07380147679642497,0.0054521571077689535,0.014933198256417684,0.014618558675685005,0.09403368634044466,0.0918783546485665,0.18071721636648305,0.09632402449409554,0.02478994560901628,0.1690480502551112,0.08064774036637368,0.11044208524305223,0.03169312374075069,0.04169330806529189,0.1490154647867691,0.1608464793876396,0.15982683480917018,0.029593632900744866,1.1588912780985703e-15,0.4289151637277105,0.0321070021282356,0.07622238865021373,0.0
419,0.21220105357237937,0.025199515832165315,0.21363862121476324,0.18594535944374269,0.16127802476866895,0.13291031589437155,0.01934239132332031,0.2848654665521324,0.03789621481998971,2.545098965899059e-05,0.0457675928266595,0.399137194665258,0.2560683362238666,0.046832711438160306,0.04276692832004932,0.020932464624208433,0.2686582623896708,0.1433749571229861,0.062367521698491246,0.0763637296406009,0.10057571407323575,3.0737964963798495e-06,0.28985316993381477,0.1027615990535545,0.1921660614492111,0.05711700498897164,0.13292132705420187,0.25152337268442504,0.005276190651455503,0.10657931518020246,0.00023662001260779276,0.022864655612402217,0.13152276184671416,0.09777142615017494,0.09510746969046166,0.004911838574005159,0.00669454670425025,0.1494140247505016,0.16407312386992787,0.048064420948294315,0.03460572290263767,0.3294338954558604,0.10287728925878206,0.19323376154288113,0.17547770794988293,2.278997302417685e-13,0.06589607814235597,0.020688550801350312,0.24067535774174556,0.0
420,0.012308980153235225,0.019483819327557158,0.11996088385427313,0.024113117200900896,0.12406926701089856,0.1387704741228747,0.002805305460353959,0.1311560338501791,0.2481863946406366,0.12345708008426916,0.007958341096433015,0.07547013523090265,0.37306044246455966,0.0037300521120132227,0.16511814755578558,0.139464367011104,0.13193198644459983,0.18003501087295007,0.059894757465038674,0.04233773224896066,0.03660474863364442,0.0018915827385192223,0.15659845976720474,0.008626772189954453,0.06999620364723752,0.0016677074785771298,0.21296194629826146,0.2579518794264632,0.029282541230782298,0.04280860501163441,0.0018378135171658316,0.12072109998807924,0.29848959563860183,0.23617216091831186,0.057713327923383455,0.004985158232545129,0.06726646113961268,0.008520439552499846,0.11857246620543103,0.04692673818016744,0.11915297091490955,0.041671892208302495,0.2578912375639201,0.09666307589759783,0.030494807221956396,0.04468691939062361,0.015935512060939287,0.05293493763284151,0.17050325178334033,0.0
421,0.09576374386777164,0.2060614762763329,0.1016319163531851,0.03655123724799963,0.10041627359179565,0.09944431408126674,0.033246602975566926,0.14294082534655445,0.05280522176568497,0.004567670137191929,0.04869769024829867,0.10692895916453155,0.12596791050793318,0.06115118954523121,0.001095678616172841,0.05242839828289565,0.168732070940728,0.12177305155215144,0.08632865339383014,0.2973744108028095,0.014804171144100955,0.00034919681397974414,0.08940241637346108,0.04830951684635506,0.053733545121702274,0.028544971584796748,0.1639075140518413,0.04845027101535454,0.061447586641449496,0.05095602590453806,0.0011529406021624942,0.10080978360839782,0.06499185359880269,0.24086095452187303,0.15516085843596522,0.015280393957443983,0.09183208860321271,0.054450580653385865,0.08860855451733794,0.09164936466137394,0.09672303110816192,0.1506797609593203,0.15484927117483158,0.2260851269174086,0.20826732379747984,3.69517182648447e-11,0.1784950862364815,0.023255054185568575,0.27383756027728445,0.0
422,0.22049921651649096,0.04003842852584676,0.07048122936818453,0.042893292623911054,0.14529433969059827,0.21348071225609352,0.055795268379987946,0.4478571937563869,0.2812683762214293,0.03249064978756879,0.028121474117583214,0.09569907655098676,0.30782555081887897,0.008580930702001166,5.4250596627888964e-05,0.005735175760529831,0.1527614772916703,0.1443416829641727,0.06250785833889988,0.12697191275212755,0.07907905840333064,0.011878994581868899,0.31151480019987443,0.051184142799086584,0.1849047203193331,0.09744450831574682,0.1960924514177481,0.02336466134294647,0.04231966399898819,0.08252915623880762,0.15800126010040735,0.0664528873306068,0.3161444561014215,0.2285312323949594,0.11628950031701779,0.01664953385546149,0.020990811849397602,0.08868720758118388,0.25066242693886437,0.012208834433360795,0.25006242234888204,0.14285551189502277,0.3669683513434136,0.12221636451853046,0.17191251744143415,0.001390354072092773,0.016061131404443606,0.07007304738787057,0.3847869476371311,0.0
423,0.08059710788173714,0.14065843463017946,0.150476334081811,0.12193260052702884,0.21977282128854403,0.3814937627352639,0.010613236715140827,0.22968466602732696,0.13370323391900468,0.015559869875832256,0.016573483631239044,0.2070086656379683,0.3599830243070965,0.0003716732844888293,3.798930311073103e-05,0.11198004069579547,0.22057866438463478,0.19711768460735218,0.11977733423564024,0.07493355391304521,0.05124260834523485,0.018361290582074797,0.15566372092017208,0.06243951674232294,0.07455580175504127,0.05870126194368566,0.12994558127062886,0.10062664893718219,0.03685069197058633,0.06487272406959356,0.0024352735168712172,0.13069429682174927,0.38597703762458857,0.27915788366339606,0.15055110661104726,0.002965379019848733,0.14593847499919843,0.2124028670318097,0.034061702404573624,0.03860032375566961,0.04948973607279555,0.18000863277790344,0.29611152389240014,0.3870079463847142,0.1880373878719267,0.014703954228120444,0.04153990482240935,0.026933353876694564,0.3428093162182095,0.0
424,0.2800371150770581,0.09407506417348566,0.12647941151946823,0.09207406692816723,0.09276954543842854,0.15356646451212108,0.029096514409233696,0.1889217793102593,0.15627211256023893,0.0006560120352073066,0.05820753789394185,0.25946307392185053,0.15556157225953188,2.898060374476219e-06,0.0005394410904919764,0.0074239306896975625,0.13870585814942551,0.2239097967536288,0.15332101017795752,0.15711449782274495,0.10040855737859608,3.054273947538938e-08,0.09559280622664487,0.2847665393393321,0.04457917912575511,0.025232274395652763,0.21609480291538685,0.23924475377066057,0.033225791957100625,0.1795451208650936,0.027387666233859742,0.029717016762013704,0.07201582422666458,0.34486301885325193,0.1928910219341663,0.004146305679114951,0.04385596509599177,0.08700987155099034,0.0743619823117521,0.0938461486092135,0.022701312327849176,0.1690509741963959,0.1857721641181396,0.18565233479919246,0.1294500172029592,0.001605889323108694,0.11436385424337352,0.06503388378429177,0.17244603924657412,0.0
425,0.12620792836233052,0.17790593638331004,0.25284097975075814,0.16477889540562243,0.058927538345972655,0.14789080967456295,0.005835845300947457,0.08639685011159125,0.14750112746517985,0.00881434084208517,0.002137897655208584,0.1453140285133129,0.1415869678393144,0.02710967105351914,0.0813810500891876,0.03815712821317174,0.1965998773729036,0.16241309978282115,0.2166293609927635,0.39773377619843053,0.010017563608930729,0.13561343483483668,0.19348356517615864,0.02941822142153733,0.08258133448704032,0.0016876322744904374,0.2232694813070743,0.09676515942620728,0.04299844129049558,0.05641495141793893,0.005228596723402633,0.16269273948963248,0.10119872421242398,0.18881628595133487,0.1310374172750279,0.035965746546973626,0.06564202234981369,0.31051630469782276,0.09952487487338159,0.07312118609057348,0.07847331530863384,0.08637647280514167,0.17519240200750782,0.2763306562402165,0.08209751737996593,3.779450246664092e-05,0.030723576951582034,0.036391134189145045,0.07504995470542734,0.0
426,0.097068660522549,0.017272800766546702,0.0224222184639069,0.03223456639085344,0.17959028563451973,0.336814634775639,0.01612092495052741,0.32552290583705495,0.04797076710322697,0.030022286704007667,0.1247382144927517,0.12864440597705168,0.14603753983732093,0.001097044753328996,2.537019025683193e-05,0.012090274400453859,0.16806083268121694,0.058590218732601375,0.10048041654045886,0.3356202229770006,0.003271388757139823,0.00961288174807114,0.10182241807533164,0.08052299735508,0.07285649459121031,0.01540960470225725,0.12359187555827836,0.05226251699239868,0.0003023804365209089,0.2001455429379203,0.02330866265878389,0.0607669697408418,0.09563820316068744,0.08642334883786149,0.1725424415972394,0.001639079778527113,0.05018679639742108,0.13043448133699426,0.08262956506430909,0.132663357515364,0.20750482214609364,0.04955392301312604,0.31998268977389926,0.11714154714258311,0.2107895804517769,5.42923672755396e-07,0.24738433199764628,0.1472915864788944,0.07541465258407345,0.0
427,0.06530894866256257,0.13130238245032935,0.16381526554375708,0.07108478823329434,0.0996483746819097,0.05299809965623266,0.002132449589838499,0.031183574074583966,0.2929720086966911,0.07170504802172722,0.11209667719197194,0.1188094563939996,0.06632953879379173,0.00025163214348383056,0.06376169455965647,0.0313246951345509,0.15413270822366554,0.11349181325344848,0.11296666931984994,0.11082411583177323,0.04323253202457638,0.002150776337268309,0.10858765340552765,0.20149356440519664,0.15389231096196798,0.03838655743329804,0.15661878385219377,0.041138599069178404,0.07657256822497514,0.07059260444270556,0.009669217977874565,0.037985046428440625,0.1131747978127154,0.14994520370514208,0.06960870396466642,0.02087449093180839,0.1326009889416299,0.031123331938125096,0.16115478003075742,0.018501833609147905,0.057886814931077064,0.3982274524845223,0.31666700669430653,0.06541642280895733,0.09949554159897929,0.0025183164843981982,0.08297966175692502,0.022061823517834103,0.02120202249295682,0.0
428,0.07880148765484277,0.0038214523856924774,0.07729202232943945,0.10493771375238133,0.5156054194021454,0.1299622525935807,0.010458599641253534,0.2843367364074001,0.02063636761091686,0.04545550079505112,0.020150589011008163,0.08131508570726298,0.0914384506972964,0.00044686070072031076,8.706161614835275e-06,0.131814310389851,0.10332390819626716,0.08342167666816824,0.051605662275622244,0.08979829732825477,0.00191435531945918,0.00010317216379753696,0.285034550429251,0.15101881112389381,0.2717922442906845,0.035110750812361397,0.06476276076420094,0.08890399614201644,0.0024178236065227608,0.15952731461785216,0.0022214926278318983,0.00629222945274359,0.3919841622951346,0.2981108419666321,0.06763568206783445,0.03630714575521166,0.04093648622021543,0.05142041022047675,0.22768482714173074,0.017717335065611576,0.07904019972196494,0.06789734023046794,0.2883475471107474,0.18841162850380874,0.09440679021002059,7.016021749823168e-09,0.06513561758448828,0.07695658547105882,0.2774700667858962,0.0
429,0.12141937433024853,0.029350034747402335,0.10304749814153125,0.10467335876211564,0.3032847233936939,0.1033304149639634,0.27161398224213157,0.20293493447009736,0.06725539141451142,0.031087731476848755,0.08387111683452102,0.2862807024026342,0.19325108000887697,0.0003662519942145694,0.05340464473674115,0.01425930899896561,0.2258382584452981,0.15423405730742293,0.08691120428743544,0.3703096088269118,0.013059593849111704,0.010831800956783242,0.0976629207232505,0.016482453356670052,0.072472291565618,0.0979547905671803,0.31702838024980856,0.13758381247347456,0.0027221031830261017,0.09075388341142315,0.002902647908906887,0.07562230381995812,0.03609759987963906,0.06196281005116285,0.22532949206396397,0.014859811638387496,0.022040279807707973,0.0998554985757497,0.08365544845625454,0.046650429970496315,0.2529627034784886,0.08603845186479488,0.19902148442540177,0.2631918169272278,0.19111372412715313,2.794300914662771e-10,0.14469237526734893,0.01856970238485451,0.13201031702140512,0.0
430,0.030933643663212808,0.05079754502209627,0.09734301856315185,0.23100135794556184,0.061290309892646555,0.13321908235447244,0.026633891355396417,0.29047756355796234,0.11406045813428767,0.0024825049662154978,0.031873999990699106,0.35444583388119716,0.3018652722290827,0.17257621620291497,6.357121542934245e-08,0.039849264505038215,0.22911916702118945,0.05569137228054097,0.061968641978512595,0.16561564394453554,0.051345115712411155,0.1172672379124752,0.06583928981659376,0.037988251633982895,0.12299004827151014,0.04107743234707038,0.09463675706178146,0.15428961142275877,0.001451491109562281,0.025222738475781204,0.008444544419030153,0.0762449277823464,0.2523304413757748,0.2771075023930586,0.30999102670034684,0.02737249268252361,0.09832504623212611,0.01854317050632223,0.14286400981350764,0.11926589104381541,0.08154845893859575,0.10717969020804756,0.14622512149019412,0.04736397707026674,0.20552621333317714,5.75846631662095e-07,0.06536940709277564,0.1641994897455159,0.03314319764347517,0.0
431,0.03943375904364666,0.06471654420856432,0.11367209034480633,0.15410590664345936,0.17309622772938663,0.1284908376176316,0.004787529083546879,0.12145280520458732,0.15252016015498654,0.00326176722176692,0.060009899828057885,0.06466755494851173,0.17618035927178033,0.0011204626976983561,0.012271468497014567,0.0010941268064726306,0.2611408564937027,0.03792599729998349,0.22518635336563447,0.4151180053185762,0.0442279422323065,0.005608270235512262,0.1577705853036418,0.17264436795918622,0.08942417959056642,0.018364003534007748,0.29449531291319603,0.10044214754946747,0.02746535597147434,0.17516716609361352,0.03713936718691808,0.16420991590641804,0.12426873015545019,0.17633401610140328,0.13455242734115108,0.08934508867331697,0.016669936667371384,0.053157644349736945,0.14807054300267714,0.0361589671195337,0.06850767973334021,0.013280691684507757,0.23375419537915104,0.03304142499090629,0.31213931463148575,1.0958818054968844e-05,0.06970191030088284,0.03622721370228755,0.11191506153230694,0.0
432,0.049116660594567686,0.015711798222619252,0.027321050641294486,0.25457243781177863,0.08361583904035505,0.11190244319060037,0.010702983930550553,0.23996711963062492,0.04726206677149639,0.01284776778230302,0.08372693359805482,0.1320201797198277,0.1589922849305242,0.0004469129432764387,0.0008350710473690233,0.011501038991275376,0.261257651119999,0.22393941968823755,0.12261262621686739,0.07557714725094951,1.0708993582084827e-05,4.4006310096936293e-05,0.06964539896450109,0.07027938819122177,0.10944597317843141,0.008692640320667898,0.29517473616381146,0.08225355712411006,0.08266506130405266,0.1452215662878092,0.061418909569018555,0.048539100085084164,0.09008518843522595,0.12861008382002126,0.08490817379267797,0.029764057405287214,0.01154364057978847,0.008109822330977129,0.145614795078899,0.026265486543071793,0.008891610579872436,0.15832445100021875,0.2006358486620973,0.11389276967408851,0.1365410567340337,5.112165041413243e-11,0.10919023086402137,0.0476922682755521,0.06588718435901564,0.0
433,0.04901786642818957,0.12036275449196546,0.139405907891781,0.018351107914047884,0.030586288180982867,0.0895426114056115,0.028458890324077765,0.049652075812815936,0.08420635007272137,0.1903516285720715,0.03044726218393594,0.186783733109227,0.09510592027751939,0.015916339274154454,0.012829048499836609,0.0006969204703541785,0.21979400425618464,0.11371680432001835,0.1617115334125783,0.1036128343392604,0.007032374883752344,3.477722443232479e-05,0.08202701990368698,0.1235805618067771,0.26799068253733405,0.11425796569055326,0.1662641665653508,0.06630763301100351,0.009579414962571543,0.06711650748217403,0.05626596221316006,0.11697786769406777,0.055190540712428855,0.12086391227853192,0.011157446432422766,0.07753649392289398,0.02073652696644178,0.010424135388519624,0.2242259042866674,0.08621481872971655,0.019921087005141832,0.07980976076812568,0.09224686993442162,0.16072867892080617,0.10724443848150454,3.1215216865246916e-05,0.011618825622715606,0.05249406295761377,0.059038295851652794,0.0
434,0.004393246937547533,0.09045553764862947,0.2339011505168594,0.09661740336260755,0.2173494141451621,0.06923644911418114,0.1499703378705691,0.14030994462639093,0.1657210808976054,0.022073493494489754,0.09487521767525951,0.07442516202817008,0.17404054289043572,0.0326060067999166,0.04926235507862165,0.14747749145710537,0.07742134947092165,0.3202598180266939,0.039040570773736204,0.284883708858592,0.02010052700629431,0.0002993123295518218,0.11689424979132708,0.12747806823051844,0.24467067340535853,0.04182603508545813,0.16443903404794405,0.05277042623327,0.019788562925446587,0.3135507845310122,0.04013536309351954,0.09321645912513911,0.2005377042194105,0.15327081825241126,0.08233236172242692,0.010694647589407065,0.008200748511317938,0.04282149618077563,0.12002121636650989,0.03701432304576734,0.019833366150276765,0.2742234448684247,0.1773897523455421,0.024174029418419944,0.16551791586522213,6.010347777258695e-06,0.02390534589718922,0.07248226596469323,0.24978180211825987,0.0
435,0.03592114678797166,0.07981714461494022,0.1481280801448675,0.13311359778225385,0.21406005604659406,0.1729246510529367,0.09242733521734965,0.23998430878847693,0.05042570567264977,0.15406254195215208,0.032517312247531176,0.32850044503777764,0.2387326420413498,0.0007731564492799104,6.358051098484087e-07,0.13047352694899603,0.320989035427384,0.1225755618690264,0.09663101821707945,0.19395487137868472,0.005412539100710641,0.0007351202228679621,0.08965092937667357,0.02407358389201191,0.05713456775515432,0.1092391563306255,0.11861459518364957,0.28849594179058263,0.011722529700997438,0.0821053501196317,0.07223223074321748,0.08175013924677177,0.1603157586091085,0.15278152231926237,0.3472421991231396,0.0026478330276171933,0.14163921228310158,0.0707682418161181,0.07937543824513206,0.1442702817386066,0.019399098454457957,0.10182519644583313,0.20523336669062492,0.1387776639012991,0.03702310213094182,4.545721240555497e-05,0.029793777481205878,0.0702437122752093,0.26478436236931324,0.0
436,0.2937981122491075,0.09153247570774371,0.12839958001452656,0.032697655269657754,0.23415217895361473,0.20670892878009028,0.0628559434744522,0.15113635940503792,0.07206472123273773,0.002221361725161655,0.030499099868561492,0.21462121409173782,0.26889812589521456,0.00423950324313922,0.00019653434070136678,0.00910797375411381,0.07006057948990203,0.11020758365040847,0.2771747360661817,0.22560467226504982,0.0008501672280589558,0.0018580935744048955,0.07646572001423635,0.05540641242864049,0.10485790363729194,0.044763277925306794,0.2683094708245417,0.07470990104776905,0.011385694284339097,0.15282917627354967,0.0010686543335806664,0.2516424369556409,0.19533148849740684,0.26640233328422736,0.0809106492482753,0.0017931410676887694,0.07296452689475966,0.15615619821064106,0.10952116662190539,0.05995126261654342,0.11937738797977997,0.08214648699932134,0.27440724143818346,0.10226083076277505,0.1195946855042578,2.073807342706529e-09,0.05887967633561099,0.05528104729493417,0.13478633284109703,0.0
437,0.21568411973719598,0.07027477756747114,0.2040612708628515,0.043227590700136626,0.08625558409861271,0.1463977863903285,0.17880409660167496,0.19703161646588102,0.045299045065027264,0.00614366356230078,0.07355011993962915,0.18247685244425105,0.1751149642327032,0.000606379052841056,0.03991192518270254,0.01086729032265284,0.14755806810260144,0.22878230013361256,0.07238060432888016,0.21151139636783411,0.04352336385993381,1.1969391446272942e-05,0.18110118315603888,0.13484296652279734,0.1735696640948292,0.0067632135793108455,0.37456147117152644,0.07611953539362391,0.06384512384272255,0.05505394564715458,0.1389641061003489,0.04682893772618343,0.1887197510945465,0.11482362431092083,0.08413330336188936,0.0003639309514516436,0.1222571379131113,0.017037651221619807,0.10843161071589304,0.031108604622311326,0.06855686363097241,0.09216948304009723,0.28763666193634363,0.20478624756947464,0.11362453925568343,6.184308999300836e-09,0.10504672268304867,0.017476205593414947,0.11343396026047706,0.0
438,0.0870507077725426,0.10816721184748022,0.2243623719841788,0.004753040971996299,0.1940046047687478,0.07916555536892217,0.048027484303557154,0.21148760345701445,0.00824096121963064,3.3097032381406345e-05,0.0236198438429724,0.2432816767581832,0.10734350352101257,0.0012059398370252276,1.8519465919942686e-05,0.06837637477291422,0.14153090838136778,0.17956462365424802,0.1624222897384449,0.07296956138869064,0.05768079568755772,1.4376356355342448e-07,0.056350334670650544,0.02373935206166139,0.018534334020466028,0.008739407298476018,0.24523813211200235,0.037824310207910446,0.0051862096356327355,0.058496520390902355,0.058628573151152885,0.04647885379637604,0.03471401972195649,0.16371156248634114,0.007018317957468846,0.003201856609772329,0.03747470324275514,0.045806168992450096,0.09588388586500228,0.015416592227186788,0.08767690262202145,0.06758075593352651,0.141166869044806,0.10232324537253455,0.15939251284758874,2.9670639951616807e-06,0.15443451603408678,0.01973443927804178,0.12384858459530276,0.0
439,0.1609526530885232,0.04031917976823844,0.0662182768710375,0.06347759313358231,0.07233923387560007,0.29102767680454006,0.00031898858301817587,0.03208634803195177,0.14447239083738186,0.02988747001230582,0.10957197148353467,0.1993627075420119,0.2738276468514561,0.021379899455422232,0.004425576380351694,0.011574189017194978,0.13568851353100103,0.0649814341406269,0.155343772016983,0.38511639750668597,0.0031763926285598722,0.000640375462294316,0.005397597592294578,0.19457001033946641,0.1376313312668759,0.015099111387967934,0.11364047214609949,0.044167680589113675,0.03520468965584649,0.07941716340554232,0.03765177643939371,0.09644307718943586,0.14256079181235737,0.2269212754950427,0.04409223315864394,0.01044797313363877,0.010942119227224453,0.020005630314144096,0.14250526399905267,0.025592723074219774,0.08152928973742257,0.047118256111839105,0.27420894364714116,0.0873025448538944,0.33628528131123114,4.199013904552843e-11,0.16416200117387778,0.012771059806912876,0.15658123302360719,0.0
440,0.16143925226789782,0.0892218027848033,0.2986634354921055,0.046506551680482094,0.03586063977589766,0.14702618719821964,0.14102579665736054,0.07671860545750885,0.19328977149869675,0.014500637749864232,0.0035056302298050834,0.40872230734726667,0.21593540696000083,0.009752175418290775,2.54367419667816e-06,0.0018932485826898319,0.3241898934660658,0.2955406063545927,0.20598207032577637,0.09324881579727624,0.01017414660050017,1.2643053232769659e-05,0.12201974096355618,0.22483560418506218,0.10637082874884007,0.0012026911178796035,0.21517874485481667,0.13739487861592686,0.036154763497877856,0.05669403521599734,0.028550571715533688,0.19068527232172477,0.14105972631694771,0.26663522828402636,0.28435171808001414,0.04680390059171092,0.03360344332959569,0.08999694739938688,0.14301762664438095,0.006008214326118711,0.08957893563020115,0.219605224943058,0.2684416877057573,0.11947346060825206,0.18546081507554893,2.9216284155906873e-06,0.1611722723312749,0.07781998578576038,0.22739867889544776,0.0
441,0.035211453547956066,0.014270084055419067,0.08052937396962062,0.04926612338029942,0.10719522116527921,0.27320826988296376,0.047025347782857295,0.02831614884253566,0.041619851041477605,0.12656892915755158,0.06514835522301539,0.39645584519610716,0.076667036398792,0.007955440206629446,0.0039311633092427144,0.015665243279067573,0.2312635856026643,0.054419627820467276,0.019966736313851163,0.10435459421941361,0.07848971205169321,0.012669592992666269,0.22647353938029244,0.04574076323938606,0.06494958832152406,0.017779805091563065,0.29510789081699035,0.16535187805362303,0.002845831158500144,0.09697112186163984,0.01655853582436648,0.05272461208307606,0.12026361672232526,0.053320438972891994,0.06647011177594964,0.16673898946727117,0.12071359875718327,0.07295031312974568,0.13941520170418575,0.016480288191476105,0.04465643550490614,0.1261164219724811,0.24880352203779207,0.1443158986007967,0.26600072867785446,3.2263061035707805e-05,0.08699359786989398,0.03363919946024693,0.11884745776053786,0.0
442,0.2481250300474287,0.05994800737378486,0.23244930340146921,0.0040688002535724,0.05387075158429315,0.205732648678153,0.035686566061921755,0.24195541360728579,0.04848850600236989,0.015816159935792662,0.039866293145483074,0.2347869027283155,0.02131199006586062,0.023524854892775678,0.0002589617863405852,0.13330792086811177,0.15850035906234008,0.08421225834136671,0.16427340389971948,0.11202988395405487,0.002556250484270674,0.08691618631879526,0.1420915722755458,0.027338940371927748,0.09435065483414848,0.02912894219329373,0.3819654036285599,0.09527106568130914,0.00015347517099076173,0.21038264220960443,0.08347217432692254,0.17546919234493902,0.06601210073952735,0.12668430914725054,0.042644604278905,0.060932042370847275,0.023397906707231447,0.05778364093938354,0.3140138059528042,0.033044546309057725,0.032620589741814074,0.06442945959702107,0.17614243055559406,0.08452435151877433,0.22425294214409033,2.5314968836803034e-13,0.08892636652281007,0.011329800457005186,0.18005422262797,0.0
443,0.029155856379727244,0.12240160473117472,0.03823410553704266,0.06630332330216462,0.08656399255280707,0.2229014428589609,0.04016013635938829,0.11442191490839657,0.05805347826849577,0.001290059329055817,0.02719915379244907,0.24283057692343052,0.2246128496568239,0.07171509296313361,0.009549932882141695,0.01441889512344951,0.10968094962499796,0.26916250143896975,0.1555837080995738,0.039892867600083017,0.03728281307499361,0.01168549829036309,0.12330673663768751,0.005614753399521638,0.12036777978978615,0.09945487920530187,0.1707981780348712,0.20063184294952935,0.0026045042971025345,0.16523171739009676,0.024146548968000177,0.007661435131309152,0.28775554444408935,0.1755265177450854,0.1675177576047283,0.02550413615779521,0.060797341679070485,0.04820986179970424,0.4672134357523903,0.04394510897162235,0.027384731257454168,0.16764351590343696,0.09614125132673455,0.07320536727441268,0.2301452602892793,5.878260966802637e-21,0.0743392910361528,0.019105767642289002,0.31798292835023473,0.0
444,0.47922250146750683,0.08340860964956875,0.024139340397559345,0.10945372720825175,0.11435215426128463,0.273528838905278,0.07353627399521542,0.03463543840329348,0.40958852934846895,0.04106248284406437,0.010323491188119786,0.24601159113511803,0.06753818432851674,0.0007122391689722205,0.00011919804737202772,0.08377791500436021,0.26531500375547556,0.20674980714861027,0.07671652179563604,0.11774663771136418,0.04314575037163648,0.0031335226855469475,0.03585608109678752,0.1412116517084633,0.03500506381145561,0.011153184297352915,0.20451272152912472,0.10264451815420257,0.01340511441746982,0.06853078260218763,0.0070057481554774165,0.03339154887181418,0.25834305376019845,0.1366616069256133,0.1699171976401574,0.0034673317817041824,0.13688084644217244,0.04872999282245939,0.23074050562052298,0.06537086820249226,0.05681571309326902,0.1347218858808239,0.2108828490883893,0.17992104296483874,0.3546734061559663,4.031408289666155e-12,0.13008616461708497,0.11213509683961864,0.13059140784364784,0.0
445,0.022192401982811864,0.040845568518859995,0.11364767570544945,0.1923440539557986,0.05485005174618172,0.174771928969812,0.27121182955784506,0.10244386883018146,0.1234656265774458,0.03779491103320038,0.009041645086000031,0.1433259450624443,0.12390672147078767,0.10795555158674909,2.5777748050661966e-06,0.047399378679302565,0.15375960537658723,0.4904655506134593,0.1030084492616352,0.04796377405883771,0.05139717391353289,0.02271887294740073,0.23581558404879935,0.08419286133126155,0.20086948504341723,0.025904129414327823,0.09287289080670101,0.028030996207805647,0.04115331055270374,0.12922728234937575,0.05856811326384223,0.08337609513819362,0.11268664933114408,0.03874682354409623,0.024802276222636668,0.09125880459907723,0.026686770459060694,0.05017291644193709,0.010326642476221398,0.026500761810152495,0.043643918572118474,0.1314453099208998,0.11926148135067184,0.11358168425599975,0.24027994295533198,0.000930424947727937,0.0212609674480571,0.014561499703896556,0.32752779071128363,0.0
446,0.25827602143437217,0.07639280762491459,0.06408642343098528,0.015442242247271361,0.14327205972310242,0.024883222469343207,0.12992215286414002,0.22749387235807786,0.12951906396928053,0.021195013683948834,0.07092928798612166,0.15067253531306235,0.1360424057767982,0.02445647139789327,0.04769571805083749,0.04150467179817784,0.23850667777177803,0.24525578214582866,0.08972650830104391,0.2494753899272169,0.0019807153161874773,0.00023151924138424301,0.1974154896720111,0.05821547202923159,0.2299324231157157,0.08000010910572733,0.0700158603436278,0.07257979239544053,0.01615858776262729,0.047469744404738695,0.006592130762460703,0.14230411301832013,0.14938610546592707,0.09723721612548637,0.3212086325019946,0.0012793269421516739,0.0660736286144449,0.060731136109054576,0.10190355230764572,0.0664429822574459,0.047437605585277307,0.07387548864540482,0.3148411088594344,0.07548958936647791,0.2286215583057467,1.4394816209428384e-07,0.1707265987734966,0.13175129436775787,0.3307252556789544,0.0
447,0.03967695521697521,0.04646262625475305,0.16938146333952755,0.165966314459341,0.11239341415337388,0.14470995559452857,0.04608835466518699,0.12881471020034102,0.25050904023745935,0.07433675418314371,0.04377251626946458,0.07955979196269475,0.15645560909039558,0.005117755862246102,0.016220745795659124,0.019828563412551767,0.0801492814159235,0.18850486159228105,0.06388826971524836,0.1654550368053049,0.01437834548993151,0.0009764418569913348,0.2229820550430687,0.15486203761233427,0.32265078139043746,0.009396801435103911,0.20180219213228354,0.14449148753528637,0.00024189888266374027,0.015092816480206536,0.02830453643207314,0.007040262530422171,0.17625454523897544,0.1317338212004177,0.14891832853263426,0.029408998934499525,0.01611259483763586,0.020127082930424336,0.32273129150843666,0.019485723990427573,0.026963229771618177,0.064251877088652,0.19970088224907995,0.1562856750255251,0.11243964672375077,2.2821733251819308e-10,0.08610275693820037,0.07357989893657499,0.15070580998857083,0.0
448,0.0722786200897971,0.08102572929694939,0.24880081403290583,0.120461271226481,0.08390765573181147,0.25884702117674807,0.0013520947909267454,0.1711747678272544,0.07760029151780945,0.05828956856110704,0.10786634334349225,0.21813067681593154,0.4457176657043257,0.07635935410372001,2.313542247813538e-09,0.04356203722205463,0.20681645046971336,0.05881118763400366,0.17304497146961414,0.11812570004765006,0.00024032044559626467,0.12065630542737897,0.11804990303026346,0.037118661980317665,0.11871312132574018,0.2175286762245232,0.08725831416627762,0.13613523920242823,0.0015844326325150293,0.25660102380607885,0.09932871166521574,0.06945720329013436,0.21993643140729843,0.05599421147817561,0.05454629042888988,0.0047785501712810366,0.08929859954533047,0.07706309484088376,0.08962347461411684,0.11990753891973209,0.055876053805569655,0.05912248146236087,0.2733951715311909,0.1365926301847482,0.5228217044477015,1.7237525122911365e-08,0.03856071563402163,0.07629979006660548,0.19198904336799924,0.0
449,0.033827718157434676,0.1267816306040622,0.11704389765317065,0.02185076765927627,0.07853139149842565,0.15627609254158606,0.07505081425862158,0.31655627805172604,0.1059588864233154,0.01827691763728328,0.02124850340191969,0.040173104203894465,0.13393408165499743,0.02438731263809325,1.5920701291915293e-06,0.022778614543855512,0.1168646111491343,0.2981386052324443,0.12892932957763675,0.09983239243616586,0.00011184971760000586,0.013453738219993471,0.06663371758447212,0.03239504236056381,0.136535113230113,0.04221195984140424,0.10017665728253203,0.06382656874541073,0.01401046836550065,0.07306213126082335,0.024802465635345168,0.11088964646391705,0.03649301982856584,0.22432981882193095,0.075970551510363,0.06454954829008493,0.09729664907394105,0.07938750748203567,0.13539594840039984,0.0013065962262356816,0.10345461514677083,0.14109733896163984,0.05795531861727709,0.15860416230963637,0.22554744617631095,0.0003468096715584848,0.06478775611174728,0.026537198250025016,0.13692295822384665,0.0
450,0.03418004622485757,0.11819965552554551,0.19136047947789353,0.03589413912523084,0.19599130950724236,0.10681730902041063,0.03851650240838815,0.18573646040072406,0.05927082745170176,0.029493719642044832,0.07674842540100854,0.2231943564167563,0.18571276587549626,0.0030429014921456747,3.384869601280426e-07,0.00018870936459150465,0.12677489151708782,0.11252220445385623,0.09133453923183804,0.07349287704272672,0.0009244860907145748,0.019120405577737157,0.3167551157395282,0.009354682321367262,0.1928583397920951,0.011052162740750245,0.12342443227390751,0.06276222242630233,0.03712995049746956,0.20037184543429176,0.024015186866724193,0.1442984419524816,0.11855714262626522,0.0679766600323295,0.0650568045452711,0.05122709897319472,0.013407284461952064,0.03419263354888128,0.17993817696153355,0.05164777161572631,0.07027163020638122,0.1714880690251201,0.19865535485055302,0.553129680607368,0.08305799830815512,2.091567520216898e-12,0.14672134023052,0.21413646963180635,0.441052684662222,0.0
451,0.2561660631577165,0.04338807018570903,0.1352635798848086,0.08814460608911989,0.12480485133216061,0.10745381572038396,0.03341589592082772,0.22038941130429945,0.053574080502273386,0.026650552104874378,0.06829674616258444,0.17727113302877387,0.2146295324837514,0.009043092116169642,3.7574976743415273e-07,0.030794846107768586,0.16336829360960792,0.22371276511133342,0.15243327111304286,0.21446172966889016,0.03784312829292594,0.015870896173032296,0.23266399801280777,0.04564854425709705,0.028808879403356975,0.024408887470241242,0.21969374878721187,0.22887017928418005,0.02561568231810032,0.023871070464493827,0.04862195381425485,0.16148388003452652,0.0859232965047299,0.0868738216258118,0.1085769538821188,0.0009448498431392228,0.0012849639906727505,0.048792395424667005,0.21474375092099826,0.0008685268730150427,0.09704057025143072,0.08689819225168449,0.2915899365944979,0.13878530248751791,0.025104898832699066,9.380274506467173e-07,0.014289291321335154,0.19880071461620208,0.18047763465096,0.0
452,0.20946097489562032,0.1183893492640085,0.037258977740869864,0.0417176219639151,0.14736859884682818,0.06894710484824756,0.03685718239148646,0.07471592262189389,0.056594624557792475,0.010467237554653635,0.13247818797249594,0.18623446623191617,0.016998395670486898,0.0007810153670448971,0.004222341899641491,0.09018459535849405,0.06813568730034174,0.1326880485398312,0.08438000491253715,0.23199029624633039,0.016045892553031113,0.004308482325589745,0.13616181920887716,0.030212320323901677,0.2237786959692761,0.01454947136381961,0.1413443653218501,0.19530825420133288,0.008944558617400594,0.014168659383456492,6.561483746645027e-05,0.09918610736659629,0.13480137992974614,0.20976002612865105,0.041509210429334996,0.008049025493955102,0.27529376655845905,0.03180661745577736,0.2303626005668897,0.17064614679661533,0.002844777656678535,0.05064637573515477,0.25348875857443565,0.21904166268024813,0.18800953107543125,7.719030812146526e-05,0.04514096439603178,0.04010057825622744,0.20955707362738607,0.0
453,0.04871137171134964,0.06317251917244786,0.2855427159901326,0.1211897376774427,0.0892673581010404,0.1639423782338566,0.016909984610617605,0.1820099682273288,0.15979203953983015,0.0047484522268968,0.012645551581368599,0.14650127526024118,0.18343991612521474,0.02007859583397258,0.05043907366434363,0.005481285926479153,0.1530301010199747,0.4144415524756282,0.13238306927504967,0.18282914123845262,0.03505617724996463,0.00020311895875178008,0.1274772579563424,0.10036632932937313,0.029790359322055527,0.12710358215752998,0.13150809224236548,0.11775053652406703,0.05618465600453775,0.08990072698811596,0.03235152379641189,0.09883107611069722,0.11162202914658757,0.09644804539198515,0.15499402614440802,3.324723099780038e-08,0.08213100636253808,0.04110576273527346,0.37215022914835316,0.027944845080084935,0.07319969820612181,0.17953761038054844,0.10116649622660363,0.12011510187449768,0.13815313979361246,0.017579758662626194,0.11125160538565071,0.21048470052393256,0.39717019333470927,0.0
454,0.1643860466106998,0.07575667109222307,0.08544238228871513,0.10442975587571322,0.20447448546242597,0.24306652555843083,0.011622100001500197,0.19502388526708184,0.11167027909612437,0.15095963653874137,0.08903266039824367,0.22835446094799663,0.09159117308918462,0.012438364511404926,0.0031967496949476576,0.008924796045453966,0.18117039015932135,0.2026748404907266,0.026780782070867676,0.19973293204086637,0.16754068911089728,0.0065831415230714375,0.04275527028704217,0.22271840641598797,0.08661328974955103,0.02722831985721514,0.16614543468585805,0.05241182349620107,0.06483886440780467,0.09783907887628109,0.010380753683097075,0.23470301481988534,0.32923190169162336,0.06497082357657538,0.13154929678232616,0.0023107587738987133,0.13178753796271309,0.016040465957903927,0.06278648676078649,0.04171201735028464,0.05208848153182858,0.04210523954324425,0.2498832656486478,0.21100945869335783,0.11231356661959357,0.007406680517919114,0.2563342860875272,0.02120041939655471,0.05385256717044233,0.0
455,0.23977550294990974,0.008277974029116288,0.15111369153289073,0.1778476034501464,0.23105737365605447,0.20920434611424268,0.0172842996867789,0.2472637862836556,0.15137479063249398,0.018700369470486453,0.02497824817099572,0.2583579381932169,0.13908332354764952,0.0758425009785477,0.0024878276393164745,0.017973532335706748,0.2802793233042611,0.2301142428340459,0.12435699028670402,0.23525537559567689,0.08339698030360597,0.0006134448954889806,0.21124717903840723,0.16674175294491325,0.08066768364029397,0.013288625179143322,0.34193299018589135,0.18101119665228427,0.03792469638304467,0.1312812253858075,0.06384345920587793,0.07983555748225259,0.3073446373161192,0.06545360274395168,0.15101655582726908,0.01339003923971787,0.11306977866078664,0.09539494780945208,0.08997387825824985,0.0912762597660172,0.04360989261031498,0.19433702758715707,0.0784031829573681,0.174397304541273,0.3005480299143232,1.3318968994046805e-11,0.06465466316844556,0.015745943994326803,0.1257512578315417,0.0
456,0.24207967108069053,0.058165426888987896,0.010456586877161545,0.15427825163191133,0.14177235138491906,0.05792550874423803,0.03587376737904504,0.2106324140565512,0.07315783134936318,0.005447374403723558,0.0006599542981031463,0.12195889058004318,0.3509833379794849,0.00022986000316876242,0.0001604889377014374,0.01531373993467003,0.12302302785631726,0.06919102744622017,0.24087688079067374,0.13400589081657643,0.006151267284007026,6.277996865553743e-06,0.06577874728878817,0.04140796040347074,0.1308906414880069,0.020032011490806665,0.18743296611799165,0.17356385299265464,0.03923528793705908,0.06615008536628485,0.011477715788561414,0.1334167856158582,0.08173143032734301,0.2302421507224852,0.06463603772072841,0.0582925334238212,0.03689639137324951,0.04242344235252832,0.2614860497666024,0.04203714600113935,0.010476854129652777,0.13682160901290633,0.23295940395057405,0.1745983876396946,0.08304825608836683,4.180632985914684e-22,0.042745105088986976,0.016598803155628932,0.39336857906130096,0.0
457,0.04501644819157706,0.1253473253839547,0.1973909539063197,0.041243401728194795,0.18055501366665144,0.41231061653010437,0.002164357175875458,0.07191653108071763,0.1872677066299661,0.011836162174763291,0.00036942226122409926,0.08903498796031305,0.04161405076104308,0.01879772527820743,0.0007799088464503468,0.003941807155621198,0.03046817111710713,0.12528118239190855,0.19631538874536836,0.19700808403074963,0.06305688703182334,0.0019338734275842326,0.11347697711949747,0.0997850340153317,0.2763604070395713,0.010740663288826927,0.13734406150709733,0.2065707429557534,0.0018736379975767329,0.25295678230728597,0.003697796833756366,0.10418967769728961,0.1659229861104095,0.07592622666024379,0.2100068005458431,0.07643446618474295,0.07525460228537992,0.04236405376531928,0.1798785527732066,0.10915694912512436,0.01803469752996696,0.18279070317706939,0.08718880468376071,0.3180931481170666,0.1257262876157644,0.0019201579929957278,0.03497872709492958,0.0888264146607281,0.097915667218417,0.0
458,0.06831164379690913,0.14874169956988087,0.11884160652513703,0.23399156257476608,0.1265512052299363,0.07446072147297847,0.1505675448394082,0.10746519041584444,0.05078543398206289,0.010620921350095286,0.05332023593864126,0.17729906869254458,0.13357579056085353,0.0006257238449077372,5.144688569460788e-05,0.02691704148050916,0.037856683627711586,0.1283953444068305,0.12094070651025104,0.17622546662810856,0.002536224232238121,0.001820187086099236,0.07810378694476651,0.12019869648300882,0.07488420090245375,0.011346435565598846,0.1693569656797007,0.14059014022405786,0.02996504758095688,0.06470656269413345,0.005328185511513115,0.08025800961612314,0.1836273625659051,0.207387113517125,0.07813507063427874,0.004205701527227253,0.2344667651905283,0.02277767222690781,0.21499986510619998,0.0310631116233174,0.0015451836701043252,0.10409554285182977,0.17400769750038664,0.11489411428715905,0.07193226343190672,0.00014017592177267515,0.014907113376843764,0.06979594962038989,0.10654797439347247,0.0
459,0.007559989956473329,0.17326230536251416,0.14843904081432113,0.09053016507986618,0.13535627400211733,0.2848679052611312,0.059234805596211935,0.06337121978092967,0.0689221361985587,0.006546231460526608,0.08531998706730039,0.21487290762078184,0.324168563450042,0.008070723550768006,0.0031252496509537445,0.017309385165947287,0.19474691855986948,0.02361081781787969,0.25647453126454284,0.18913354519570766,0.022629964441923136,5.0712911198314276e-05,0.07495187965248166,0.015845254082271523,0.10671669616664149,0.004283300553157577,0.1001136469910908,0.13860328603074976,0.03749339364370389,0.11004126936394054,0.015804752643399842,0.058912885860096166,0.15300429267390456,0.11580994949165954,0.357400642446242,0.0432069249052158,0.1086484559730195,0.09528548236926865,0.21766878057782144,0.012681992950550506,0.03800180270910444,0.1427740632118759,0.11291234717269988,0.22055469605498296,0.036526122952799375,1.9702600306006873e-13,0.07919777570701259,0.017212168352574123,0.08290440051037017,0.0
460,0.20053936585022034,0.012218871198099314,0.07047764067840899,0.19296752973866557,0.16384935292738642,0.32588397567212396,0.04611073796090232,0.18397617347743736,0.11289387916290207,0.003470623212333652,0.03341883632321534,0.28013311331256485,0.10581184323304543,3.7034538819348776e-06,0.002493395440753023,0.08564582735737662,0.45612674808115417,0.13262142339671187,0.16167020113947442,0.07020246821104785,0.01523098710619557,0.015929249114805682,0.17859836247089245,0.16506253183900096,0.09043503051477104,0.052393366589980575,0.23241115859876954,0.052509200328514784,0.03660501807273454,0.18259356241724073,0.005209782736669567,0.021362783472491098,0.31930572393398476,0.14634195599271316,0.2106247242801896,4.0512923940996426e-05,0.06080257841803529,0.09291874586671674,0.31151178050167017,0.17472793026890246,0.014052189400027417,0.13015917492375947,0.0992845033705525,0.21531414274351607,0.27262864731397823,0.048233597650747466,0.03988427009977576,0.0052894940808247,0.06514883062995826,0.0
461,0.08647217214713514,0.04394618590044295,0.12877377831762843,0.09008579768754728,0.03157678638897701,0.32911100009483435,0.08445023245065286,0.10127945126403287,0.1282766851117367,0.11720837029077953,0.04152794849347584,0.10843800209387366,0.03922551253105254,0.00020992466619199158,0.006049096982782317,0.024959414952836975,0.29625652662622676,0.29737651638002677,0.039236010190991606,0.11288197588080875,0.002718500715186058,8.303724749240255e-09,0.23332025884581278,0.10332896443292838,0.21135119521755924,0.02223916289917349,0.12303853565192638,0.24542749229621327,0.04233896151776369,0.07227097274090809,0.0007210321422155707,0.18771951423568403,0.2638077300150117,0.16794531259460774,0.10503465146193076,0.11181308817017853,0.09873804979761046,0.05027715581996539,0.08582871742005721,0.08182764304908512,0.014341653746415316,0.07747284317846559,0.12415599100824684,0.18884404898480106,0.2433539999451139,6.28415262834118e-08,0.021655691411523268,0.06661662304002466,0.14393475995641297,0.0
462,0.054262742540479525,0.057077607560249315,0.20430724618095464,0.12600948831310674,0.15714660029984476,0.10046567220399893,0.09065246988026428,0.15453865301661027,0.09270415084282801,0.05035791976720273,0.01590481219930199,0.2056392477671932,0.3292804880998182,0.059502700617815006,0.0029540840857762343,0.05011106436845454,0.09649793198034724,0.34086638975169764,0.027393581113579667,0.18392383836858942,0.16544390755382746,0.01966777101604919,0.07324935039075894,0.108532686272781,0.14983579607127473,0.04343810445966771,0.13304480727716675,0.1285060315243691,0.07060856826900073,0.04235071440022301,0.01664850345546193,0.03992744364995438,0.26678049649782665,0.23028107159440006,0.07254526200661042,0.057842243652748065,0.22367157210537994,0.021427624276071,0.16192121159073283,0.09035448781069998,0.05301252370238553,0.023942529844695897,0.20180059340327117,0.1888806946092402,0.18256093076485458,7.565512270753394e-11,0.1193678099165034,0.022279919998867748,0.11897709175726733,0.0
463,0.13352729176628408,0.028137706397516123,0.12755769347295484,0.1741615998992722,0.21059618944020844,0.0689711916892632,0.10113822097826572,0.10001539449342708,0.0453666159232321,0.011395170541307079,0.2685604448356664,0.2370376671038367,0.4318230535231883,0.02269564519206724,0.014317384703052596,0.006387781277557035,0.17669694841144884,0.37364557983986296,0.19078404482848044,0.1543424216028469,0.0011471360496078213,0.0070836829039226164,0.13666571747324052,0.24691234101726564,0.03366067019386362,0.0434420151896019,0.22192437487347313,0.148709305550522,0.07240666844046449,0.08542883509420823,0.03184307777920107,0.06857499035121564,0.03786483542813518,0.16428548583942484,0.06274702166294557,0.11909003509467736,0.1487601439901226,0.025496876339965238,0.14405249875078233,0.0013551765883125654,0.01818847531639924,0.07299024885089721,0.17717313310912883,0.12557859297502727,0.21642534783909703,5.866984473136368e-14,0.0639489982301843,0.009511727953007126,0.05671963274592061,0.0
464,0.03565829010049059,0.08803682477753681,0.25855845689203083,0.10461622946655325,0.2508851592128722,0.2536596010365554,0.02129310229970594,0.04992833000926449,0.051257008730596534,0.04079122992366561,0.089819604728844,0.12526041962590928,0.0881383410371848,0.06447679726526359,0.009039980329968765,0.01105512633300936,0.2138158741782507,0.24179304972352286,0.1918012024828856,0.14214294276776976,0.004143346304469841,0.012737278703123021,0.2085482487048992,0.04190982704165316,0.08950006050226451,0.003815984975211126,0.07454080711217136,0.001778945585325107,0.006295378701518112,0.006685309563843203,0.12393838337369206,0.3209786718649306,0.05525016413516657,0.18104518298073402,0.09492664677318091,0.04754834298764236,0.17566075005173593,0.05181150359303367,0.4854690879278772,0.07544945871048771,0.04117388574161597,0.03668941632031717,0.16471231244888698,0.16775112984012105,0.10317939722744102,4.527647309093706e-05,0.026719140943004385,0.13192724933283187,0.3733434103233915,0.0
465,0.05211571339743067,0.11710375211979927,0.1978178756571403,0.026767594114289677,0.16762770709100228,0.2404558557073258,0.031225114522068304,0.3091704573026566,0.01722440689212472,0.03183915261176733,0.06725040926205299,0.33374892898409164,0.10020746739173128,0.0003447704493506168,0.00012719761147965948,0.08902068094744146,0.41598369628608545,0.1233233519211547,0.07753399871204028,0.12310766193168637,0.12323897139932155,0.01431818891640984,0.22226032556302602,0.12774171336785495,0.26135928097898675,0.010217003601080347,0.12698693479576365,0.04967168478175709,0.027498756175016185,0.021102340656256838,0.0005016101609212697,0.010018565664698149,0.13161577841153313,0.1036460280046321,0.19555350094499335,0.06990566419791552,0.053356991981904196,0.11195316886458281,0.2862093743134619,0.0423021794499044,0.1269991998522255,0.05243918720162477,0.2866445315987919,0.1474235938852837,0.11344453722321478,0.020337744288543635,0.14949186684492874,0.009124927407165494,0.16695849240015434,0.0
466,0.12573244027607283,0.092017507427368,0.16375698910752215,0.1028687963113297,0.077653860955566,0.14247353053327427,0.00514034592191146,0.2707703731096607,0.12209714588026466,0.004675542915729984,0.01398684437158603,0.2216146869069827,0.2582717254639059,0.015980142757880494,0.00012091828952734063,0.013406780599851557,0.09456823210907184,0.17988234052011048,0.021544391788492327,0.07503072733543223,0.010234337592792934,0.013666163680035566,0.25161299698021183,0.11076982102120365,0.11389510067634427,0.09000352927910685,0.15174264527239364,0.1123490053991786,0.0012178917324527523,0.20319757041265996,0.04446950809805494,0.05051289803500142,0.08813277288406629,0.13893080208503855,0.16314784738112492,0.0027938895067781116,0.017175904701170894,0.04581222120927326,0.17498910079139643,0.008504845293936086,0.12474599255726741,0.05793337921364453,0.30226447777764676,0.08088870609265501,0.16918686576998113,3.0132884058415848e-05,0.06725971176063496,0.0025389393711571354,0.20915668907264917,0.0
467,0.042885667513493375,0.059233138686803744,0.11484291861213589,0.07751647550903337,0.17874027145854007,0.17853971983753983,0.018745038391835857,0.046442425849082175,0.11436153026229491,0.00046074315217611107,0.021494930846178713,0.1215937595310554,0.06968901009788625,0.013090560316275543,0.03737896783136526,0.05394340815017162,0.16159717705772988,0.13732177310036914,0.08021706311809788,0.34146569321341036,0.0370039413597809,0.00589510178636307,0.09636058451001964,0.2030622971464841,0.02258189367591769,0.03948588546505957,0.21077767588263324,0.13183877395447366,0.03363864354982826,0.27028451212187793,0.017584681393536635,0.09281946343902041,0.36322912502695875,0.22882796437990965,0.10203952003836153,0.014982091650198641,0.1688524494009631,0.07528861626369084,0.1145634345024229,0.1307144912245369,0.0848753391106533,0.021202853533787244,0.20273380888723563,0.16406181193094338,0.24042159505160082,5.848028355284747e-14,0.040234213901011236,0.13411471971901867,0.41214589631786724,0.0
468,0.14026656542073335,0.3215295726680787,0.18034255864898963,0.033929622534933375,0.10360438654107856,0.06724624449585648,1.3914916782970473e-05,0.21556665126636335,0.20009042732840188,0.03755499984237327,0.0142771733759287,0.2525368341853597,0.36272983429755945,0.002268399488586919,0.054528338287637354,0.005334305979161554,0.26302111980369625,0.3524026334915254,0.03310835140701153,0.04806779064268523,0.005930097857549313,0.0015049738305494957,0.36231129533280915,0.1846588891248496,0.17152779886669386,0.005784993446547345,0.15461048325530316,0.009264094875867095,0.00014926857391366332,0.008270257705826225,0.004517057229524688,0.07168016006016527,0.04294325115228359,0.12688034105770069,0.06526377753064415,0.0013912789624522708,0.15680565261451768,0.06513365169457302,0.16209160481595053,0.024472365907324285,0.0284762772510189,0.09678928348443232,0.3146922368559282,0.19180792957282472,0.04885449589555529,1.6832452008665457e-14,0.06815191449513287,0.0208913143743703,0.03403494207541228,0.0
469,0.04242470613288851,0.05926293912235215,0.1850945625489831,0.1488968183403976,0.04489711700584219,0.05367597079659585,0.08011020313176036,0.3093368623990828,0.15393519401265018,0.005353238334229129,0.15878024585687153,0.2362926641754504,0.2817071710044294,0.0031089658027096206,0.002430500200052603,0.001509143648890497,0.14086217486971217,0.166126514969955,0.05855535897859989,0.3178967293654377,0.17528560879531982,0.004717145388102599,0.10352152187086115,0.1333034450951634,0.09860148123111334,0.06613465632614947,0.07719231301523807,0.017928298842186424,0.009568342038604277,0.12547182764667272,0.0318402731881274,0.048750329599266624,0.12015850666045454,0.06299785653543517,0.04199278716537739,0.01678328769399975,0.1302347610501736,0.011695259646798956,0.19229693415203383,0.10622242762075455,0.08072702294937455,0.2393240441305506,0.13793041385308757,0.2566062719717124,0.25041477851285565,0.010602975385066611,0.08408189514765756,0.07807173168495012,0.1908785723701655,0.0
470,0.2978680842985191,0.021643085563089876,0.18592175300900476,0.15374515203508443,0.01704845650233847,0.19140775529026785,0.010432635537530204,0.13372258804213738,0.08390267119430164,0.04153305132060878,0.014351740205993287,0.2764780272323412,0.45526424541178306,0.007385003793236467,0.0044114012084057975,0.036884460283784226,0.448231424085675,0.22227317408710157,0.10188580457078981,0.19097436217612024,0.00043565553815698394,8.288396972120104e-06,0.15454031693812728,0.04616458187577025,0.06858165393661295,0.15460748731586216,0.24859442189225975,0.06951611715121511,0.0636805841657706,0.0405638025397229,0.10442634675805332,0.05986955476573376,0.2308378312260899,0.1778189527299012,0.09254528741970978,0.009747356707388445,0.189928255265213,0.06941174739107436,0.26606048864571863,0.01638015641807345,0.040656240963145816,0.21950707989379442,0.32845017507411334,0.20441321929067663,0.23839096347139727,7.333236654046462e-12,0.06450560466047363,0.00688300840852771,0.2500422474001412,0.0
471,0.10882022029983424,0.044211146439148585,0.15434312653513899,0.1074423062456412,0.07066149755778296,0.13747881292906772,0.020328730787651884,0.3757455884776527,0.19357703687582045,0.007769438319000973,0.013553596056947188,0.3259300300462238,0.10530202754314837,7.733267216655452e-05,0.0003896966889683453,0.22664799061484692,0.16942417045584798,0.383983710914373,0.22602637815601156,0.30036189795864854,0.1290117658699834,0.061116665944647326,0.12492920672948513,0.011258737817948625,0.021373978506681383,0.09749169065471311,0.2772491543849761,0.26021042647284737,0.10400506859171345,0.09438127548291655,7.447167843203554e-05,0.12126421703920981,0.293885284000827,0.06277094248076863,0.1957997460511787,0.0016574467639379848,0.08067642478079753,0.02078484547529949,0.12349669920325612,0.0654230671803792,0.04441961542478128,0.07841880670126089,0.17301824455496792,0.0544930259429313,0.17122829752460308,0.019092098033109534,0.05007960640360054,0.0492477682749392,0.04883917686475207,0.0
472,0.008964938909644182,0.06881549803461637,0.18650081728470308,0.2996402637005843,0.13892485886808623,0.25134402549793206,8.639164456246091e-05,0.22044939850342005,0.02715866330810232,0.00035950315917913087,0.007328187011927903,0.22989820460620838,0.0964615438103048,0.018221395957646474,0.006675005086966417,0.22882297141866428,0.06730115952456296,0.27309934956596665,0.23333319065425237,0.058077443405150295,0.22480346471619314,0.005544125700784449,0.08415704851380022,0.22616853457482217,0.04164793336358055,0.0064883036070713055,0.4672684720358381,0.12910400332523642,0.005897923467728005,0.11197863835604357,0.021305265061477643,0.1568525074143363,0.3398785478501854,0.3584360951783937,0.3140174462911314,1.0783693739206365e-05,0.27403752781275886,0.16408748961597958,0.2667665597306522,0.03229512858391516,0.010405072203621663,0.06137324467845075,0.1807515426100083,0.1022043982743493,0.1502097802930932,0.001067910472466495,0.15607301652954758,0.0014998441683300417,0.14020687720156763,0.0
473,0.11638717845310945,0.05914747595924488,0.03953584712754143,0.11498831202937998,0.12311236346580315,0.08884962659742601,0.020595170285486655,0.13300257889487593,0.04571213324890671,0.016958884633733767,0.005064736257490561,0.17811674252457538,0.3127347551030712,2.4673163728373818e-05,6.856606823712794e-06,0.07956531232251676,0.19933615221479117,0.12413303170050176,0.10473182264430678,0.32281517574359264,0.010852876936228472,2.3338091122399465e-07,0.054194305937345234,0.018764956250210397,0.10601004046224972,0.00015077699563214114,0.20944258693082063,0.12044341670496692,0.007661654452180883,0.09316610587277976,0.03160092242258678,0.1468145728919567,0.1834309975448005,0.19617928703095214,0.15041302435336482,0.03993392269046219,0.02499997604723074,0.05242646197562763,0.12059042385637346,0.00878208234739342,0.0038467819252702476,0.14346272188509965,0.2643189539152709,0.304443233491542,0.31474353120915116,6.865683733396968e-21,0.15936130015303168,0.018229426282544772,0.0540281958435013,0.0
474,0.08972852284384666,0.18977582200695353,0.05050706645898789,0.2551090815946086,0.05686622545324308,0.09558660297622636,0.0017089980463132967,0.2846408637226297,0.03183049937917983,0.034109824716306976,0.05596984474810528,0.22160952417696125,0.184554168355916,0.026872254099640638,2.1692355078473817e-05,0.04188498524189859,0.15791378686550303,0.19414346600855806,0.03785873137490466,0.11696292889510028,0.09132445589459658,2.5634256256279056e-07,0.1111705028054857,0.13826343423595425,0.16061036812271803,0.0481702693985648,0.2226605133097225,0.11597570834947675,0.058357203465156854,0.2055346171383118,0.003941636132766609,0.04528023566735507,0.31819864707424195,0.4000864006516942,0.1426274947605579,0.0028196454529938924,0.09227326123500668,0.11539189825507995,0.11046065371019805,0.0871790458978618,0.0806709214340435,0.07460080162380349,0.20217112457541242,0.32208096246978574,0.30442887706795163,1.511694348416984e-24,0.1911657204387059,0.08878666285257246,0.14821077395577154,0.0
475,0.07757896676994978,0.014385250362358814,0.06842516032961496,0.14621902016551633,0.08085620420449463,0.06440793247244812,0.019517937973906094,0.3119375627526982,0.1182304953829475,0.01763158163355748,0.005072137072947445,0.03293451459311529,0.25966715683642544,1.2054050745733873e-05,0.0002719126131168538,0.011421006096518284,0.30249033997841923,0.08155271189535644,0.0866660280077999,0.05792902314939093,0.011776978675251968,0.012794620761577577,0.1498481404027421,0.0851934840132143,0.05027803245450574,0.01315146132853173,0.21742111405291742,0.11977306659046286,0.012969071100289468,0.005623924574719065,0.019416618526680616,0.15642134438930427,0.21569323939660462,0.08115121175486216,0.038648022530996404,0.029488252239472424,0.144631007856965,0.2388673392300641,0.25432954619258774,0.008170430728404392,0.024716526385471768,0.013950377797420577,0.16354727489514517,0.3184441912239515,0.17639510186743557,6.422852230883256e-17,0.07962144475311965,0.003951863696457173,0.11184854328763649,0.0
476,0.23493393929454054,0.08198403273274642,0.07317780459081064,0.06477041494297667,0.10624850535313637,0.04253499084974501,0.04831334281475408,0.4277294216404432,0.07026019300858151,0.04289782638488651,0.05950874012239644,0.38458173629699266,0.3752841058663128,8.614562018237161e-07,8.512365450443786e-13,0.06336154442147045,0.2996656990169483,0.08482358088024579,0.023541093626347747,0.13363434426666917,0.004844466403274131,0.0004963328822471105,0.1905945405290885,0.1218827482383783,0.023701201561297524,0.017127149215092726,0.15880624228402013,0.11769332047494158,0.08199066455508242,0.0689292753949044,0.0026991841713835036,0.12132756239676744,0.1655189755327279,0.06248612787990929,0.08112871964889462,0.029840902256093576,0.07655263079157174,0.061894130574036955,0.15890125447965917,0.0844552310526931,0.02766214829249275,0.02336606757906882,0.11574854774842869,0.22064231197301093,0.21220777097329271,2.8764436576198337e-05,0.0023303753929679563,0.12324471150603614,0.526959205547406,0.0
477,0.11582068351351295,0.05288079779449788,0.20894589501097127,0.07991590113615939,0.06745047971968872,0.06841756151473258,0.020322936904513502,0.21524545663021813,0.1499051662487204,0.05988367909080015,0.02051737057800456,0.16178545975384662,0.07309652292434245,0.08378535723472529,1.049553451616486e-05,0.0033060976082570615,0.12718237979091593,0.1565473152387663,0.3474816821247225,0.06645682629660833,0.03606320085388426,5.6633880373325825e-08,0.030520275935751205,0.1498606964256783,0.10503814059968605,0.009391299454022166,0.11327548997979273,0.008676095374551886,0.007610435681936917,0.18236375471326663,0.07570793360404907,0.02956137999776431,0.2599656039239674,0.17541130707479013,0.19609780809112845,0.016779923766749895,0.08696859898337504,0.13595617344869354,0.4934035173431668,0.03911779306121967,0.016952844931852742,0.014728526017239774,0.19277668022577213,0.1458368721798713,0.16959418662392542,9.199931122910668e-13,0.1588208580817602,0.025716274149852992,0.057665921817599525,0.0
478,0.23130657428222792,0.0646724643500208,0.13389060819554077,0.3085042333166434,0.049207481225672374,0.062462271555783024,0.026149862110601645,0.09727401378411579,0.047911228682759315,0.007579937332175942,0.06791377348107394,0.21400283995191663,0.07428410995756113,0.0005116784871260579,0.04269220743142844,0.05904514165653613,0.19091135609992574,0.07838643224132896,0.13823921074077286,0.19029833381954783,0.015089224382994522,2.1206651923094904e-06,0.028303415080582667,0.04461065726594726,0.1349275685424394,0.0010643246297206285,0.11266882408425083,0.15575465643181927,0.035926662744233444,0.06030524743287861,0.013541610167765434,0.1477895081739055,0.38209611343540884,0.0679718552857292,0.20840903763580942,0.03456712308535737,0.059132139564918695,0.14433180454644623,0.15844040824242367,0.001217664480961214,0.19944017361075195,0.11966099148746603,0.15827290671044078,0.2338049642378919,0.29594364882310714,3.4742492924423854e-05,0.21676270009600532,0.03679642252170613,0.4786352395045459,0.0
479,0.1035242348811987,0.09723925538695616,0.06738607125885572,0.17554410897685327,0.17103712759193954,0.17852975695624182,0.0061144612821561976,0.21598805043334085,0.2058484216486791,0.0005739746678015714,0.014581682700359153,0.3523857877550804,0.09675861243969325,0.06595910103252547,3.518876758888108e-07,0.020111514841658237,0.16346389286591512,0.14374460929012695,0.06989857360520797,0.24268720755427736,0.09187232735225001,0.030364383424047004,0.4151551436397782,0.022402957629598968,0.05392564062481136,0.09615331671562075,0.22460575519620374,0.1173092988471075,0.004307403942822856,0.14989953513405635,0.026012672386748835,0.08039652739388799,0.1913944152822576,0.09749466975855951,0.03792948201870877,0.0020623534036179393,0.060775252357580294,0.012631191835945531,0.1299954822269741,0.048949180480770446,0.004218680292419725,0.1281106907109299,0.49066379209501054,0.04599664517094629,0.1889577713067105,1.5255944587795425e-09,0.012378562515643654,0.080077441465335,0.1567310797073339,0.0
480,0.1263272667498205,0.06304579137545357,0.20673035910031434,0.03576643470995654,0.17661547772967037,0.22417296425128638,0.08465246391839218,0.20708480695623901,0.3808300448479854,0.030348226450857406,0.08439971029482443,0.3074469268334865,0.20904687179829767,0.0015991039186541516,0.01077292721740012,0.06471866780609808,0.18645249585712936,0.03490148913971416,0.1125095461471575,0.15066217529580336,0.054954099727331715,0.0014163066033666652,0.09482737228533636,0.11536598989222419,0.045771872504490066,0.04605206447165425,0.4002572371057006,0.07363813427247905,0.05076488933084119,0.17199374363213424,0.09527622096593247,0.17812690933725409,0.13079565227598716,0.2062175199052256,0.11176717758217763,0.0007374449041499323,0.11320693703965312,0.12079096259156696,0.17597073823832646,0.010783645902387754,0.021852949389650354,0.12504841445549453,0.08524183935333438,0.05893766078053139,0.08890880646225821,0.0008823902024650424,0.13634555215863003,0.09900595149063768,0.28597864702898385,0.0
481,0.07793629556157104,0.0608054279963676,0.1264961738463062,0.03633347817550436,0.30847552092877695,0.2399107317507189,0.0024379326023944233,0.1498460730695492,0.1730020061316367,0.005547596548560123,0.006775206543309316,0.2618626897201563,0.05887008014680287,0.010081648934749322,0.0002230412133160368,0.0012175310971325327,0.19955416754265906,0.15994761430368393,0.11172410042438201,0.059502790098856874,0.09099278455402308,1.8048477845245338e-06,0.2984137784852993,0.0030664718872392637,0.12579333134229037,0.11895010386700783,0.15759021367025375,0.037799778605927155,0.06576837512449629,0.16090392400427264,0.11366182451900861,0.02563486435085467,0.22886020148177008,0.07870839042941911,0.06709489019973891,0.0008335842721250111,0.08510806372742713,0.05268059746286036,0.05309952319649525,0.014493026211159372,0.014342491848526887,0.12512195803047885,0.24527565254590042,0.2467350290962777,0.1077966275666544,0.005485737597456105,0.1262266708844262,0.03387677411007427,0.09031052328435973,0.0
482,0.044268099397244826,0.022472025742412326,0.09424305333458106,0.0587867603563949,0.12942668318401915,0.0708272815672016,0.06936036623361658,0.4028018460511083,0.08065733924891061,0.0015560920719435488,0.06161883421019892,0.2567630412393638,0.03174819798490679,0.022713742394670784,0.02548433457384206,0.0941403805937258,0.1388610379347189,0.2105821410879962,0.10872128509422366,0.272346734507513,0.06711354983002335,0.002838224993341468,0.09821384404983835,0.0180784368009724,0.027235651497396957,0.024283555501215838,0.2527739825216193,0.04450097222115508,0.0011211605400666272,0.14507882953628395,0.008931045681400325,0.33222413786502225,0.08381993988011194,0.07150374936840441,0.1228326428328545,0.03909958962972029,0.010335547045415984,0.14992737650120302,0.10788769047305492,0.015313188121029895,0.11655994349816275,0.014795011077258734,0.14843394761861636,0.0948046557383034,0.06629481669601445,5.960574862479356e-17,0.06890699190709328,0.12347370891616627,0.18485399851995377,0.0
483,0.12951932764044494,0.22894484813138694,0.24412359461679778,0.062376572180548984,0.14701852417080524,0.15734949915319033,0.04867900489764946,0.23916546618153167,0.09358722827509434,0.05669610582279509,0.03397882792934121,0.0426688176778844,0.21585128947008178,0.028182242028853322,0.019706444566215637,0.019707213863696754,0.1629018851972489,0.2396854326774273,0.011850574933607593,0.09545793774211093,0.00995442431611203,0.0004786754531783324,0.02812731823889926,0.24906243118100663,0.030209147680424233,0.045251283695527035,0.4323593141769369,0.06468746174959082,0.05191585033527554,0.05573543358208837,0.024347066410201488,0.09067165401490032,0.1423344597354748,0.43753628435829134,0.20162776257971868,0.11181489370852263,0.01626797884147209,0.01606620522204048,0.17190037822071205,0.049330080217512694,0.05131629999477635,0.17422622843810343,0.2836670097301936,0.08035413724647081,0.1102980652727449,2.7480303603321734e-09,0.05093420782995663,0.010480485457498724,0.09760722861080906,0.0
484,0.15969664172413245,0.09365481553724721,0.13276438386995978,0.05118377548401881,0.3776362583249924,0.19917830235566644,0.015664226245246816,0.1439063428345931,0.18477765280454136,0.007475817920708443,0.0043133595295394645,0.19190904713879084,0.20525940726052033,0.04234681913391458,0.011419241522208707,0.025650347240466373,0.29630470211325394,0.14720768787648014,0.21502841202784692,0.10682875660179399,0.0016966463698457222,7.070936991245247e-05,0.09516879341006862,0.06700329501991495,0.17168255596509083,0.0007522059519039303,0.1944516826285911,0.21428832241882506,0.06377226026768484,0.14499374143014818,0.0007193991623551928,0.11731850008707173,0.3622579446362025,0.04674148976788268,0.291958626606419,0.03278296887635428,0.026571303105117294,0.331854427732049,0.11462063063277206,0.006748772097875096,0.10662496248469878,0.10952392798105787,0.17106146931539035,0.06935236251382654,0.1482056695009381,7.699728799650535e-08,0.04320076555720185,0.018209322822469932,0.1073532639076485,0.0
485,0.06504340115458218,0.2009191060326439,0.060366113422086864,0.03905881800727624,0.11481734528154466,0.08760822833585598,0.05026727053530484,0.10644608467511855,0.20890723542500103,0.005841605610000711,0.15681075724552657,0.1445241012884776,0.19064297551758663,0.024952256299636266,0.0008298024264978291,0.008351725398262282,0.05825333943810456,0.1707820676767343,0.1393833208848355,0.05476983223250111,0.04605144924656982,3.170075982990244e-05,0.24608818131211244,0.05301703955106599,0.08495878160196563,0.042629424964860455,0.3181255452161578,0.059867038369826264,0.02307168658824954,0.2721497003254134,0.11057878316755361,0.02605527057679219,0.41278229738505573,0.09237287820645897,0.03852280077428861,0.014626651366068598,0.17411340970997097,0.0074521391512288844,0.3604053444793728,0.040797287530732786,0.07185643249259213,0.10850841937752062,0.395055157557407,0.03445491640454052,0.3155730232455038,3.5206117761552575e-10,0.0413916168238609,0.0006249946512176047,0.08732300581450196,0.0
486,0.14963775907024116,0.13743666451451533,0.10627924828345255,0.1990306616880547,0.3147494492635864,0.25778197919232354,0.023573247174251105,0.25830603071995956,0.04691236091791541,0.006658302998508182,0.0600091797742649,0.14731282563308912,0.17774298224220952,0.0659425171081263,0.0011223673897899189,0.0885331733484941,0.5359930204394876,0.07788060579180793,0.11062869322604121,0.15360291991018535,0.0024253409945215266,0.07994292006879128,0.24170263304881667,0.04799292905303701,0.08343786824448231,0.10231560077140414,0.13100871403893502,0.012366655159105063,0.000771575973154291,0.13759045517718896,0.02836076089772844,0.13640022360825868,0.3205141631627757,0.31361309988755237,0.21489212051735054,0.10506361485542647,0.08536418332554639,0.14179573303244147,0.2299506760729043,0.09303876870207685,0.17577015560748044,0.11961387406126044,0.07280851465604456,0.02995035603496457,0.2566131061336232,2.1154205802071612e-16,0.10463027077101021,0.029241274273109383,0.16267645683976048,0.0
487,0.14357119961843862,0.10776174977058942,0.09475450411822771,0.05979481597131112,0.1186884349646499,0.14474601958860472,0.03999109195571615,0.08191801822679788,0.02067056662365927,0.0015202174865915706,0.0004147032564084526,0.25653195373892157,0.1189802063894193,0.05329897186264515,0.00207705657467584,0.03443425677301445,0.3482824887683976,0.07819582427722248,0.29216803675123154,0.37342515423301903,0.002806658524054215,0.0018024936328417053,0.035032474889297956,0.2452878936606293,0.1461180615360076,0.06059634441528625,0.0980306529059615,0.18599225657934082,0.01257013192017051,0.01616632972292156,0.0022605602499429596,0.08454507237596974,0.19128040484141856,0.1907614935899461,0.22592229404266426,0.13855732061044082,0.003502708793553566,0.2892335640597533,0.13003704308114053,0.02970416899903897,0.03754183040399577,0.09503447617976482,0.21085319377211015,0.16546268430480596,0.1299354040117862,1.8489306285704076e-06,0.025757710704131777,0.0536659202756522,0.0895458068397546,0.0
488,0.06769635803343188,0.0815723336506897,0.0633842826572768,0.16409057783155953,0.1378753445432767,0.4520921692813809,0.027805458446419063,0.09887341123316398,0.2088030626663174,0.06860661694687763,0.02188769761551643,0.21821195771735863,0.14371354118344584,3.6988110860314523e-06,0.0013379295031724467,0.09567221599895387,0.22316334255345024,0.14586847723190874,0.06812536148255667,0.1178057279015259,0.11155079756538795,0.02445991418685378,0.36316195636985,0.023881059628300408,0.11613422632060531,0.018389707308297698,0.08016229020433645,0.20140947412563126,0.048282425705708384,0.08522709154592059,0.01871622584209042,0.026920473282803243,0.13536861170710815,0.014649926348232832,0.040533277656239056,0.006570270067396043,0.013185370961221453,0.05028610079947621,0.10586837941148516,0.03346168963104066,0.05096856442148797,0.29227803749361586,0.23050026432071133,0.24274315019288614,0.040791725453483405,8.960309071667384e-07,0.02927802444014359,0.04075108352127154,0.05185323993645019,0.0
489,0.09262730635652651,0.05224666602462407,0.04602757058365504,0.16821649802455588,0.21407718252172672,0.15545287387342305,0.01870743862038633,0.14575274748452668,0.06146237370142462,0.007682042063703076,0.02071221565306736,0.14127973654176093,0.22627650437918911,0.0015877999375465187,0.012314875899108237,0.03461719373320785,0.11184631991937752,0.07498040020567873,0.04356065746777951,0.12131110143392523,0.0033683780426053134,0.08837721751277137,0.14775361434060308,0.02152342654963795,0.11238890859956512,0.04773500951563913,0.18970908782641072,0.1895102210484348,0.022990326756769063,0.0989257195567572,4.64853887902761e-06,0.14778328436540616,0.11132030792331894,0.11902808636838082,0.06453072195755888,0.015397073462001773,0.18304578941921854,0.18266117579195146,0.0667868326782204,0.052246655035611926,0.015749940713122863,0.15296644032953988,0.2801265189835938,0.016701570381489624,0.2526568187627895,0.030332041488174907,0.007671363601782824,0.11456311521454694,0.49503388372668966,0.0
490,0.008241045071056776,0.07044321133912108,0.06598534461903317,0.053543453285227756,0.1039134203252957,0.31055747394659977,0.07665364669918576,0.23912799475411894,0.12475092668553749,0.0006289588438979534,0.013882470535009201,0.24127620872388517,0.3517112400865033,0.006090276789666019,0.008377963557301634,0.01767061846105797,0.16262113241605958,0.19875307616903848,0.1770640302744135,0.22831204706061553,0.0014236135377503087,0.0007407936078124374,0.1409764097940935,0.29768943838898126,0.06514268536005792,0.1433645650259661,0.16171597478482683,0.08900935315895012,0.027241211363257616,0.07975801681919921,0.0011927326644580077,0.02075050831500652,0.09181433730702011,0.08010699118949964,0.01400875450171351,0.00015606079626529648,0.1171219044307177,0.14408739005523646,0.23600614835995937,0.012312960680775375,0.08459293902314405,0.09386693198900581,0.17639441493734864,0.19386065830947974,0.10994397019565344,2.78078629165615e-09,0.032286992896563824,0.03136487703047726,0.14532543712734833,0.0
491,0.07405386955281085,0.01718106211369532,0.01991303997805498,0.02400458622202501,0.06987671565013624,0.2778334007765763,0.008174041103755662,0.08511444736488437,0.15557086573867504,0.0015229133200212119,0.038088925865760466,0.24587630369455815,0.2516312970921795,0.0002554476998434204,0.00830801849961805,0.040557264454828955,0.23696653778181934,0.1478867921837778,0.10247398356199625,0.1355449249262906,0.0333335271358588,1.7561771076192544e-07,0.18109120755508412,0.19308121111736865,0.11063995175020797,0.0008558057586546624,0.12842350753651283,0.09725170885490499,0.07823232942864423,0.02200344689544529,0.04117019085398274,0.17466545004603784,0.08250923533447582,0.15590229426684463,0.1832198441655788,0.05169061419684004,0.17484098866173792,0.008950046041119026,0.16500857917696427,0.04799653749769258,0.029215115933812767,0.2163444321451279,0.354572307591233,0.03144582903108399,0.1517665943769258,3.5400085064063943e-09,0.04153342246661968,2.125305444446819e-06,0.25184770541563267,0.0
492,0.13665289961196408,0.1136742756603736,0.2722525262537216,0.10830924450261242,0.1161350726056455,0.32890505662491226,0.02920101541859163,0.1055984386582897,0.0475960597674699,0.001166284348283169,0.13675855180282032,0.01911297478574998,0.2282309134589471,0.019681350487862383,0.002034819379504684,0.2553047547727582,0.19286921386814573,0.20769889051492185,0.20428486038101695,0.17895887591227427,3.546799834968478e-05,8.933193501813966e-05,0.22347039162015983,0.04451842749323623,0.07833805252383352,0.017270507229211716,0.13560329710383323,0.05301856885803992,0.0021921621421819816,0.12868205404365882,0.0037892160950898863,0.07756488477571934,0.11442784288443082,0.15943377875590897,0.13840214015455995,0.07229758478035064,0.048817921729059355,0.02853840125194358,0.19729577386300104,0.07143987319972314,0.07412192495730134,0.05705028553477896,0.1303103432059293,0.050770525423473725,0.22620900543037656,0.00017395900802733835,0.02139376129146735,0.03184136583728054,0.12692281246888287,0.0
493,0.11858499861109788,0.07181300064819172,0.1827475115819807,0.3619054620000598,0.18284360698735197,0.17580791042995106,0.02729287927371859,0.13476990549387463,0.08688438454085783,0.05153610635651831,0.03353722234867464,0.1976175799893644,0.11451300948451651,0.06719542620719147,0.0021895740169104987,0.007602021174354115,0.21738988395878814,0.28540516564075374,0.10219290130202917,0.05268602805315377,0.0341169655147826,0.004454290427798037,0.13129450499274417,0.09855207330031265,0.08732233980669006,0.005520726428062112,0.1514002933508743,0.14575802759453502,0.00021616509701713458,0.11159069382644168,0.0889790407489366,0.1953543825177255,0.07064550582912255,0.06928641679271505,0.28661376486931683,0.015725263745353973,0.25601921308984504,0.07511132276150996,0.21223218202031902,0.012573676230333798,0.009781893461897973,0.05979831054293715,0.1255806131084146,0.08623041491334672,0.31116517342843814,0.00017266688543169224,0.1277753607353979,0.051042637334105856,0.11585706784133441,0.0
494,0.26754361517914066,0.008411009611175172,0.16259757380488346,0.10689645122449021,0.22565271413038754,0.12744626363202363,0.07067093114647731,0.18438619564029587,0.057652780766919966,0.012571567765201035,0.006649709836031738,0.11777271412742404,0.24784396628983804,0.003879141720062737,0.0018992276611937684,0.03353044129796561,0.16478831788911052,0.1496561810536818,0.11309320449927239,0.15303289197819744,0.01781583146949949,0.0499680838723684,0.08109159207212821,0.06375360873181292,0.11273742782721502,0.024247186712425556,0.07909465267926635,0.22908987370980818,0.04458452380314084,0.1442154883557571,0.00927696388222246,0.10824866474915143,0.08387529318574694,0.17946387252887727,0.1751039482449806,0.12167733997384647,0.013943490438870795,0.2088887997608556,0.028289319334885963,0.0002588578044168773,0.020638228837390186,0.12267574948155063,0.22886121836540946,0.06495226785317222,0.20257723425966434,1.6769124643031358e-12,0.014582326250431668,0.01097604407939683,0.045637466354422014,0.0
495,0.21516945647934047,0.11524434985253285,0.019470795957399777,0.02767770642411845,0.17454439913656006,0.08537314101176811,0.013236922550200494,0.14335736061309529,0.03282557489468244,0.0017993894582617985,0.08771728369831398,0.05293794140367531,0.14133685098686993,0.003118102972318546,0.09522724822716644,0.011442740335119607,0.2650162630157018,0.22236897226624372,0.22375331146034674,0.15919150847826982,0.03289587523821189,2.552907583718179e-06,0.21359582167681734,0.11175824738462431,0.09680804451702689,0.016022560472238212,0.10210073655176996,0.11364452018350978,0.035153484454946066,0.013067626530153125,0.009243440759153294,0.12632076613999052,0.20494525219652399,0.13004695511575096,0.046783740265953756,0.0016085609555543455,0.08365719617431046,0.08452494779073348,0.184458019823287,0.03731362962309804,0.07209946145866956,0.10990949653667749,0.30001315539371687,0.16891220338712482,0.069332326648916,3.9571575479138925e-13,0.05034872527604461,0.028972276833258884,0.21898338542191748,0.0
496,0.054865486388510895,0.11040393964371936,0.135432030042495,0.0986574321202123,0.27187991771437076,0.004812234448384964,0.037064560631688684,0.21896319577399387,0.09432933275121337,0.004157036734181428,0.009348519300973983,0.170820964133674,0.1958117504588771,0.014602822183625328,1.5307411362176382e-07,0.12286489961717041,0.3352649826995462,0.1801373657632962,0.22730255182870798,0.03126602327435385,0.015839859496262588,0.003600212686604164,0.06402532210530729,0.015370763143584277,0.11311036211688731,0.09104947147846708,0.4012840802580418,0.09466576329455068,0.05743029615521748,0.06874251647188316,0.020739944335830405,0.09891222003932024,0.12837018028912714,0.024191004157618507,0.11175804641255761,0.021778004917915574,0.030982944785254603,0.05353460953403869,0.18962782256567126,0.06827794716258388,0.07986959035716193,0.16531919427883113,0.11325216102783889,0.0690784754177354,0.15397890984707166,2.530403901390969e-09,0.058697510858566115,0.007107799542275478,0.41652641927725403,0.0
497,0.07651596004102726,0.08061333864079999,0.17748723336165786,0.033227272759211286,0.09546345348472372,0.3612036267788359,0.12675965565913203,0.3711379147100411,0.16849183992427508,0.00010663276362279025,0.058961935394683355,0.07094389461287592,0.13346907666646396,0.0007295839435363759,5.5744781956394755e-06,0.15802717054151194,0.15661020856283983,0.16607731525028013,0.22364463161101908,0.12164000049043691,0.07286646167756672,6.360960380840389e-05,0.24624680958666562,0.00914063427774553,0.0977598111213495,0.006306664373316036,0.2524566367225534,0.036292086234097146,0.01870088401508041,0.05409631678767864,0.00042135574157681525,0.1061793846891443,0.09010368562212799,0.14842851417985314,0.03128947259367554,0.03408524066117901,0.03916795049052499,0.0406662508717566,0.032538849699882924,0.10758809865930516,0.00042533485501188375,0.023592953127989803,0.1213081771182141,0.08990124497288872,0.34401571522627705,2.629102673313123e-10,0.06159476234816609,0.04712014248780306,0.088543254251243,0.0
498,0.2682418863437255,0.017306192672767284,0.09686224768950057,0.0405578775535789,0.040820747915505155,0.11121481708191293,0.2057955887928255,0.2071783867529726,0.023290735975563248,0.010969079403801488,0.03207568244595268,0.018715010922856646,0.2037843272567891,0.018605159099121648,3.603557054279352e-06,0.07108978778972325,0.2895761382046119,0.18419772249081262,0.07935771407392297,0.23476226063585592,0.02669267547511748,0.002517537264204335,0.26908910446808953,0.08577916964368774,0.01893278241802944,0.021211523564829093,0.2630999641801466,0.21989728795996913,0.00032725043637001376,0.10314973565297385,0.112276971592887,0.16605832501282103,0.13635005016312307,0.14610006345350815,0.20566633727194236,0.02304257235435269,0.0566764625500413,0.005604927658036471,0.06614120919100223,0.002100838786459662,0.065169117424443,0.06808399632841322,0.14082437738389478,0.3219155828126185,0.14207959639904985,4.802294200527135e-08,0.05823903541319653,0.006590995078942497,0.10391459944548244,0.0
499,0.05934065358228669,0.19186816174851218,0.24408931161709035,0.08492626661600725,0.31130079888104767,0.16798103894645133,0.11496905611537624,0.12324621585582037,0.06864142156225443,0.012871333197278772,0.00449602528927216,0.1653899021250875,0.1949153365465032,0.0017493244440275467,0.0027972593936526294,0.0718615200793993,0.16144851111765288,0.019872842469355414,0.14114630045429405,0.21801478718519643,0.052324772698851746,0.0010607704310066895,0.16286091688391457,0.031315988893769825,0.1283466165829029,0.021492170086590545,0.15118236334572838,0.05214609233321054,0.02024813725454988,0.114179396852517,0.009927088730078425,0.05978586624764287,0.3047129289317043,0.12708776051485826,0.1329613406302799,0.06629887573614529,0.09374958955231652,0.03685918982365014,0.0767439573846352,0.010042129746738711,0.027158183856214803,0.0750680562030281,0.3754768313478106,0.3293747893290741,0.35367089731587303,2.1622128581291064e-07,0.07183942172170224,0.02644362726053545,0.2090774213020875,0.0
500,0.11752900166056174,0.300513383859393,0.11411736491237771,0.02296626948493011,0.18749879588118704,0.31460659192467527,0.037587884908113614,0.1058896202440603,0.21042890066188405,0.08945334854836214,0.016152560234143607,0.3614695464440759,0.20716844153211078,0.06735715792717521,0.0010358034239450625,0.0021405974701411926,0.2719376412934443,0.05978162479259349,0.08950893501502345,0.4173523681299656,0.13469962116123135,0.009649069282574887,0.1304254158080672,0.168816696627223,0.056453183868140876,0.03019163143686109,0.17700095846555233,0.13547697246128362,0.027166678260894406,0.021369347433490136,0.002265766760778517,0.2021209833452304,0.11929940719332859,0.18699106919374459,0.05377130892917442,0.04982524596704181,0.04954338633870466,0.11331173124749515,0.14800680265294544,0.0003919100715789543,0.032018388224140076,0.17727494628956988,0.08975034471672257,0.15122972402132967,0.29047550615241163,4.12041366441968e-09,0.12126161356637628,0.01652038365497481,0.1602143347213593,0.0
501,0.17431175049647993,0.20347959108637284,0.04925571028526171,0.09435318147373754,0.1794087624370514,0.1981081076535082,0.11038384669330757,0.17501727348976556,0.10448436774657269,0.015273200423989169,0.0160043799043467,0.33096518917905343,0.258173880928371,0.005550836229750852,3.9379549757655425e-05,0.001955922553146098,0.1141587101299085,0.19447984666270962,0.08219842849280265,0.14934920203394972,0.07340892689899876,0.008634084458142156,0.11609530228777067,0.06961673722766475,0.4251425601182829,0.008825912179861445,0.2256114096389671,0.03146478810088565,0.0188404540430125,0.0517147756477626,0.00027523208560087864,0.14930462775216508,0.16290503513234433,0.1866285600637634,0.1223476745581982,0.11401191404543146,0.07253283886858657,0.02470392927811302,0.27680013107813317,0.1220058636086851,0.11568963274531324,0.11799292736075291,0.1913200220629902,0.2356149783010843,0.18698419675352476,1.6549636062544895e-06,0.014333843720056094,0.01040822024782673,0.1769676528462502,0.0
502,0.25967611218163356,0.06468187537839287,0.14205344144579637,0.0699214535692334,0.04918370105448271,0.20325568830919938,0.05514060832780616,0.2821452132012122,0.10788617454011508,0.07222371214132522,0.1303211303105152,0.0871370214477082,0.08033533796177718,0.001275731228202353,4.8815490889312326e-05,0.06098983769383784,0.19009120743789493,0.11591371588275332,0.03180355689689093,0.03782646914788007,0.0419192931656831,2.2163375432736072e-08,0.2150633321388826,0.13359413410512985,0.2476499775525658,0.01383658971207645,0.11607311007736386,0.17405112638671263,0.00835112487322151,0.28555213523062173,0.25852189908440026,0.06713450740013284,0.32787514883703356,0.08649709409530977,0.18360964371298866,0.012043221727544335,0.04021958260748091,0.09000303463476504,0.22666780600609351,0.0073664588040934925,0.011522268213192865,0.15454352893281756,0.059686170482302216,0.17583278606576436,0.09280460682844376,1.9825731739478088e-10,0.10829063086949418,0.00029725633668381405,0.20126563179245743,0.0
503,0.11901913369248042,0.11184241207458034,0.0626003628021317,0.04418221354473187,0.06569416330656963,0.11024639674300128,0.017964103417109804,0.22038732930889157,0.07342507942211808,0.05576354923015849,0.11261023373879848,0.03792972932017752,0.12355304294637798,0.025202080377874695,0.02823435085768204,0.012565021775419837,0.3444260864674528,0.2558474414906034,0.028673853393834613,0.1999259981806978,0.013364480294420838,0.004595842028130898,0.135892635201789,0.2550755532986985,0.17087893332980925,0.1704971881894936,0.20444197363106506,0.06208868732841786,0.010675135653507329,0.15681769618250702,0.07370089157723539,0.054712523751225366,0.23497882204075402,0.17577957971207284,0.2314530367975559,0.002614781762872305,0.27902567452938193,0.09967901195469203,0.2338904209714092,0.08521123377430424,0.20006455428060593,0.10686096063586782,0.36609189019155114,0.24428189333887684,0.24496557703629077,3.0919287675844175e-07,0.12392704234539861,0.03622642737094854,0.04727487354584668,0.0
504,0.14856156531573037,0.2257425365790423,0.094171977589148,0.03505943815131814,0.22031324920356068,0.30269890815935985,0.0019039471152617524,0.26571171067424215,0.18669601356125853,9.334764061933453e-05,0.00784409018058762,0.18666668220389057,0.16386479493548428,0.010843215572766064,0.0005448454003266589,0.001586855643853986,0.37745599286145115,0.19337709966066421,0.010617358086491557,0.18639793313917222,0.0031891985734711563,0.00998766557698083,0.11276069014118655,0.027922086993340228,0.11915520643680627,0.02855372242804754,0.046832655796533514,0.21906098891559342,0.012887730671692197,0.09881785710172043,0.029409743091810783,0.04953735889900418,0.21338442117324288,0.1762752213401763,0.023307912499230966,0.031037848183835034,0.14835584062630996,0.01109500357432542,0.18653474208277102,0.09645477804934287,0.06456490335091006,0.09224640600781539,0.43934248475562193,0.3542772598959443,0.13115455247429683,0.00011373976306847194,0.0024154016299715183,0.01119418996342836,0.304703391574964,0.0
505,0.06979548272163814,0.21294214915857804,0.04883206042315622,0.017442149367085838,0.21335440448695725,0.05003067523857961,0.014700615761972189,0.2723731614829245,0.15414927996280817,0.010108050312619014,0.020557421144352505,0.14268831465174212,0.13953265618565924,0.0002100657057724952,0.013386026713603987,0.059099413814197074,0.19265642865802293,0.1965737762640835,0.12672271579688665,0.14159276738151386,0.007651842669032125,0.0003970263501369461,0.14544155137875972,0.04227423667588784,0.17163298647886574,0.024697439216089054,0.2667931273676063,0.19734846137589437,0.0019186771867001403,0.09480611468168942,0.007278609841240104,0.011680345244596749,0.07636330139103041,0.1342244898932273,0.29284522701266363,0.08393188882503239,0.1385357407162029,0.03398431433826887,0.07454993840833417,0.05346883452405301,0.09147856383166776,0.07575266668388242,0.17661584923396142,0.2932279838676365,0.1724754145605006,5.007433211957975e-30,0.05712775153191458,0.012334880155617593,0.06092277609643823,0.0
506,0.05564626542393549,0.06774175496303254,0.11377032829929627,0.05253621623436295,0.10042654833998818,0.04970612284554294,0.09235121216378818,0.0475249948838347,0.06226811429818398,0.011009597358902322,0.11942429164786575,0.1301300701547808,0.22285144226098272,0.0008355302349019318,0.00034132381799199807,0.029766034738090984,0.2164062070118567,0.11393278567509968,0.051970668446980735,0.2035469982790884,0.003380688149186941,0.0032842378035456807,0.16619486786934778,0.12964837084049674,0.002971885459068324,0.07247870507482743,0.13828068448589068,0.1301108072648281,0.0012668947366694166,0.0744712454580427,0.04663476816609273,0.06552440472700412,0.07824655898668369,0.08314274057846123,0.039033915632037106,0.034455287362943794,0.17460724753426268,0.037116464298258975,0.1529168986153878,0.02505040816930359,0.06341353009492548,0.16200085587484242,0.16436776524018426,0.1716750849232072,0.3110524025180235,0.03228076734520517,0.06965109805618945,0.02756605371354299,0.06508802832805143,0.0
507,0.11262722167851996,0.13218201026280413,0.09565374542196119,0.23610926937091692,0.04659372622500699,0.07369452621232626,0.006674810253573522,0.2742679460181008,0.052950810465999254,0.009830455269394259,0.040808974891793096,0.0636206158903121,0.15019968798229177,0.0006514266796469559,0.015229348569137052,0.048644596818185885,0.20717260689724024,0.16063655911097294,0.22855520320539507,0.09480069905304835,0.0794255594391182,0.0008524137823939959,0.1451820368397427,0.05040157455032209,0.22363310217808366,0.0035626156681030433,0.18397097219529546,0.06128907379408976,0.0013748042511382381,0.12072347187487933,0.012192303166201363,0.05696950405846234,0.044389264649016456,0.17319123388566787,0.08827597059042176,0.12742131851709199,0.0329127537891946,0.047146138194215384,0.43532640979368115,0.022370457121904757,0.07222649006322289,0.03617438693148449,0.2275421759613371,0.12899934827825163,0.1330220711976476,5.653455986896372e-08,0.10271422186538616,0.05562182354716324,0.23943764244503496,0.0
508,0.13336179392852637,0.03813223215419422,0.1055074884061065,0.11997737016457434,0.13477845238838426,0.06797986098534212,0.046045884297250025,0.3229138499402144,0.06477652195822202,0.004085263598015362,0.10718520441695419,0.1796305388073591,0.15527761605330787,0.0004868425876044358,0.0607936016940723,0.060837390987978815,0.1732081607683129,0.054095256611170504,0.07648822613773898,0.2023983470252988,0.034449891827739706,0.057374561741935344,0.08411058803564161,0.1600032674229984,0.15165682502951366,0.006364063708519258,0.2632384738044774,0.0664743039699584,0.04538474854646926,0.06649663389961077,0.010719694809785582,0.2469163078109089,0.18186502835967383,0.2788922637656683,0.12271916819352097,0.004319115805712116,0.07612303981369221,0.020357763805691653,0.11261105691793873,0.07290047964781292,0.09277733105392283,0.042627893933455084,0.3133148086189059,0.11021958783160103,0.12619363320939914,1.435625302212445e-05,0.129038701277684,0.052252627402620044,0.1394394509550542,0.0
509,0.12599697954431582,0.05512229433527626,0.07942441227672416,0.06507279627067088,0.11085029480544269,0.09807146715785416,0.0038998633620381832,0.19474322885836923,0.10898938022477477,0.0015472055821671134,0.039518439654200745,0.1731999681158533,0.24678420140212498,0.0026991912746529055,0.00664933146730944,0.05726456085459014,0.15097585221183868,0.268472037515659,0.034098537837641336,0.177683084132927,0.08737523147312297,0.007782929086271968,0.15367393284413208,0.11331435444790738,0.09571424277771104,0.0002560075046894486,0.19231399787600353,0.07831614928098743,0.05709051905301283,0.049022745205980836,0.026288364404607186,0.08522826775295718,0.2425616246607837,0.04243321685910369,0.21696019172729558,0.030438558556771012,0.07666031657117812,0.12948007179316454,0.2718081234486872,0.06941476574917207,0.0017935849560309599,0.04965039094595681,0.09414848579597761,0.16195459749931235,0.31424449143100075,5.233297099295948e-09,0.1464601400185514,0.0013908449054583583,0.052476010415622755,0.0
510,0.11563959223122408,0.05680225502213646,0.12927751370172594,0.20716610784687006,0.041485727945056866,0.11840003059456201,0.00713931508399866,0.24322800815263068,0.06073120601718384,0.008970003923135097,0.05695124651693476,0.10285836781450937,0.14368651373150398,0.04902913557376669,0.005569912608623744,0.018810351902460005,0.2568117405235126,0.18553187809323293,0.05442633643073425,0.2505909341830532,0.11031489683595597,3.669850422036111e-06,0.20324755771136013,0.0446939958755621,0.12166895324148007,0.08168173354833402,0.10115934544494214,0.27494730301999804,0.2236486794862479,0.10547872698784183,0.03524265848306993,0.157310554684419,0.4761104033741746,0.07893064754774268,0.08555087394477189,0.06070806115322907,0.02522812990925942,0.008543802978435737,0.17699780759264952,0.015844628499051824,0.007707511706098416,0.18057404858820966,0.29908758266214497,0.07515782269166792,0.037215068078280206,5.292890695985532e-09,0.08009879239354328,0.0004572783582194015,0.19490843503467273,0.0
511,0.08529270331594707,0.050482858188301144,0.3238548220071609,0.010447530107889264,0.11156375001530694,0.19385716885107168,0.0012625944054305165,0.4963123908415563,0.13838631907785748,0.008038328428053671,0.008706110191428338,0.2340116355689372,0.25224130522899857,0.005179275068258857,0.0006364897804894512,0.060257721327777986,0.16079734378347502,0.10404051958256665,0.10048819054052724,0.13663737084061214,0.02691840255158293,7.961791817049343e-07,0.05686305482555651,0.14466844609658513,0.15155569561299034,0.018031492768537955,0.06054812101457428,0.09401526172164099,0.006217367589673723,0.10378916316871901,0.00033929130969647477,0.05695395306712844,0.19260990655839003,0.20223707949019723,0.22855365996666002,0.04617833197628031,0.02728331909833265,0.03457421866370399,0.07560380059363483,0.060132075530371476,0.022896082446558042,0.011550748356348277,0.16942623761139047,0.04505709728125984,0.15366361698694297,0.05029970136616495,0.10879559591294684,0.016104695226824596,0.18785789691393762,0.0
512,0.050060788943734995,0.050959798834573,0.12793045131225234,0.07269803999796497,0.1753872635622627,0.08055252831432891,0.06791726172179359,0.1461067813725202,0.009392995836713955,0.03357512607022736,0.021712035421847426,0.16767832289983636,0.18185685108233116,0.013475094745537547,0.0006016251157299918,0.016450106475208247,0.15028037668501368,0.23033610296444285,0.25554533757674563,0.46305139401455697,0.004370245936063789,0.0022790399946894906,0.0860551459740883,0.05771874430528346,0.10518679914898338,0.018354130786667696,0.2713105065790548,0.16143978508764648,0.04140795904845893,0.06209850799310372,0.027116211909895833,0.1132508465427069,0.059968644358520784,0.07181193649559009,0.11944112769378361,0.038175559373279606,0.05682722271380291,0.029678139239532778,0.02386055929875959,0.1931716172277822,0.069647530853782,0.14864316427512025,0.12829650041806673,0.010351490801633716,0.2551476275280544,0.002627125056223497,0.05187706211029923,0.013506595904968069,0.30617990697026787,0.0
513,0.08583367923583157,0.1648356027800488,0.19014292302472896,0.04141554509967479,0.20741352243453506,0.06607663394687384,0.07572257919458791,0.32498897822257033,0.3093723377755518,0.019171649309903012,0.017031625871583085,0.1938217050552134,0.016513402188422538,0.14635181679248463,0.0018025845819183161,0.024660317743015747,0.2132485355938886,0.02192954421224836,0.10381147871437137,0.23044626547026287,0.011618170386363575,0.008966463277236431,0.07301787222553176,0.24272127356837844,0.4041720172500955,0.0005226725201530226,0.08140037309844833,0.23118227313194703,0.0172071196425329,0.05419661243389081,0.024567189640451972,0.08187719378723039,0.19184075521440863,0.2205465118912838,0.0212060325015823,0.14936250903269924,0.12875925590373652,0.02266033610563919,0.18769587220381487,0.023533038182394397,0.05851634966854586,0.2842746346254486,0.12390019554686134,0.06239463698262854,0.14077970686695285,1.5137915727371106e-10,0.20131829754093486,0.010701444392044322,0.32551374132978095,0.0
514,0.26549653222617553,0.07710518463321012,0.02604805202801341,0.3640429980179313,0.1018403455619214,0.11172645086364229,0.04960826192650845,0.145556915043063,0.1269375785394686,0.037682727686698406,0.14972503984155058,0.08413438804716177,0.1172466853729084,0.018723694508621703,0.00019800044288488674,0.02135429262560824,0.2121449619508028,0.10311825874097041,0.2088110735591904,0.2081090751157554,0.007645456495865344,0.04845908828897475,0.04740911696800323,0.008181896585810788,0.059500897881196266,0.0952637423754705,0.19207142020813323,0.029024900459749352,0.0691030655696484,0.033600972888121305,0.07092013011529474,0.08060674879807873,0.2458606234881527,0.3470107900447515,0.07178776190390875,0.011820703375396981,0.05926911540931342,0.06435083403326675,0.18270177263627757,0.12860290285137102,0.14225313787567262,0.0758562780314683,0.23094018464062455,0.045253638915846606,0.17593171370662525,3.7946583649228425e-09,0.015512705039446408,0.03674602631738811,0.119100077752013,0.0
515,0.039950517433144976,0.04268435705547281,0.16036699667513976,0.07826349131007326,0.04067045196574919,0.08348442974841415,0.07594081380066456,0.07179807813860253,0.18144127383056474,0.08187998796615298,0.016187873749787522,0.21510313306460296,0.21268845312558385,0.0463745261683066,0.004098978642632518,0.011024667558552727,0.17755075980769522,0.17400882353266178,0.10993789141803192,0.2360956168668561,0.09902470017767243,3.3375434117891583e-09,0.1923760131126537,0.1814983941833196,0.03254661773172799,0.1236163615617997,0.03697489880434936,0.11221353408417203,0.008166707840808989,0.026400072199517035,0.010820038357993852,0.028400267897608363,0.2895036885070324,0.07309324995008804,0.1216035837872164,0.008064999447865559,0.09569405551102447,0.04450483521075522,0.27895695643330215,0.005934951065973952,0.04406011696221858,0.1965612819391002,0.10525374664245271,0.17517563119260735,0.16740152524417923,0.01274260285862506,0.16456219306753178,0.10291505118126339,0.13709965398662644,0.0
516,0.03746212588318819,0.040024686247324345,0.0317151889395603,0.12055934118845635,0.1783690863674097,0.3349260432697038,0.05865412364434975,0.2097362424737114,0.08152160076764273,0.11097048896645986,0.07843247196667293,0.02404492913224036,0.20804801075698706,0.0007513711739686038,0.006384641230397427,0.02968161291781688,0.132926230532895,0.1883872275093817,0.02184221643843537,0.03845490051761015,0.016320679220241437,0.0003167664126795347,0.21952622147836845,0.08331757589583204,0.20125215201447064,0.07213661921693812,0.37498077995420454,0.046032615183775896,0.00113190836474222,0.2533224163951532,0.00257237710257163,0.001494350029463678,0.2021202865418032,0.17461081058481906,0.15030831657775554,0.018054472859057653,0.04770411726602158,0.02965973756367577,0.14390801300412853,0.18603838904909967,0.031278335494081794,0.20048133756546244,0.10231047206093809,0.21291405012650735,0.141936806869863,0.0007505037176572376,0.1576010909121248,0.025690542151462225,0.29462258810537933,0.0
517,0.27804494572947586,0.03203083425558076,0.2699998086164654,0.1386637593935214,0.06664435656336318,0.12728761351061402,0.0957975902998727,0.11474761733136142,0.03263450809103673,0.0001322464503756736,0.2672363834951748,0.3717120846336927,0.09018333917910869,0.022516358203336626,0.047741020003551404,0.004066369145418007,0.3058157453221098,0.3045434173564719,0.15469903482459393,0.48864528295466686,0.05391441294424298,0.05389347411525726,0.06104475345383484,0.0963359447646122,0.08751751044976423,0.08927920041535216,0.13277241512742324,0.13943973809219454,0.01215097101736395,0.023046259929100085,0.0015358425007640428,0.1075070146309621,0.25476014721442514,0.06341270605166775,0.21602403577122498,0.019002471968244634,0.03003711995727899,0.03840975848410763,0.10047399659491016,0.15501220936150695,0.018587785267342557,0.061135164126982715,0.2744776331223227,0.12724644419105863,0.1313227666017519,0.00011657937339691888,0.19838511948364182,0.04017085185216495,0.34528343082069674,0.0
518,0.06675373928922143,0.13055202419864265,0.07910304423734675,0.056586829122827594,0.1164189156004244,0.19422563857312267,0.10741002635600318,0.2161099877032313,0.20506237390399412,0.013724299551947237,0.11189073438919568,0.1406253260981917,0.3364813143423339,0.1194049821217848,0.009982715101221592,0.007157290778946736,0.07370938177519563,0.12448042829713185,0.11444855932610544,0.02909751729770343,0.06013940658696939,0.0003257650616903301,0.008065698197210716,0.049814101545861536,0.05940062765619434,0.10293096764121785,0.12155060197001984,0.03888594159193626,0.017457805532366803,0.09529137502502699,0.003211248956411288,0.03248064134485839,0.2242373870060889,0.3775931608930366,0.0433639109115908,0.01913012788623363,0.08269861321718186,0.04273871281470347,0.22863526077553206,0.050589000204577864,0.18389427576634793,0.09573043705910955,0.11278032773096516,0.04453707093089062,0.22538119456983038,1.4211769940601653e-07,0.12495751368293001,0.002004259035826871,0.10990431549577756,0.0
519,0.049294108956950314,0.10059133679964903,0.1690699968337375,0.06619328402089723,0.09613387329714844,0.05959290651867367,0.07527412887686513,0.04563366566237917,0.031066280332244015,0.006382877139421722,0.026223923190872668,0.24324737315939923,0.20571395815973276,0.004396141617158292,0.0001466232908645383,0.00978466181895122,0.26502987361948305,0.37777935088334424,0.07509003250355833,0.1286758807700529,0.04122992235529803,0.004123401861209572,0.11761502244599366,0.08549556890989166,0.052305154436899204,0.0013414449674289935,0.16930561769771582,0.040187910999662825,0.0031761006338123345,0.33696558235051655,0.003916770813857303,0.03396970019148476,0.07547406106335539,0.15660546004087506,0.03179971883909079,0.03429833012269476,0.2224395327781223,0.11213488468582387,0.11278176840900336,0.07913183499163608,0.04729521555627445,0.18207395443316451,0.5028479428655404,0.25138272778785875,0.21537143684876903,5.89168239534133e-14,0.0423918611692252,0.02197449353915814,0.21148286229556384,0.0
520,0.14891747884642942,0.12149657276649116,0.11711068779946841,0.12086022845979214,0.1644474705122615,0.18780711835743027,0.0010283349832026795,0.19868127215135548,0.18006463496112446,0.032748205906951676,0.07366302277544876,0.19506139836778588,0.272244972116496,0.019691549184935993,0.03748811162023821,0.061114020240497044,0.27383652862724983,0.06779607947324029,0.2182590565759804,0.1386959146516218,0.021535570053860007,0.0005082212141679186,0.1467653990531834,0.14608600347291822,0.06371658251497765,0.019737473168515138,0.1638684685415494,0.037783479847035,0.00021348374659089134,0.08826512037138357,0.009208201047379409,0.13557472299666076,0.30100496895961365,0.30457280289563526,0.11182623798256318,0.009226896048508687,0.1748319715340953,0.05827981097522798,0.07023734266008078,0.05693194016125369,0.018222612888409196,0.15701770598178064,0.24413479780994105,0.2786876969790896,0.2436455858890004,0.003946340027792653,0.006667032232699141,0.014908889950149756,0.11452969256792758,0.0
521,0.06588472713208196,0.02021581890921629,0.14947985521366638,0.034884862369707184,0.1761356706422674,0.11402848583924861,0.029943417244253447,0.1944499704311725,0.15697831550621233,0.011187608760043113,3.557064344410109e-05,0.23511042913469984,0.1857512692928461,5.482632529857035e-09,2.5889723954939876e-05,0.06420588389885666,0.16712098593436772,0.14804256874282615,0.03224501922726384,0.3789353940786407,0.016402210576502707,0.0001726035927913711,0.043269299363514195,0.050249231282449486,0.07017034842932132,0.006203568273217093,0.12566949355169346,0.028018307920838103,0.011209305365740425,0.31121388024086805,0.02462456677835828,0.13412123020512196,0.35661041718161873,0.1333440357026297,0.06545199987454409,0.04521928664803498,0.15231506319406835,0.054555657910846954,0.21804155169201228,0.019090063743824385,0.09846704700809654,0.055324258043880956,0.13565640142442734,0.13921887500179222,0.14946390447574698,0.0013351533267092017,0.03594945526282841,0.012977049170062595,0.23059201681143837,0.0
522,0.19279250158451933,0.09743775580987492,0.09299710550556005,0.13906428052076533,0.09522909827493943,0.3140126388490873,0.005432309487518837,0.15258000076369813,0.08886594567096628,0.003954508096311686,0.04680183523234804,0.36941264379974825,0.3469637536438411,5.407728479488892e-05,0.00043604243192275644,0.008966618942105813,0.13217708254974914,0.15241139130046188,0.05396165737771277,0.18060197106417114,0.03598138865324834,0.012329532226618185,0.11170531615226287,0.07630200271724966,0.0897483330002524,0.10802714459309358,0.21696244965167666,0.03205038073873917,0.08004760104020113,0.18502928934475585,0.1285970353558649,0.08719387656922666,0.21914090760628724,0.3393961713201701,0.3325080211809022,0.002040206198479986,0.018521634314860265,0.06790271859683598,0.20619517794800132,0.008537003528067869,0.13267734631523115,0.1519591841209426,0.19526198718182222,0.16135970676634703,0.1828203286586361,1.3586338721538723e-08,0.0584809197066786,0.09451275267646041,0.08283815962381155,0.0
523,0.19802298771176802,0.008940462544181548,0.19718615394837524,0.1356258720229436,0.22001971722643016,0.2123296663953703,0.07346759618071237,0.17033905463907867,0.0646058567350651,0.0004597092071743057,0.03747549597037154,0.09327731740642423,0.18845840732995006,2.3063777607998577e-05,0.0016929324956487118,0.22614937086072037,0.29634726988513654,0.23423401443706024,0.15005554208304098,0.16987600426290925,0.0029689985370530635,0.03493726983856297,0.06363029617516329,0.06352938241918404,0.1974134395799138,0.03761991898480965,0.2967668554615934,0.023640074539055825,0.009117578067158395,0.09965810866210031,0.04415822633535729,0.04119292076556172,0.27516614281229834,0.08317747145708014,0.05928770387203426,0.0008157564829438946,0.0783929421448858,0.05298311539502812,0.10788920749482697,0.07291569626423774,0.08790885366529026,0.14061083764055893,0.17245800968519429,0.18064961044551334,0.3122978996688836,6.036659968814195e-29,0.09786479198916087,0.006617239162030791,0.08162832463151724,0.0
524,0.09607781078485599,0.13285540313521135,0.41966096449713186,0.11517481711631229,0.049987577057022475,0.26773996196998967,0.019674064380146218,0.2769814002484893,0.09546130046845687,0.0014156797438753539,0.01725772061380655,0.22535060569997856,0.10046388434828862,0.014909476271780775,9.501001231560721e-09,0.19003253083305457,0.2457294292261963,0.20474064483783333,0.2763329217365395,0.08298806170353464,0.004719735838355933,0.015102344027453486,0.18185715270874775,0.07864090680612289,0.10428446126026356,0.02842117695912495,0.09652773854190637,0.09611433365883455,0.021071137681604693,0.07243159277975295,0.10863521121716552,0.04109643258507085,0.16742591932063242,0.17180500442130742,0.17605854286183867,0.03950908749663599,0.04592289920664524,0.061688513205007935,0.213436332137527,0.02577136186546315,0.0797066641625161,0.16990338533351904,0.08485786360760164,0.20010098137695687,0.21381667623535802,0.0017784866916615665,0.05508960529971818,0.025442036540651695,0.2746209500086761,0.0
525,0.029538946849261023,0.013632324200868325,0.08843114130088342,0.05748190258541377,0.4254553978943266,0.2242235515868634,0.002940628042940357,0.14103755915606245,0.2661943656452676,0.0013383071093940621,0.05892895737873481,0.07126472932722329,0.2561560844927044,0.0006791017368197437,4.610071884267775e-06,0.010302629293817046,0.11882392425251824,0.22127420113700225,0.1510196785679347,0.15728410332211828,0.05533177757339182,2.026306591748909e-07,0.03221574779603949,0.16264220821730577,0.024243881084368764,0.031222706517331958,0.2670827486824361,0.04029060352221575,0.0009722966404502427,0.1769211555354185,0.043267021484030214,0.03817720277047946,0.08136361533013636,0.13671014290082686,0.11220090774933904,0.03916864067161483,0.022775772860183223,0.3116647837948069,0.18804632700097842,0.03351364938080711,0.04156557028251753,0.061266374491229035,0.15407017982825544,0.03695217456160225,0.16234856659995248,4.332199406933979e-10,0.17699766907879097,0.011610264611211996,0.2833464725528156,0.0
526,0.1310433608364107,0.013105911120213861,0.25121857860502833,0.169858268383852,0.29804661767309404,0.14547118777142223,0.004612632514058578,0.19196742016196086,0.21407077916003564,0.02280805583792841,0.04560806641071412,0.28886903186081586,0.0495352291194898,0.004356120986363369,0.000426500878232028,0.017463773949645423,0.2464683760480096,0.17809602066667524,0.06667009424772731,0.15840612686811884,0.11888749209427005,4.187098624736232e-06,0.1066796491102683,0.025231237143424137,0.06770697822959587,0.3132326510556169,0.3835739664282377,0.07475409813482127,0.007738333165437244,0.06569375423761208,0.02928636093423665,0.20490439360758098,0.035724420431971556,0.21291011521784395,0.10474939704134159,0.011965353477308266,0.09898916606294059,0.01863289221921731,0.059078386866280815,0.02615125275567863,0.01655390655366759,0.09960390422959076,0.07639547866367022,0.21715127598103307,0.22797575484841381,0.005108010277698369,0.009439756218119887,0.14219774678766176,0.20102167551594666,0.0
527,0.15613296368381213,0.163406104238335,0.07779861177857446,0.05633741076500083,0.032475231777767,0.21444791201963276,0.006333996049869066,0.4067160368671334,0.08186651863685336,0.0051558720877990065,0.0012088300170115475,0.2005388351162061,0.1823115708038325,0.04248296920627404,0.00554553834787701,0.06821386567429162,0.2394376903736425,0.15014721085763041,0.07750509782253248,0.03399111172443233,0.000640317289317879,0.012145876252743368,0.07840448343158382,0.019524442969727007,0.04972296323996589,0.0027036535331174992,0.262737440049737,0.14810667025289084,0.00460699574588794,0.039463017683258675,0.012625415341359325,0.25823055335653944,0.056499239644025506,0.17064967326335842,0.241724145538032,0.033797942804582655,0.029861898848313237,0.07733297360019034,0.02892028108664856,0.113157940088261,0.029244637233286522,0.117980286268242,0.27651282556838586,0.13401105350944106,0.26991008744709916,3.2590891894845222e-06,0.15804331979776454,0.04635775808537896,0.06432354497355691,0.0
528,0.08981676433141768,0.03815941688194161,0.18309335484952696,0.04495310386178809,0.16348000391471793,0.14128973354398625,0.011823982629872555,0.2959162753526165,0.11177238296360482,1.605468107112139e-06,0.059507119842346246,0.1228217914472349,0.15861578511615715,0.00046912623817974296,0.006980864478904305,0.19072850212665132,0.22156279413676855,0.13642137992866094,0.12094612919155565,0.1043977464765204,0.005530622716188257,0.0002477229131760868,0.03684180479267924,0.02658674111381375,0.055165951275773895,0.02540161927685714,0.10607268261369586,0.034327317769625436,0.007911669197304993,0.01430839779299598,0.013798210748574654,0.19162330427523006,0.18285436335302963,0.28531389175932736,0.14345609769994383,0.0020257542419673275,0.17315036190966673,0.012521665982245276,0.044984972587605976,0.023642459941124575,0.007199995125762741,0.09736359748399012,0.10804060680260257,0.05771008931615164,0.16114640806869138,0.001515499291107924,0.01829747352897946,0.0001184333918352371,0.27202225701634253,0.0
529,0.08517904045558677,0.058308218372617134,0.08908437059877534,0.01663430406481594,0.08847657249983441,0.065032006402999,0.05589576931457876,0.08196360090470019,0.037757030898192795,0.018658641552340732,0.032195070564680475,0.10375701406327707,0.43441136801405095,0.00048454996576148665,0.0004400411624545355,0.013365962703982015,0.172350972206392,0.17513916460320533,0.06131608429447337,0.2880275983713571,0.00893174777582806,0.03270703270502767,0.15167618830949475,0.029945072257725348,0.16667120077871708,0.0003402485068357899,0.16328550221311133,0.04937553599066788,0.02889108482785446,0.03614709716116513,0.12044154512177312,0.11934644060318648,0.2044870352018632,0.09055627612887847,0.31473779828094106,0.008223412338517228,0.06124811492606528,0.09173553111208768,0.12667189667561615,0.006144342854973924,0.11905618776590672,0.13661370856681515,0.28319302517656336,0.10253945857553912,0.17076603343220906,0.0019461605327118232,0.018583854944048885,0.025426622881433304,0.2042735656094565,0.0
530,0.1143215047229743,0.13825896991075268,0.06603593448815015,0.2271643503606733,0.16316393833298717,0.09976326160804908,0.009754056789608213,0.28198843429763387,0.17433152554543568,0.00554136456713453,0.0015306658331845824,0.24181028043079245,0.23821927170194407,0.01132738633365346,0.012471884127540672,0.12363948722372094,0.09169850281821566,0.36235805841211804,0.05425551563010951,0.08053411275741731,0.0034239949009070947,0.04178831096961813,0.06826016953659593,0.08890737088600748,0.035091370385687055,0.04393644660309544,0.4061454857641011,0.10758800731504048,0.0044687196795565355,0.0954915273683543,0.04152969060127501,0.13231381348254717,0.20401124443804416,0.17436823195058274,0.06237172297378838,6.010013856992094e-05,0.17531610855775742,0.01443912173573081,0.0633935266304792,0.0697773082472121,0.06473893856354698,0.10508446400947523,0.21888854004549754,0.30425496140050656,0.37747458851458465,2.065192684273088e-17,0.011020519095935648,0.0308189328450065,0.18758266657371664,0.0
531,0.1023861287517323,0.22778887570756112,0.09358511953951977,0.021071902094791074,0.24668648263862597,0.08107583964218452,0.025820551788988892,0.24712913596932604,0.07405982129210428,0.00020377815749637553,0.0008859155277613865,0.2525915963019077,0.36411411121378173,0.0007914023967978126,0.054972458299075704,0.0552834150392453,0.33618105733155934,0.13394106351271134,0.10813727929874276,0.11135193553930134,0.0013964476614638998,0.003198849789513432,0.09643823992228409,0.1836807268381689,0.17085795830861142,0.023685323135314476,0.40448880857813485,0.1663890440475061,0.08140636643470359,0.35195107530084646,0.007359917065601701,0.12634541740841357,0.23601289963799002,0.16956931555902513,0.05046849634210515,0.18690393819608844,0.04277943396974119,0.08746492963918566,0.05551469807043811,0.001716381081244331,0.03935153857116145,0.13994248665230577,0.1991913202317504,0.08306374945068898,0.08623998447390449,7.288753531908943e-07,0.11023806835740725,0.005188443532675492,0.2880468370586981,0.0
532,0.1599877258620726,0.02399257783356622,0.23014401650385735,0.008156170713410326,0.15631090871476438,0.14058092578915904,0.018547322229873268,0.23701556236562338,0.08453977128576233,4.878735172344467e-05,0.05952949277385215,0.1660376189090211,0.1435934966270843,0.0001287253691074962,3.803699086040864e-05,0.01813255920361037,0.07643439506235156,0.2959011775089441,0.13245759646373795,0.1592440535730581,0.10589336373968822,0.06800170672247138,0.28814540321444504,0.07014058579888141,0.08487205844714109,0.12181653373242045,0.14071976367182076,0.03663451866555328,0.0030423244329063014,0.06250957906508332,0.0654930905749296,0.1439235848097198,0.05989029296921214,0.17874443967439976,0.2879248334567089,0.07389880472079297,0.1367517992918837,0.021360072633540065,0.1335309175704175,0.1083030258282012,0.024157446057405153,0.08591727682140232,0.1716196726351165,0.10390013666378037,0.1507522064505612,0.001154863520183968,0.10757945717021032,0.14596333826497127,0.15487798670617842,0.0
533,0.062272783739123656,0.03183008840297015,0.021981690206111733,0.00482580261522591,0.12339967826359473,0.08952099372237478,0.02538415972401791,0.10481571247253259,0.08909350714073325,0.0004209192771912618,0.002956962435950441,0.194044636546113,0.223976116442884,0.021302092102457468,0.0018039993634748038,0.07218915333093415,0.1972324744503791,0.1267498261489387,0.06534231492767761,0.18001779969248743,0.03678190578193973,3.3151744672994114e-05,0.08058368435378942,0.12116656430176276,0.036839592457326785,0.025351786747336444,0.06927984830779504,0.20009024090339886,0.012336305533686615,0.04993194518365639,0.015037241926546584,0.08911327704607319,0.1369644615463164,0.2419922028662333,0.07628175530367179,0.0488981714005342,0.015564576033090548,0.04958476260810476,0.3566164973784095,0.09364240496780209,0.03987754752973008,0.07424558195933381,0.19773688606101716,0.0370551574185287,0.13386703714936646,0.00026520800196427934,0.07733345674406761,0.006788404489177803,0.11946901079073304,0.0
534,0.05355141305875724,0.037125835747087194,0.16406233655440214,0.11714766850393638,0.2254399855052936,0.21988799865628472,0.060263996710099604,0.10476446183466227,0.0027622539887302545,0.00036219878889581547,0.029681544863911242,0.43393630698683616,0.04167774614587024,0.0007925587473260651,0.0012279602001059567,0.0015291212768388557,0.1507048406701954,0.07576843248299205,0.05041566522191229,0.12378149452937333,0.03795660243194402,0.1209806979378364,0.053740524931468824,0.08142639203324493,0.1132052356775487,0.014510339760277829,0.23071686105629943,0.19080420465365117,0.11448859626708882,0.11957727309395344,0.009877001374166727,0.3849444285632363,0.23327883573491517,0.20946646619859882,0.1217154616128484,0.004034408183062372,0.091126152592405,0.10382317060700258,0.1648124029462359,0.02807287395237205,0.13705560985652188,0.2174431247196235,0.3925149521828453,0.04806823205513517,0.12906709421845589,2.7292905984227882e-09,0.04607026691928629,0.0007926191924944423,0.2005992106634118,0.0
535,0.15584420341459868,0.0245666072600313,0.15029254032749348,0.08914943497706067,0.10883891774938388,0.1782807357820193,0.07001045514106946,0.030709899899084063,0.21968995381074838,0.019442426391251388,0.09116270289465839,0.37673536836407506,0.08985646886128892,0.0007696617330075085,1.0238278781185939e-08,0.24179372713165181,0.35072050883653993,0.09851164650168688,0.12225586333513119,0.18686845243383682,0.01297666210307853,1.8886257914744016e-06,0.0635145753170334,0.03343501687875679,0.1436073235413516,0.0010506390716583476,0.08901816085747746,0.09397759564965046,0.13557636948161333,0.0813927162536182,0.006831379174112104,0.09483364536264519,0.38219611900366446,0.2001156522193387,0.031697547683598774,0.02091530776167481,0.033079370176743665,0.03200282574829252,0.2027931329727347,0.08090438904116068,0.14503011149933875,0.033772300932916915,0.1002726444799309,0.2661865995443902,0.1610483680951671,0.024357463041299186,0.06911358208065344,0.0059769124955794525,0.2977799182242399,0.0
536,0.003581568370580179,0.018947847686264414,0.07678540430385272,0.0420921574275027,0.04496545560829813,0.164719227125938,0.0913535136441048,0.28912582620863947,0.17582053215598867,0.08250323743356765,0.11228223613096741,0.23418150411594257,0.09165745220466442,0.014300863023642146,0.0001367295831910355,0.048051858410543366,0.031772560675970576,0.1474840520298007,0.07943531969562348,0.21819555838371418,0.0416577151613296,0.0034979993662049855,0.18902747905998415,0.05511841331462199,0.18894568094675204,0.018156669584966645,0.22873363173508987,0.06688860719874302,0.015643322934618776,0.01677625854746762,0.0018433192258039699,0.0387022887158203,0.12287921611815791,0.1856791826909587,0.23575467583079593,0.04363007995437817,0.1483573210853863,0.13288903267872618,0.02759375932036128,0.01682091885313943,0.14043709687807554,0.12621098282320706,0.43380696507573124,0.04661349150704464,0.22894524001631722,0.0031438053566326535,0.14143154769455651,0.10745305981593625,0.2515123336175314,0.0
537,0.17240840083128756,0.11369634600673459,0.33323569536359876,0.11770545853457155,0.17578110825650065,0.3472931270920902,0.04565711573858916,0.13645685032586277,0.15098458228492878,0.014841322343096567,0.06082604458885178,0.07752631111690983,0.17687688888434472,0.007300261883710432,4.44820419640961e-05,0.04415908354937419,0.19661632441395474,0.1596278362210659,0.10687636734384864,0.21513681511433136,0.015404906100447152,0.007496824709629785,0.27081259504256094,0.04932079202133043,0.09870516161833216,0.03620955399157981,0.3370148579333253,0.1011580506327059,0.0524007024174016,0.1355417270513662,0.006136433008507705,0.06019355655356262,0.32046538316267487,0.45861566543831905,0.19942343981121322,0.02766420106253286,0.09422651313292878,0.06646280321495338,0.1877490455431699,0.12080991367243904,0.04260121283680854,0.04744399696089449,0.19774296355523333,0.05874039072240746,0.09598687395647466,4.094625557725616e-08,0.09197135182318673,0.05383110702951572,0.19134117792916405,0.0
538,0.13613322209381087,0.03650578197935987,0.060938309652915496,0.16150976763754427,0.05439833892066199,0.07109831336195634,1.5267718977566212e-05,0.26606750736934753,0.16074012094079868,5.1784321142202545e-06,0.018814578687695697,0.3215680598535939,0.21773546251432183,7.750066054739055e-07,0.00042798485562458346,0.006883249548153262,0.19795486095776516,0.1823055024722444,0.08164216973181214,0.09254319101163432,0.014074465951523929,7.608980608904567e-07,0.040960070237504,0.010010392872469565,0.07633335298528299,0.0014219581205326438,0.23325917028876728,0.11592444490106929,0.0018641434480465569,0.12932129981864046,0.004922795719630338,0.10713713649397955,0.2862034599531358,0.23795193364513006,0.1382372945345257,0.0004620073514292948,0.1504080668684469,0.0015781603588425252,0.33237419899046283,0.07574420795378804,0.0376440229169888,0.20329466967345686,0.39572471080631594,0.15161428523583453,0.09664216451436974,5.002900028275456e-11,0.054660381239712376,0.06712408801087684,0.04605232919376622,0.0
539,0.11230321230375467,0.1873161025613598,0.19730111187308105,0.26465410674069306,0.16925795618804262,0.4532319721214912,0.034346933742817366,0.1899754090171436,0.10107231677936723,0.0002931302184980301,0.013223028923913218,0.15556574378658847,0.340584221153171,0.01769835246623326,0.0008965529395501971,0.08377193036427528,0.21196017420749658,0.02095152702837699,0.042390462379846804,0.17238519724446308,0.06377001374093814,0.01452455975323905,0.25923159061384815,0.20412614767160162,0.04069337301742418,0.000985625595516906,0.10348581642803976,0.28885042117079934,1.0666034305865051e-05,0.23197994506203792,0.0319081229532451,0.08513251909974717,0.17380743480489264,0.16175313769770264,0.06999342220773835,0.04181226849108101,0.17352206848647012,0.04564245380199648,0.2965199816078773,0.025509278172095036,0.02872162296768721,0.06958835746952227,0.26356452793868723,0.08765873444890897,0.06466226277441492,4.411174631220246e-12,0.10035313792227413,0.02320587583184873,0.2439954227599749,0.0
540,0.12565684420476506,0.2022492385653918,0.14094366736189748,0.03279983776162209,0.04460269960051998,0.04728693041401299,0.017376965122379417,0.20359171630436423,0.2775266135787609,8.948383415873531e-05,0.038059059618232076,0.1705775195667176,0.1034307953119316,0.00010156163496167558,0.007071575416654934,0.014341880241858932,0.1820681440071959,0.12029852962936621,0.0455577324586576,0.359815465085005,0.16654855744323654,0.019881742154344028,0.0421938798945062,0.08301066503875106,0.04856755295278727,0.06192366616689079,0.167291332974869,0.10281651831046885,0.005593626519799642,0.010376767750238582,0.0004887022314158068,0.02856887880317625,0.19605584555171116,0.1487452996017176,0.2550872781481055,0.04104334146815772,0.08051410062628235,0.20488645296161853,0.17765120163389164,0.045982083686282565,0.056818962355572836,0.16301092411030194,0.06306885646244163,0.045052013747628565,0.24273844185166885,1.6239375243275366e-06,0.01885164890287196,0.008556734386579423,0.12215880017089739,0.0
541,0.09397241142246832,0.10629390838563102,0.06774108598278844,0.1288302623657072,0.38976207046101913,0.19152432220585605,0.009581140351174246,0.105379700699378,0.06285083436592677,0.009662429100936782,0.19897472173651304,0.2719334173904299,0.08790506073023012,0.00044691636064097016,0.063232212156906,0.05138011459025875,0.24504128593737767,0.26842848069533615,0.16357897733462823,0.2673117779143828,0.024679455517616557,0.001838167468269188,0.10593029964608529,0.17621597458316482,0.029478747875667316,0.024208999906254115,0.0770016422022896,0.26124675235184225,0.0020215792851912746,0.07237218355033422,0.06273490725545752,0.12000228399991784,0.2623266871589146,0.15125272113249402,0.1332903122804586,0.01187640172936739,0.09950552058685015,0.024870652458890943,0.14047436096451216,0.18143884687233944,0.023062881122137814,0.3699299227845793,0.23640331786044042,0.07144987946669203,0.4235732989595858,7.793811936138182e-09,0.007617407788063722,0.025429913463217196,0.2637675494859832,0.0
542,0.03165132768326343,0.2268722652148724,0.2126176828005578,0.12919178998184752,0.0989053490664576,0.2080725557127775,0.05508391460144626,0.3224149700715104,0.013608464366133624,0.014987358470995537,0.0008195275881217524,0.2688551127783978,0.013607350081259935,5.8711393027783456e-05,0.0015957619265270135,0.027093594097700933,0.09272247220767955,0.021792904808776405,0.2035710874503814,0.2047803878534036,0.00011438601939340355,0.00702359878628876,0.21469138765794354,0.07822221241113504,0.04451239472510548,0.00943535081007631,0.3285306854637465,0.16886730825095772,0.026588531304693856,0.3817312038042047,0.06405262862189663,0.03885347400499664,0.09121188297974317,0.17288960496208483,0.019198672139469,0.0007295326534931597,0.1866004835594475,0.17442834028630783,0.05439375938822624,0.01062828839605241,0.08282751761598568,0.03849373559046201,0.3168535358002808,0.19509255625561903,0.09580666233487488,4.661133282745959e-06,0.10517307360282323,0.00010406993568926268,0.41450357410001015,0.0
543,0.07012112568490246,0.14485210363417342,0.08078684237915787,0.054702932818501845,0.11654921323860899,0.09893898910915197,0.21205713419840305,0.37996086407218316,0.1801877846480447,0.015398222503315176,0.016056873295567473,0.2263195733394217,0.1336153713757124,0.01874037882055126,0.000519336196063323,0.05202641023542681,0.1436862220675962,0.22265852581949244,0.13172944642487272,0.06486695796859016,0.04372973029343507,0.04219766157206945,0.16094668789731736,0.10904667514197691,0.04387029518012221,0.10559228613726328,0.12958973022790124,0.2438174034002565,0.0004831259084294958,0.016798780646931095,0.21843527487570888,0.2828626421773348,0.17238707192634511,0.3811495265235306,0.1284049286221904,0.06950653317281491,0.12941364597111787,0.02807720141246358,0.15838475873977473,0.028244982634369316,0.04760481516482584,0.10245066112944129,0.13120887092533928,0.23154449560794366,0.28920733748518956,1.4159563430633444e-25,0.12430893986366719,0.07387930752572876,0.13911590992325798,0.0
544,0.02086271413375789,0.10186246597973027,0.2170300079789841,0.013648254583083556,0.2630174710280845,0.254935246574315,0.007901417202526463,0.11247241123803331,0.11950049714900786,0.14275587079552096,0.015785931516803898,0.14662115028166195,0.1476987593116849,6.213512224989983e-05,2.7448577015851758e-05,0.07891467828020991,0.24905462047592422,0.06347988412322669,0.07392580839191662,0.08109083965584644,0.0005953520635802605,0.031420798860504515,0.164484567127373,0.043476905812802044,0.12486165995676117,0.09433969895859771,0.15989804997566107,0.1410735559144372,0.0051488787994698445,0.19905645152131574,0.05250826734243404,0.2583935190954789,0.04346635979984109,0.11300542984563602,0.10813539105102413,0.007741284146848245,0.07013247021325504,0.03570035826692062,0.16050262281352579,0.017753041751963527,0.09737971433669679,0.055019626998459074,0.17381729819214367,0.22259465392009314,0.23663370324947447,2.040754119934966e-12,0.04286960875947499,0.0029812258481764493,0.0701129933543009,0.0
545,0.044775379399683825,0.10961510003513918,0.098027290114792,0.13777077746603772,0.13613030195841205,0.13015171906312112,0.06289056121055983,0.02523032258844729,0.21816455098231455,0.020802094975807112,0.0032936101393143654,0.29997206306850766,0.12276604225192234,0.0020362440069015353,0.006562179436055112,0.028306693001752196,0.5816138604867344,0.11134811300579275,0.039649486051516754,0.16070989594276522,0.01182347200250963,0.0379264853044717,0.04770564259334205,0.06694768110535423,0.2052708575600013,0.007293356064502643,0.14680173044026792,0.05056967149485815,0.05129145686170045,0.05274970646247007,0.03303102693712155,0.04562037113692144,0.2412227650465073,0.24763285792152104,0.15110681220291003,0.060684448656431786,0.08631750947857623,0.02567418857753783,0.0842086415923195,0.034231975168190314,0.13400560785363513,0.2859953475369956,0.4485315314931743,0.02922758260235278,0.2081300311452823,4.8760022254263544e-05,0.08300249456556731,0.017769376902484948,0.45606098042556314,0.0
546,0.11283296534395738,0.005686386993095501,0.26403901386760764,0.21823754002472429,0.12212038491004093,0.2833011937011583,0.015013696514995052,0.5060429501383509,0.11094911131205397,0.07587793214010653,0.07484680867501685,0.18726810368920574,0.04464017525438233,3.008173394126996e-06,2.6460117771804083e-05,0.0567745433479322,0.21868550911322437,0.270149254396742,0.11513623238714582,0.11215829323900933,0.040324278703221375,0.0003544797121227695,0.08967005096338551,0.06479509698517769,0.24085117652122723,0.034814688533831906,0.2570661057789844,0.3523796488192047,0.030967552848055538,0.057421549205306045,0.00017150186564374468,0.12007032514246938,0.04176072648509314,0.10712677296545502,0.08362347600200064,0.014467317279635098,0.08025090168474601,0.06374619003180464,0.10588146911897905,0.09030252809983758,0.0748104352468227,0.007875316456900266,0.18773162884739283,0.004753125028774956,0.17766429836200842,8.834321010357548e-13,0.010728132975111075,0.021115776251851272,0.40464122031243055,0.0
547,0.1573928848564395,0.05164638740800495,0.0846702274327338,0.15172045719964178,0.27410021207089363,0.21916188814745072,0.008344006203910008,0.2556880021315542,0.2196675808537147,0.010004692384424387,0.009708715007531411,0.07427492656981591,0.16943581444081862,5.160689118852225e-07,1.8614453739700423e-05,0.012173150748913415,0.08609077640058299,0.1394305951674898,0.17184461911212037,0.08039812278927932,0.0015773732001409086,7.424803748072393e-05,0.20823609276103183,0.16027092218385783,0.0724652679609214,0.02287377478187788,0.21828866328301488,0.08624809927387454,0.0147712478313905,0.06999975580369279,0.09039980460647659,0.12213137297459134,0.05640928599377865,0.30239724232906523,0.058262088045993206,0.000389252977914225,0.27591029095159586,0.05410080977594344,0.10233357026609083,0.04188747976942127,0.04280835022579632,0.09650655946301692,0.25681651159459423,0.23261850076854695,0.17058502930954617,0.013158954102643243,0.06325712963226575,0.04807879929662308,0.22085625933372477,0.0
548,0.24287973699555795,0.05555693555052265,0.05243419792585393,0.017963272806230186,0.104410003498317,0.3016530915883609,0.03288326761440243,0.2512378624091649,0.12032480614321471,0.020670122820761673,0.06107819495609999,0.4442986139837442,0.24711151576847448,0.0021962471055001547,0.001075656447018307,0.033684123902260575,0.13783211430097542,0.1922140665149257,0.11142587928132339,0.14369990263315216,0.04082801720950823,1.8815210187501224e-07,0.17319581069012158,0.015160272928529573,0.0534376023680815,0.012731606047254589,0.14657743958451905,0.22814412538037734,0.03823371070793132,0.04831752115011139,0.010488135553172132,0.04511139740561281,0.20055382519880313,0.1843267541204051,0.08246223006660189,0.039414824151339706,0.04559110015955253,0.1592166470159391,0.19455909225001353,0.011279757873394499,0.12600110808673848,0.11567718923408389,0.022587694977072376,0.08062950091356763,0.19823908098873766,1.9728351395210443e-05,0.08741509657012232,0.0018981751567247495,0.11174740899058645,0.0
549,0.046446314476993614,0.1128131643440787,0.21995830360985147,0.08499332161260781,0.19413851193306259,0.1175950616187817,0.007459497800797936,0.06312562799459587,0.15441088488190952,8.586234200812363e-06,0.09471239133742793,0.15234056240775565,0.09968260904936878,0.045703107673225024,1.4944168437159497e-05,0.10439724022452802,0.25084054067165407,0.09951396638003614,0.053960583033514184,0.10603448251039306,0.006667234271492877,0.0018104184949012886,0.07130676147231518,0.011345505720710327,0.01652493561046554,0.03448513130506907,0.06781208367038008,0.2279859963958653,0.01981913686010309,0.1011036969435281,0.013177854381810553,0.018680749007461327,0.11240316796013665,0.11223325099477163,0.08824693019342984,0.011721025135932296,0.05956693491709831,0.17563402657252028,0.05616915490599387,0.005755483852186117,0.06557047398095558,0.021420026713042106,0.3011709931480282,0.19663109162498538,0.14841804672169728,8.182535688831656e-06,0.04816084889785036,0.01061150514930443,0.12896887936290316,0.0
550,0.41081983494910157,0.21163091841701684,0.2912184977986024,0.04697215109712737,0.20924345741979467,0.1160989655426151,0.0119799228375174,0.5243611462214235,0.07519297931540478,0.005853487262933301,0.007234823305067654,0.20053106326773293,0.2552089420729323,0.0008964427187970515,0.02809336871412791,0.021862553077661866,0.11030348595151358,0.29632193373095145,0.2506719992344274,0.07505443186448096,0.011403022804335985,0.10160305467326024,0.1634135714607167,0.09642875929049206,0.08685822004546542,0.1066521871984224,0.17226626308184742,0.21164400988685741,4.648743332025387e-05,0.10295609352391069,0.0018143222069288776,0.0627851049854935,0.25231356079076855,0.17027292869627383,0.10912283206962059,0.032036768486364234,0.1433646286747232,0.08801655456534925,0.26899172719434733,0.016157969341750823,0.08058042538716341,0.27061370508137855,0.4287027475479205,0.14446534383999363,0.10110132067168465,0.0005760904501998142,0.05173161158818756,0.03234678665444921,0.23185559920673385,0.0
551,0.047854423992905404,0.1521939117808813,0.2202471063863251,0.12782190565945584,0.035963225012451625,0.23208675487124605,0.05504082961845828,0.2262836819246052,0.35343071328133535,0.0004403140373342757,0.005787725935713682,0.4041925447667488,0.11182400981224029,0.01054857127007351,0.009199839263091097,0.14560765196336048,0.18144746178127358,0.1652934416280009,0.12755631997033104,0.24897240231066606,0.006163786017671483,0.012749739304219757,0.17989663088739175,0.013541564116372695,0.07177030421948168,0.003820844491689544,0.08794479044707378,0.3815310256623179,3.131067965437334e-05,0.18427859642074193,0.06101250368056474,0.24729616076733915,0.2334354409575556,0.11411863936160925,0.0844592786086003,0.002581472990278542,0.13697443742900803,0.16263778396298045,0.16373224590315244,0.016725299457434405,0.02198026811339252,0.08947395444233239,0.30421835471958697,0.311917772091557,0.24271409401650887,8.686204040653601e-13,0.010875733793119973,0.010086659417629745,0.14746321790432812,0.0
552,0.2658318303588931,0.026038649911808716,0.02426037782269796,0.02762963516808307,0.23983434204103202,0.34125956848829486,0.1301635653178529,0.2014335162062938,0.011911236349290808,6.26065880841122e-06,0.029003452763013162,0.11801133380917128,0.12989363335652,0.00033455310709407766,0.00019624154253623213,0.047546630814405064,0.39401430353777106,0.1585247051011777,0.24692736181358832,0.07571808568793754,0.012813393462192214,0.010308699431752683,0.15209735895866155,0.10582971634788306,0.06414448716097547,0.003054073148789095,0.0592883729578603,0.23821492256132115,0.06692758361875191,0.08215451280763345,0.010812188656239473,0.04121220050304192,0.18544763842415482,0.32110058724414764,0.10404412061181086,0.062494410536905166,0.048352216411240156,0.015602529415949331,0.0659184222251,0.00037361506502354703,0.08325700592953363,0.1316040280219862,0.10643803347357467,0.11596905018302563,0.11639347062208666,5.888943354507536e-32,0.17510502776045792,0.004547793446680991,0.21152210775223731,0.0
553,0.10417627280087535,0.007232934088453831,0.1508375123979595,0.013550094704518796,0.17354989202762316,0.21823606807049276,0.01680995058879545,0.20459284060660848,0.3422525010947633,0.08490031712717643,0.11481589852938427,0.4246442412391517,0.216232438721245,0.004528535434635535,2.135651995382839e-07,0.008737231468687098,0.3228490935283343,0.06688056703343138,0.06528529698009714,0.15706394137180402,0.054765319471131266,2.372356579152919e-12,0.06868824747193736,0.015995198267987624,0.16865889946569684,0.007900276204132193,0.25358290066364075,0.07118016002712144,0.02421703406460197,0.323727343749651,0.09175717866273643,0.22663661099803692,0.28687360411390844,0.13862041176547304,0.03704476392796124,0.052815158537571606,0.11720444495216484,0.029752521977159337,0.27845152294977504,0.06830349153636435,0.04104716113706469,0.06620649045847049,0.25511584346658345,0.1641791182401969,0.22586355066344804,2.700175209284451e-18,0.12250543982288653,0.017315095742302736,0.15423354971817568,0.0
554,0.12045779311474601,0.14418483849763,0.0955902075050983,0.013190518752027239,0.12450745025039381,0.2246548854737803,0.0534099953726447,0.2753810462887179,0.0960412605517007,0.10956346108403682,0.08162040391688935,0.08726023766703915,0.08857342991313527,0.005118831617115456,0.007684687496504841,0.012677206354787285,0.06593253176661364,0.3108410463212384,0.06062303336444789,0.14931227321319754,0.09784896269094165,0.0075596416937130165,0.15805762156847508,0.13445038540869061,0.008259023983030672,0.15284009113148764,0.1483382379822722,0.062114856746208806,0.0036010403635247717,0.02161560877380805,0.0009151042175738185,0.18910775174619104,0.24301879639339474,0.18482773056926088,0.11156307157515932,0.003913020437396587,0.048391236652622,0.02652225229668378,0.13945019206665443,0.055937427969029035,0.14411648383704762,0.01755324068232159,0.2856846389689195,0.18254520724414616,0.15571627027005397,1.1497491344534482e-08,0.06942013061858453,0.096076272470605,0.15967005049374453,0.0
555,0.10321156914230178,0.028619607407000553,0.10676826133098545,0.022777408833518628,0.16083761473655,0.03083085702453726,0.045546043596108574,0.0855377325956281,0.10226942642296566,0.0020016468112829195,0.005560050402398689,0.03131277166517396,0.20748423495787577,0.002007591900963372,0.001075494116562212,0.08666667777773655,0.19709766502739345,0.08576855420851769,0.1644287968033246,0.28071382056341526,0.08228459258883825,6.382442756963802e-05,0.13473464813777145,0.1372250027814393,0.17339172510650055,0.04438469045605423,0.1594346947683784,0.21219067065214767,0.026425205517423424,0.03786099760063307,0.0007848939663921986,0.08686751185881211,0.1541974815385112,0.10936796186035579,0.14527092340179695,0.030348324492488928,0.047333789439732585,0.00628045440722992,0.22695290677214516,0.16124894090107425,0.03195028185464294,0.1562375765965114,0.3576825176824985,0.061627055071761264,0.37372178157418295,3.6406781227046924e-05,0.04103341770376452,0.05234874705039397,0.14970870544095663,0.0
556,0.23306328085017539,0.10880835223874138,0.22430573875859955,0.016635271998658784,0.24768994157813562,0.075593501847468,0.017533411231028303,0.18420596154797694,0.06209697809414401,0.020857260831264855,0.052570965834978806,0.1620228564933856,0.2427246058814417,0.008675433531319818,3.4895748158678995e-05,0.033261746181318,0.104815919265398,0.3024933848027579,0.0368129669223998,0.17892099760131794,0.00011588910904903346,0.00594290968395912,0.1424406625657586,0.026038401471229385,0.0554892051309392,0.06364688698007105,0.1415191748337848,0.05260559467026999,0.060807605025442885,0.043978734046749034,0.002708858800610016,0.014645242634677109,0.2016396900701518,0.16508192640458785,0.1797297454663076,0.06431753347329337,0.04383055380179689,0.026349451803383984,0.07432610766765058,0.03985425559719682,0.04475591327552457,0.08706119153582736,0.2860554743139557,0.1551419915603962,0.07307169033509767,2.080322862207442e-05,0.017320410858174276,0.09938431841626019,0.25258178565549455,0.0
557,0.14345619638322382,0.05476495726764633,0.15967187071977487,0.06899740484705048,0.04793372135508122,0.05751055464610506,0.13008591360531174,0.27939539728182605,0.12880459822671722,0.00019205797609933098,0.04847110294535427,0.058898694923210815,0.1346819673652939,5.261413592269907e-05,1.5044320914513082e-07,0.02012607221009671,0.27371764925550696,0.06627200266684907,0.06294395429545825,0.362376446774765,0.040294753367366674,0.002985891355634757,0.034209925864338485,0.012481482090946136,0.11420876937604116,0.004109605674559887,0.07552844581056255,0.020283971263183778,0.0031939595130493744,0.13228626380286496,0.007288665350306722,0.08480482209649039,0.037409000800275885,0.060790502945918555,0.18638857739776027,0.012966299001892443,0.04636306669759691,0.04203776288306646,0.32392094115740444,0.07328546478382711,0.008205487749587799,0.1478646195072315,0.29919342998250453,0.046901543255084804,0.3544394391955993,0.011621825089387626,0.07712753613653323,0.031736087314434905,0.03229730682005299,0.0
558,0.18071559020087247,0.07299583272854006,0.22643447105826656,0.17638427395122688,0.1688568818813311,0.2940115926470971,0.017569615886874217,0.04553806993094175,0.10090117277787036,0.00574094241548825,0.02606588517563242,0.3416072960981991,0.044966312705831304,9.390975472546091e-08,3.4200643935529876e-05,0.10121260998569924,0.0652653831338674,0.07507365973156781,0.2076199185496822,0.04709717146687064,0.02682007639833657,2.735973735909929e-05,0.16950227795387865,0.07132650123495415,0.172054747654635,0.0014503627195221471,0.23261727448184993,0.195395161227746,0.0008152083277491416,0.12966481625484302,0.019148866793150327,0.12945097719637427,0.015346993071858845,0.24983677869537374,0.17345119689856894,0.03451806160737362,0.029518459496956178,0.022734322360511018,0.20917936379250265,0.04934278962228393,0.22128559374599716,0.060824833683835636,0.2511693774401104,0.055152763302055464,0.2999293651740822,1.1400808705845631e-10,0.21202147680145653,0.022168693834420015,0.3326608479972039,0.0
559,0.16072026033308806,0.1570754794224957,0.09984740173468541,0.11893611189795453,0.11656139429305633,0.07878673835907792,0.1182795883016302,0.2033946083118464,0.0853191625773634,0.005060617375782829,0.08817886432514019,0.29473522973289495,0.2408723878363663,0.0024647727045364887,8.650308890394648e-05,0.004829239129336737,0.09739171428685238,0.16998670959274945,0.02103375071119634,0.10708722482297006,0.02068895380242691,3.937117165622698e-05,0.05429087379736701,0.04358312695692993,0.035622162854451044,0.04434882107203936,0.18234183292043593,0.07995813550870495,0.10691870258419973,0.078619991245552,0.0002804124995137156,0.029291806623303322,0.13638790171398235,0.2017322612339931,0.012114823781360142,0.0017119662289156329,0.004908386508281422,0.11425252859413823,0.167761233346342,0.10094245248888568,0.0686046020479735,0.0330254911410817,0.3046865454019285,0.19907596625337057,0.2656790927740927,1.07783145520702e-13,0.23229304962614644,0.08996907972591284,0.10892781081997077,0.0
560,0.031913400858332656,0.21624903240261903,0.011738569023526251,0.14952087446873666,0.09199653376158898,0.03521253465430697,0.008994322453878266,0.30463494887032083,0.159259134075964,0.013005845446362511,0.00033322277672771127,0.1187517606068523,0.056585113057900226,0.03744386472207219,0.00010883543074265794,0.012450711933087937,0.2615581317945735,0.2679866791365421,0.05973049957192697,0.04568551969755025,0.1154869975139814,0.0007145423676966999,0.16174927678663828,0.062098511701357405,0.10766078780399835,0.01354194013605526,0.28347672459929907,0.150658642986162,0.13967423987106606,0.028744128836178034,0.07405104080190472,0.08369302902143026,0.09664661505538487,0.08461879039355862,0.2386151141285994,0.010784614362589985,0.10356761091529677,0.008837959898735535,0.23310727628883457,0.19363923578268433,0.07948155698240546,0.09100250382169964,0.24636142474137157,0.09944297922762588,0.10934443528125429,0.0016321569645624324,0.04918972196202434,0.03910331107551662,0.17698159655514212,0.0
561,0.033465451668814906,0.02511280840015633,0.18951109661946242,0.020987375174079684,0.11696303021074345,0.16828300556513953,0.020586273863393102,0.26259109773353734,0.10417210698874212,0.09778307748248384,0.06320566209444134,0.22037324353901488,0.1746413993224969,0.07804217161632526,0.0001611475108872879,0.022515766190202277,0.14141717774128285,0.23718672518211042,0.061910385595332164,0.10106455994800381,0.022174346528959235,8.248762384040665e-09,0.20322244739741174,0.0637251615066823,0.07599317754654451,0.03117541333412405,0.11738585270578451,0.07592287378658505,0.1358204725831337,0.08335954915058819,0.021553055902591194,0.051345116498382457,0.18828055883067912,0.014687597115853592,0.17941163699798862,0.06208880464959034,0.10283648847272377,0.02941131025867727,0.2737077712537452,0.0714356674858408,0.0569008344634458,0.04894482575992616,0.042175614837464355,0.22116697995163587,0.03422459243560356,1.1461426935802763e-18,0.08050742956038179,0.10327436401706908,0.22072808146278727,0.0
562,0.10295040520918212,0.04179526850456873,0.13742610480764597,0.059821478561094085,0.2030073330941142,0.18013181600420458,0.05240841748024442,0.13979658305458895,0.08917532344259757,0.044424737501478566,0.0025291088737746025,0.3791078623296616,0.1918959603424803,0.0002623094621041236,1.4115886156507175e-14,0.017618468899358336,0.0687394905510311,0.18926391791994984,0.12757836296615016,0.48155227322942995,0.07996346732471014,3.013567500505081e-05,0.1256667029862631,0.3339742990375328,0.11939618098163876,0.060118244196836146,0.1385818171525293,0.13836137784301927,0.046433042715280926,0.06676868145629611,0.032923196331283024,0.04662527957112041,0.31318048622254874,0.07491829655891194,0.2191472064500659,0.05192730117581606,0.037558438487672687,0.017517241847044993,0.13909065117439368,0.0033739187392759626,0.016682581463075153,0.15790434310460777,0.12622575275532294,0.18707841292814475,0.08932352488235826,0.01015052831066791,0.10241608054534113,0.0717854440082571,0.3548918678965837,0.0
563,0.09033828177606791,0.05214075174038568,0.10840718114501531,0.1522945750514,0.23168989945930565,0.35986372373938685,0.02739957899884944,0.2123054840992514,0.10697653599925047,0.0011004371333776782,0.07714938876039208,0.12301717861777109,0.1418461998922482,0.029324703150505213,0.01592922219303819,0.10020969971150047,0.15472682839841054,0.24775837268470896,0.12111230308165706,0.039878881150960874,0.009572917195399124,4.7950559683996414e-05,0.023197540414610723,0.014720531952664694,0.11519274534256577,0.03296809329549853,0.3073686186847889,0.165751260771911,0.03615824024751229,0.11015001296723839,0.023117279168977708,0.10357201240272548,0.23009106966935705,0.06208860932177484,0.0697279888868461,0.016876979990714653,0.0736904784601702,0.014327601350156986,0.16684305165407382,0.13916065097968802,0.004477833451015006,0.015594636871633816,0.31953750089891275,0.24310208018787507,0.1359002523098156,8.391594451941241e-10,0.1066989813107353,0.020454222371010928,0.17927853364812943,0.0
564,0.08647609512874689,0.11782945389829959,0.13306993423402214,0.03674461463738051,0.11658030481261245,0.2656400476568667,0.17666172213713452,0.1094372433263835,0.07076932188910405,0.009982285258825057,0.0935668950264686,0.2180170469286044,0.34072403001971935,0.17970696876402617,0.023301192184345794,0.0617190191726231,0.22211414812867605,0.17051747952960666,0.0328361747175235,0.09359617651399439,0.007238349306632762,0.00011268059655579768,0.14944398739396025,0.13357875475812003,0.03615980160774149,0.010760853641545602,0.05131801321326992,0.17201903616889447,0.01627071491960378,0.10953677854250429,0.01823536710696317,0.07305324393099605,0.02722646091771687,0.05367852674608994,0.10296696074005986,0.021490508306375635,0.031715876043702476,0.0012353814722882214,0.15029106849935214,0.0719652021578582,0.008583685300589339,0.06977180224526516,0.17723309043281213,0.18615060960444,0.27088439363581057,0.0009599531425833714,0.09216604965676575,0.13267138739038534,0.050464283027244705,0.0
565,0.17855758943842445,0.054169257083960684,0.05940658198691416,0.06222730892531104,0.07674787363421118,0.119491206715279,0.016057375407219666,0.2647449236487438,0.1025513048877133,0.08266436045398227,0.001919002784802678,0.20000625713492645,0.39938742455931625,4.294721140984418e-06,0.0013668592707839246,0.04793557156436795,0.08814060411371895,0.21278015653291651,0.049236717113510145,0.23704691179552365,0.056254858218977875,0.0028816349464689463,0.28667990846456953,0.03629395058296015,0.09615575081571415,0.031808388429999265,0.2632921918424889,0.04633983151293409,0.018676098768028566,0.03347561510079172,0.04095253141675749,0.013895662753587267,0.4354136994234177,0.16513721320283456,0.20946801906578305,0.07022580142076396,0.22759232662316012,0.055655556185575335,0.007068408075865338,0.03705693665763127,0.016966744487943917,0.06475353238387266,0.23210485025774955,0.26646481452617476,0.06403213114929292,0.06716267094294633,0.08423854689496386,0.018730589819392445,0.22935889596002207,0.0
566,0.028075777991299823,0.20927032398369272,0.33091445944063236,0.07567309478841103,0.3597269115201506,0.11403427628298007,0.0032355579409045756,0.1095793741151409,0.2038682557786876,0.003006426124430308,0.016103181934013593,0.0953204703665086,0.16225072168590396,5.585077532128098e-07,0.011683798408781473,0.056306019333517116,0.3629589930860957,0.22987376430019843,0.12021326125561807,0.10475157099519437,0.014661458421751344,0.002152079806001927,0.1312026441690969,0.41499926002784826,0.0586441891076888,0.08945314605147785,0.15342992321476212,0.06887564668304244,0.03242261001951487,0.12260656590686629,0.03284745425783053,0.10855583320435348,0.1350650179182395,0.30249554815113544,0.09265419066765557,0.04246331014776772,0.20750849828070428,0.01350301407640699,0.12431510508159638,0.07189315378831998,0.033351466967563845,0.13692466439090265,0.0670643247208243,0.15976919257411773,0.20307794138157503,0.001856694323735792,0.10392131052910694,0.0303835025814712,0.23190538537356042,0.0
567,0.1996959467765377,0.19466248559487775,0.16473865810392702,0.3439067767411609,0.20908158343398278,0.11419836787333883,0.00021642392726648792,0.22232575758116926,0.14472376753666663,0.007909361763136443,0.02369540790229784,0.28610910599699196,0.2513780554170454,0.0005713930124439654,0.01734386253041378,0.074669923991678,0.27090248971509717,0.24227545677084675,0.17428857241267207,0.3116242929546853,0.0018518748752341836,0.025561877024453172,0.09596305123717615,0.06910669414413609,0.18948012126669006,0.10489948213667057,0.31919933193125716,0.13895576769217546,0.016080174797530686,0.11419778427180577,0.11973245518223541,0.10343129621163683,0.3539394161269354,0.1511786606173103,0.1009810968238754,0.03572325289181079,0.20681753523118826,0.06848643707495247,0.24578595612677487,0.0003771446714419448,0.1058227152919104,0.05416654173083815,0.33839923798400934,0.06105939707972677,0.15542926026135748,0.00042206790236642646,0.04259286342760628,0.005893016608818765,0.15319193397594486,0.0
568,0.11383308676891953,0.048599450329891075,0.07644416928457462,0.1616222704407478,0.054778361065510005,0.11015366584998888,0.010021817319115367,0.16941389119343436,0.11655324841643513,0.026380790534752552,0.10296146568360948,0.3291670280317754,0.13180645475216124,0.0001956016696297387,0.00018187901252811233,0.11187648229175663,0.251876894755717,0.4046077615152136,0.07732480230795981,0.23892563358898225,0.05922489470891749,0.005063435499363595,0.127424527244602,0.17056018892836952,0.17623002504213345,0.08152567485285597,0.244042002429711,0.06548984519457496,0.0026047790509303777,0.10952501597898975,0.060956636433124045,0.10554173735146206,0.07320823257790489,0.0427608891578372,0.08163609512472123,0.013240732769555324,0.11387484487111155,0.02306012622083744,0.06400402198394033,0.004741430537836294,0.03348406652939929,0.027514263879113,0.2823772134570555,0.06993034542050211,0.3079981857228616,0.07762177077352227,0.04651621646183711,0.009946031144777543,0.02488369010797253,0.0
569,0.11690527136874806,0.07951703223356418,0.04477667112396624,0.11417439780389675,0.3038825311943436,0.11059812695233062,0.012201285657312079,0.26817366959055167,0.05934584548910361,0.22727030721054575,0.006652120449162674,0.12127374070274417,0.33726839479454246,0.004694306892495953,4.4303557902108716e-08,0.03442187171728891,0.12075279940222539,0.15875883228298504,0.17819137837746415,0.06590367247890015,0.0017023525543697017,0.005415401279654283,0.00951584103590156,0.038909804227711745,0.07067029694731308,0.11248820838555942,0.123250637259408,0.08152702412985846,0.09545523088332217,0.008398031067470129,0.0638228100107467,0.06066900061702375,0.08334040488858843,0.15186790908060316,0.29301670945622604,0.016849414470948863,0.13597858730984702,0.09055960621147204,0.037915247249222905,0.03619049671507966,0.028240854445564137,0.1947707504316522,0.17892393476891733,0.09553195654860717,0.35479266909224116,4.2957944956551296e-05,0.018043770469596033,0.07242086095263438,0.003970284052090056,0.0
570,0.10264661664141396,0.1385849367561989,0.12719396351962137,0.05142864320493715,0.06377102072863304,0.3622916868384314,0.006035416380976695,0.1925932746689027,0.12214668268940103,0.07512782063058164,0.03535554569819124,0.06765552418379903,0.21397098225920672,0.0006320810316828417,2.3562035448022504e-05,0.004633363073794726,0.2837326507479907,0.17708870435453927,0.12368500237923537,0.28642440463632857,3.922811405835724e-05,4.90774062248069e-05,0.06450527275988785,0.05982166041560234,0.23306758229143643,0.006259612546139618,0.16134928238311563,0.21432467906868136,0.021264605349473522,0.019651223949743574,0.035670734270208546,0.12518702874401674,0.2743124979622672,0.16707173318345303,0.08110085605522127,0.020667248576557957,0.04451163329969705,0.007234443159423611,0.270833547703015,0.01804492610239174,0.059000147415028015,0.10657111241266648,0.027755957104340888,0.13089058285121646,0.10315469394920271,0.006634603929836313,0.20554786453697327,0.05824353817345603,0.2753619748850036,0.0
571,0.02826330414432033,0.48063402668839555,0.380442863504446,0.05965213211835376,0.17000108587594043,0.25180779908849854,0.0297849520269676,0.17151573045151466,0.180718598989448,0.026961428472973812,0.0021627266193336636,0.1472890715126289,0.26373669432333485,0.00043033038938066544,0.03657838952256014,0.01908148327670266,0.14745323640525346,0.13564988281075846,0.16387547704010308,0.22557452286493182,0.033148193207844824,0.04574563262704264,0.31256546180330047,0.09328383021241951,0.10378274127902523,0.0018083522127814015,0.24889235069679846,0.1270522386051417,0.003630592619850483,0.10831830846997116,0.04062375699286899,0.22114483605141066,0.18896063957913473,0.13630956467423533,0.05750434837513672,0.005223903884438139,0.030441573033368915,0.051346500409426545,0.4310692329636439,0.025112796669643934,0.02504141863590631,0.04723862214637584,0.28083309554777913,0.1046274280795862,0.13743695372145842,8.962008493614066e-12,0.05624535976753331,0.0701843353704076,0.18165688196121796,0.0
572,0.09761052989296738,0.11634840545527837,0.19480766782008202,0.13426732063870372,0.15842397363057958,0.3019440899158257,0.06093146541496597,0.14858134134277604,0.07028351292632298,0.030773221718698843,0.05492235564102284,0.2557479494413925,0.13908501215210617,0.03641610353888106,0.0029578247049120627,0.0789045074707611,0.1856696645736572,0.08623837606083434,0.18203007500512036,0.056036966132331466,0.0034602992717563228,0.012286857678819487,0.11702386194910704,0.03306847322919005,0.2258500850072095,0.03613246741231917,0.2769665705704089,0.08474621091269749,0.0021482311358152198,0.14623605035363887,0.06563771170515474,0.1666252999628864,0.17272990052877663,0.16113532155802446,0.1413618086223656,0.052567348036519815,0.1707920417607452,0.04356561773746141,0.1667944186107538,0.02441173941442028,0.020709107844380455,0.16015660166927836,0.27164675490120155,0.10740048707885651,0.46478219053627146,1.068946979884484e-05,0.1329909169140892,0.0004087018827100929,0.08522201336504481,0.0
573,0.11599676209165095,0.18427951938762666,0.12626619162795055,0.09693817219194627,0.14410088316690084,0.26593954344768495,0.00022171301479000994,0.26660092473498515,0.11939502588751504,0.021560234966067772,0.043394561087345705,0.11375375115874635,0.05805482678509923,0.0007517301412607283,0.0006980966507399686,0.003784195655252546,0.18737010603859527,0.05307770985906526,0.20182893848137665,0.08769438334774847,0.03027616449859681,0.005943739408253915,0.17137435139179197,0.1771794211686206,0.05381891609387007,0.010005700982003284,0.08150899009877671,0.13489296770476292,0.069358844556642,0.09952786235951624,0.05198762804757051,0.15484493902356714,0.11499797009970217,0.12722278560329447,0.11494455678645249,0.00611455535249005,0.0342822784024471,0.011250975198285383,0.20808355342264123,0.057239957004008184,0.12895492869972508,0.14893440572358244,0.29854475243097245,0.13010523437074106,0.05585050413788043,9.653876191040092e-06,0.007409303440709895,0.030250862209309125,0.26116512691739585,0.0
574,0.08593671757228637,0.14636722335027627,0.16951131384586698,0.06324415394218603,0.02800072694749734,0.15327222022099907,0.05355866964208547,0.296399262771296,0.1288833607867629,0.01652944792234883,0.004220999500530274,0.0928196406889214,0.18360718424869096,0.0013683391743527088,0.0004071130773338613,0.07405124469719224,0.40436464579818965,0.14189338752251338,0.2031326755929541,0.24669897004482239,0.003822548210886082,0.0680489610300077,0.19860241890923971,0.003579197031220154,0.12616312222106643,0.021469816134785043,0.2756799798358949,0.04801231133931589,0.00964385421746999,0.07825996402626333,0.04010145893211524,0.04344637398718456,0.21337596438512527,0.14064687307301818,0.05682575639403305,0.02412194604404081,0.055911483698654854,0.010742452800572275,0.23229863549476343,0.006460230164145405,0.040820237689643483,0.1546675935060502,0.11071658513761026,0.299153445814903,0.09596469466182596,5.069893048078427e-06,0.06224936756200331,0.0989769791442083,0.21931125565115328,0.0
575,0.08348645227773789,0.025952681286198837,0.052180319594546484,0.07976120176596774,0.1675987270519707,0.17010012042412287,0.03179130535435691,0.05024467762000752,0.12546526874022468,0.0018749564148551607,0.019678013965596475,0.21075582430193968,0.26098783228467476,0.0005112516370970964,0.00020242510569205203,0.15358365562150073,0.1911692905219014,0.13093365598989276,0.047285477411503636,0.05253022433500308,0.016616589695260676,0.005748576026659404,0.23516056570464233,0.041420962661970706,0.1217912783710534,0.04238690465779824,0.37717860397282016,0.40255361991109057,0.036581819455364616,0.05545984759365978,0.005317944162036164,0.18796368009385334,0.216798860068303,0.36731416036600245,0.2374959142417596,0.06349599781228124,0.09578535286813397,0.022573916313249304,0.14635465772560402,0.002407423203567224,0.06356154434098714,0.20345902330167356,0.08414898860339176,0.01615027195600545,0.11761130742227335,0.008903506790786733,0.07449088544570462,0.010493757339255075,0.1082186651143109,0.0
576,0.37257583708781555,0.159268148091737,0.14812384489222172,0.04283206696488353,0.08316466201933302,0.20812581177091932,0.0931961548534279,0.10130804810343386,0.07028808912743435,0.016862536218099636,0.00045881206726254814,0.1460300412895855,0.08337897848371173,0.2560858347706104,0.003178845713123327,0.044186862173273174,0.2521603713442321,0.03480744830602851,0.12868643255547685,0.2111878063077743,0.15657425719507645,0.05481472284162953,0.15298313291808394,0.1077148743909513,0.027518246619576716,0.02317709649119181,0.13840829073257568,0.11632828059409074,0.0012140388548259357,0.022723135331507206,0.04822334167205539,0.12948048960414363,0.1080937397035154,0.4976054985814866,0.25557924251413583,0.00572404876020468,0.09892735535951194,0.06748875097260364,0.1558106829884952,0.015734399764327753,0.24443238672712508,0.1352931635999254,0.21557236872357372,0.13435040633489298,0.09705247080547681,0.0975494144599851,0.009191823926402644,0.00740343819897961,0.22451591509417473,0.0
577,0.13107520608636664,0.0698693315748539,0.08090186639681946,0.03172800862385294,0.17418803362778515,0.24317725132857346,0.08644673956339544,0.04036825298875234,0.17956380834732433,0.0023441064362725366,0.058536093808893665,0.1604623703751907,0.34341176160700393,0.00036164149426123605,0.004783938806209803,0.0031598184418417208,0.3022061670851317,0.23822714092298908,0.0301305649237874,0.3649410890829304,0.044842424748936786,9.890815255732334e-05,0.054837862878163605,0.044426103443742385,0.015739990270234323,0.051884413705843756,0.4065089536976216,0.047308595732153076,0.0010037809849869504,0.14760752251014314,0.013585298978554053,0.059753709416755826,0.26483149766142516,0.06112002582673882,0.1297444277340431,0.13115922124297325,0.3020807828855746,0.014881551357039679,0.17129328556909912,0.06961990367531537,0.045600494563998555,0.28479581421626277,0.26816782193385275,0.044241463584592924,0.0652296618654869,6.486626766302645e-09,0.04808547560008767,0.027746515574219935,0.18673565131623943,0.0
578,0.16346556177534718,0.10933742069025065,0.1775981718053362,0.09635540015908105,0.18802068925710355,0.3848031770638822,0.06545590727405133,0.13483329214160295,0.05994231908152748,0.020616842299331466,0.03909704151961342,0.08990951694939993,0.20309907536383998,0.0015785315969505628,0.00013634962750095706,0.04576582919337546,0.1189127818528433,0.2254856337563922,0.08486036590263761,0.19545233745467644,0.08999277931697332,0.006074009129933408,0.056757066573614075,0.019627114326866986,0.12565120487623682,0.04679109162506743,0.16078478015416214,0.04207965240448324,0.002875930827386087,0.15908308475043728,6.773348507958752e-07,0.11652833902459127,0.10570051090059743,0.18525152521805724,0.2682670393041277,0.04626649114804322,0.15538611172153555,0.06748539747324196,0.28636104915756566,0.0586436847952328,0.06453445509513138,0.04513369296405162,0.337864677731246,0.31265832856739867,0.31190263982819116,3.393300401348623e-06,0.1350355109064838,0.12717076566449315,0.2393719066835461,0.0
579,0.24392025353672944,0.1002157380422554,0.10680279645936488,0.03804209245472829,0.343079577460286,0.08016532270224844,0.017118353806141563,0.20360764873802512,0.14809133409416417,0.01847965897060727,0.06338807568939009,0.15764700747829571,0.050976931318405215,3.1599081081202234e-06,2.109005365073232e-06,0.0221537751831477,0.3601374936183855,0.11536826188076824,0.0637547077642716,0.12828306384370428,0.008033753652197754,0.031615903385439584,0.08398655577131911,0.18251405807436658,0.13863131224571756,0.0073262427326925995,0.15570691206217316,0.1998921303544686,0.09668698048706183,0.07578188832254322,0.023835884203797245,0.15351551048096482,0.20908035950686768,0.10166572133097833,0.2033900331150894,0.021263901346336666,0.10539209938582263,0.19639761610565282,0.14343263261866068,0.024414885073490582,0.12171953132785109,0.02927173735082389,0.4779381126095554,0.2147038170543849,0.19302854306485806,0.006993038954460056,0.029383020914752568,0.021162381550096292,0.2872095426424945,0.0
580,0.11022688065144721,0.08958828774473274,0.15228667500948131,0.03092207682485163,0.03651771230125613,0.4116256812108632,0.018131951976991027,0.12170224094250706,0.12420503766948766,0.014949025622254745,0.0020306831109705983,0.17319997367735687,0.19308686201528044,9.391966071705169e-08,9.814714973394292e-05,0.07965420793693928,0.23601239476428573,0.21123451644715285,0.07348776867331044,0.1911157668498994,0.00713471771321145,6.51057825195911e-05,0.04745883208453329,0.03748273558454146,0.17277071064925598,0.005685819701307957,0.07727068730821149,0.15070642039412063,0.00024380825342356952,0.08883434669751392,0.014257128097322828,0.10323480131542614,0.1474082078513829,0.16928466914647974,0.1538193409774251,0.0002236925979573581,0.2213578572867328,0.04610489144688178,0.05128657153982154,0.06996581327358863,0.07646031053974757,0.31295939876125684,0.25022465820077433,0.13051801685910788,0.08553312200443229,2.0383448347686175e-15,0.052356875754906586,0.08320334814129766,0.27634131797223765,0.0
581,0.20565074460905064,0.03342082828865487,0.18728920145532635,0.23233492640861325,0.10603786060024052,0.22448517426322975,0.02408697793634664,0.09625418954464775,0.12392862999709796,0.011427856486547502,0.07397435665786432,0.17114973113726806,0.4920557479280111,0.018349805681410123,0.00019062299615892327,0.024099534232376776,0.17704049970800748,0.24362284192028044,0.1374491307291153,0.02562247656265746,0.0022518344091050626,0.0008879605240113226,0.17574182676930877,0.009269000138947098,0.20051771965752632,0.1086318059659415,0.23354658068570022,0.11827591780126825,0.0019894808711046746,0.19701517434490312,0.02128780979545675,0.09303844780118661,0.11835417578886914,0.14320449893492532,0.021231332811597368,0.020658996560512427,0.08448937886964422,0.06763880862989169,0.1582097656850017,0.10184212461401788,0.14514587188205283,0.010081815141205486,0.06486597083649259,0.05768718938094799,0.12620269771286738,1.9799908956038962e-07,0.04103776923450921,0.008670976519616545,0.11813747892514743,0.0
582,0.06896991418614429,0.10851560238069047,0.17107360900428362,0.03445673545899387,0.2507240135333676,0.4055346549241735,0.009216847926486646,0.1313826418327603,0.13657100072504583,0.012638926581282921,0.06529384953023981,0.07872093072012094,0.21514392641741353,0.003227407162883697,1.2422632158794255e-07,0.04947989219454558,0.2007421652186075,0.23785189017536082,0.07509146847574509,0.2972358732482293,0.008008626380611398,1.1018452589280092e-08,0.11400605252806957,0.2036532554906056,0.06681961805421174,0.019417972765168306,0.18495669416580446,0.15425590609794235,0.030109200487950315,0.04317735390169353,0.08219501330340163,0.03678897449537143,0.2929727371811055,0.15299270119292574,0.10491012830302036,0.03474840189003785,0.013797215006726054,0.026826860618777544,0.13198583624496474,0.034981770412582464,0.12487328273647459,0.08779620025043063,0.20557308047590445,0.046743406436389814,0.10103431815874897,0.0030747141979948346,0.15746039786768476,0.07967160366702308,0.13281093896918683,0.0
583,0.060481701844570725,0.05605885176105351,0.12180899870039663,0.03155888662074043,0.3273516300978286,0.1953554153200045,0.034604875818461237,0.0751323312673008,0.1167978519786263,0.002141338491451646,0.033157271160730556,0.3771341932956455,0.1049820224377398,0.00014558273808074464,2.515124772487791e-06,0.0019705143732990545,0.2270877605427344,0.23408716361669624,0.0639999425252598,0.25933727719342103,0.06471441009958197,0.0007127529226847047,0.13267136497391002,0.14712045558254963,0.03464004191860534,0.000263583174735947,0.2607396932106749,0.018266290692078444,4.2402085873291556e-05,0.02356468588170387,0.001235903530050982,0.16241700677150342,0.034083056727788386,0.12565993786760865,0.10204654144062841,0.019962357248611937,0.06622584178744914,0.13450227107348076,0.05630951682835098,0.07253768579143585,0.008716766588117205,0.12096728983345008,0.19034880353992167,0.019171570589279752,0.081145995696328,7.153998220264841e-07,0.02495517732094334,0.027464088535367224,0.15769174576115336,0.0
584,0.08271057260767382,0.04206273212571161,0.1673188678144393,0.06242963527904979,0.2825970115126502,0.18357936709805261,0.02631246619843585,0.035738447183871216,0.13814367761674107,0.055727549467232705,0.09010981391694735,0.13317779154210352,0.220162751354555,0.00012035283269893017,1.4448007580587746e-05,0.09428768976898629,0.13333745437502342,0.26953242668565414,0.17386660872890233,0.2474857306420733,0.001030544899358727,6.635030493649751e-05,0.03882284746086359,0.15691974232084543,0.0721665546681375,0.005307521483270616,0.16859506208469446,0.07370824273290597,0.041464149408095244,0.10910876385750974,0.007091277001517602,0.13303455504465211,0.11648533132668995,0.1399960409938861,0.02314354128570425,0.002330242999697746,0.1114796614285107,0.0072577093869934965,0.031271346009703826,0.11607687956957925,0.03273959980888757,0.21276601178992233,0.3191069452917191,0.28973343813975794,0.3676992206369689,0.0007265969144790365,0.0523894502829215,0.004425926234145846,0.1258868654606212,0.0
585,0.08704352628608282,0.04381949418367974,0.22211580995164648,0.1998668822293555,0.21922192843951682,0.16954598256491116,0.02224423211019993,0.19382554326294352,0.11088183814065702,0.2692221980402567,0.030364193723213112,0.23572141641857106,0.027009982545997614,0.03009754475720455,5.106251798799322e-06,0.06411657909342822,0.1449118585700015,0.10244196949084397,0.062417495484723695,0.1604339293913001,0.010893952196450058,4.0779723769118886e-07,0.24847159328920201,0.039532603610249885,0.2712583839890936,0.03413063159706387,0.06742487382518794,0.14883127604367,0.18719773635779116,0.014753863116663409,0.1483049424761613,0.1336996751694122,0.16287068251040424,0.052683275144841314,0.033012944377407746,0.124293227407495,0.04650904824350537,0.09990176915600121,0.10847361754276415,0.0011016900769849985,0.008829468253193402,0.053478290088340354,0.23568000483137003,0.09331681302633907,0.16409203851166923,2.0526526114354844e-05,0.07265946934229567,0.11336134896334846,0.23538174722660815,0.0
586,0.11504284744269962,0.17620769911891443,0.3609540937563022,0.05106348292257711,0.2776598897831241,0.08680822965335415,0.006065145901471969,0.05051680161750848,0.07825541721802379,0.009784822627975668,0.007670822252516315,0.16738960423294663,0.08588145907799279,0.014688285217808265,2.4136552608916926e-05,0.012721210584661474,0.09919822602006792,0.21825799468301646,0.03511162217408342,0.2853390681064937,0.16715850564960513,0.0009602928507091394,0.08285952306270335,0.2213303979830201,0.045008507616060386,0.06244628552938337,0.12976192567139186,0.04360371358859815,0.0352912218370999,0.1206831525891344,0.0005549200315744529,0.19843544620106507,0.4130174564886553,0.17776731137078486,0.15286123621206693,0.16519403183418713,0.14756092576678592,0.025438927921064503,0.12266218425640465,0.08703708160889902,0.07233109090246063,0.08934488999638093,0.19260833133246624,0.16866552953720695,0.34090923990775107,1.62612964645756e-06,0.16175520249015732,0.15182555437139184,0.20167198346275703,0.0
587,0.08651578604193332,0.056052905446899066,0.2123552977646697,0.041872874396126074,0.1117692483457102,0.15590828996530862,0.0030591285362016247,0.2790806888665753,0.17368644236307787,0.04734435602698181,0.025108246444722482,0.4512160468132025,0.14515988134002455,0.008537147480854011,0.005454003906643523,0.06650695533746029,0.10655392415814938,0.09574782449693342,0.1338822297210244,0.20943575580083235,0.020286631875174328,0.0019765373233507954,0.10247682171083003,0.13188736407626792,0.054840957799981396,0.03327210425355882,0.17906292843904675,0.06988695130869982,0.10806920904486145,0.05999114092397747,0.06795504673758983,0.15658381414788347,0.2128168306132577,0.3493329442279519,0.042904515272788414,0.019363693351154836,0.08772536984660687,0.0228736670906193,0.44711993987736404,0.09002603918549307,0.09556885740340579,0.0044099268586949,0.27191273040480207,0.07733438238986327,0.3604794052425151,6.90853753931895e-17,0.11990481843095903,0.035189386876169175,0.1964034806259977,0.0
588,0.00955872496752534,0.05989861663322649,0.2754836842881602,0.1101536229532515,0.2113064162950069,0.1729076954041273,0.07980229401546461,0.1858525262491434,0.11002256709390933,0.058260951660061074,0.12598780588731762,0.09970303803633954,0.12029243433766142,0.00013164007269517438,0.00040982391701477013,0.07196531794665166,0.3170366928929634,0.4215793363185174,0.1390328942149504,0.24570363076497437,0.08143144230081426,5.989733736847879e-05,0.1353864097541373,0.151596079071049,0.3749872572809556,0.11226026378203847,0.15563337653343834,0.08673699952261361,0.004399149486212422,0.13199235901273393,0.1206597487335066,0.0823106562956291,0.27997652242942805,0.3368306959440686,0.12667792370835976,0.05964739122495175,0.02805002451191884,0.05537678810030683,0.11831316753669772,0.04643629815935262,0.044386548056607154,0.12879090071618435,0.09575867845816356,0.10645425288348015,0.09225910696326824,1.454555607935286e-05,0.07708016338222234,0.03658639919713881,0.1672678718690865,0.0
589,0.09028511247190643,0.16840755439428337,0.14684966407655298,0.07888637633620967,0.2842214766566579,0.17451112554569584,0.10674352321574344,0.27554995039049524,0.12731648937829215,0.0370333641644982,0.09437251750257757,0.32737655309726565,0.09583546205333686,0.005252809522917326,0.14566426292519252,0.054722235768512144,0.13298158426549947,0.09268545975399314,0.08083332406278919,0.2724613731065442,0.025467668619048246,0.033652922602978766,0.12772554211430792,0.08060080026736602,0.20003164320495084,0.005752256562285959,0.41756820413477524,0.05162940633676447,0.015427306766399555,0.11987577401607616,0.005162676983815361,0.14450564708698752,0.20905474259565246,0.024443937479484708,0.10242748394489322,0.01033747501007445,0.05097348459761836,0.028121583053533777,0.1011654821455896,0.01736699632918852,0.059983279574320855,0.041743748464754975,0.1615425404604962,0.09363405420665945,0.07996657645936879,0.020993799269154786,0.09446670883518941,0.044972922897084495,0.3295194704085768,0.0
590,0.1592589829790162,0.07417701316857558,0.16624697444282538,0.09940921122280809,0.3146504064759431,0.1751020358784308,0.011711112331574338,0.23035372094740802,0.02229837627964962,0.002195332927382095,0.061219281738281416,0.2778423454712717,0.21063074005233406,0.0036470997480709086,0.0036098398558699423,0.0009298283133992327,0.21702727652470988,0.1901202389772619,0.019424463855923745,0.13332573842181128,0.0004042523003132641,1.1087079659096475e-07,0.019862396508034643,0.24062811279284566,0.11379727831120857,0.005265810807078387,0.07489653669294909,0.20633046637187633,0.03726766459874341,0.09156819942288517,0.0850490378222205,0.10503650747169314,0.09049259283980672,0.06521526144944004,0.09413573756928174,0.013782273826620681,0.03563674121028288,0.021980438023962424,0.2642624011366943,0.08272060986219316,0.004698002620603323,0.2089516871802466,0.3202587560167484,0.11841047394545015,0.05203582545200684,0.010306338755881888,0.02497370599898748,0.16530167033549018,0.14200109003151282,0.0
591,0.09919415377863744,0.11665214662155923,0.1876312550182515,0.06886131011900623,0.12627511002775763,0.07102897620386608,0.01165814081247165,0.15941728889444595,0.1726547858011212,0.045373192223534455,0.02272715844858786,0.030462820782872733,0.21809687986397414,1.8899215166750834e-05,7.608816777909369e-05,0.022419458485800604,0.1784830453882924,0.1602034180958667,0.05674878216942561,0.06753904324341412,0.03694612673682381,0.029916664454886558,0.1747696910314414,0.11556328236798705,0.12744584994348396,0.03173215886262646,0.1965810064977747,0.05721609429763994,0.003593674531481834,0.1893358948198549,0.05504561056274483,0.005291331526429253,0.41532727515503187,0.25694607583603457,0.10648221302507742,0.14149869117769567,0.15917688427406082,0.02366578626637248,0.22840379602967792,0.04424096225581196,0.037424491860410344,0.042880801514952625,0.29300254046254864,0.02830146768091886,0.17070908820406805,1.9400607781158337e-17,0.06029010021976311,0.0023524638412923448,0.28592009488468795,0.0
592,0.07025844111346828,0.12905738500580594,0.22236789772153323,0.03087421209412254,0.07046994637147463,0.10389996989279299,0.0043278498408724515,0.22174634332229395,0.11308228746910637,4.463453822920204e-08,0.022936600039578134,0.330118144229897,0.22660647812506368,0.007208798535556474,1.0286059398983392e-05,0.0980751616246521,0.27440815974093025,0.14729021345261642,0.18079706328956288,0.04928363693337227,0.012190071497895518,0.0003605714418011926,0.18964734040996434,0.05234578339552113,0.2828673331657832,0.05187294856602101,0.2584430917659687,0.1731449336322958,0.015679869064884357,0.1245262202579287,0.00025131318409296144,0.12506818054075977,0.30209848792195665,0.1661929769111745,0.0705396482231167,0.0050345161545020875,0.24166017037390633,0.050646962971769544,0.19707108531348874,0.08186040912782645,0.001540872912975663,0.011819055659623047,0.3045812161365874,0.12468617565498856,0.2114499607155551,5.160594667511585e-05,0.026575146799839106,0.007050724122886194,0.3893027341685902,0.0
593,0.11697967052353675,0.22173988597994523,0.24539807182157938,0.01990771853024118,0.22529592274577173,0.10454589830303736,0.004207643975812573,0.14247226431329124,0.07568266559044318,0.006515860868008444,0.004318693914098706,0.05233680180996956,0.17280427057614306,0.02873244843187192,0.0019834017102191496,0.10856559960179357,0.2807324715483849,0.29513907431582953,0.13539904904022587,0.15852683934040548,0.005930528107276198,0.0073155202880463505,0.2022733616842024,0.09598760831574128,0.1064740752836299,0.0878332314430069,0.06796940164551542,0.11105743232501271,0.028896425583863506,0.13561821277445346,0.13625540950518558,0.048722156908820966,0.10335917544729167,0.09561444114117454,0.054727515591224886,0.04154095079899531,0.12639678793127973,0.032050435189808886,0.3147152830608711,0.04382461398036129,0.027160879043960775,0.02651169779703355,0.08206015816207549,0.09576108041433225,0.44091911553366847,4.535219884269187e-21,0.1743160267490857,0.07581341931661476,0.07332526569802078,0.0
594,0.007949378616775176,0.24880339926823525,0.14858986556534196,0.19053792737913436,0.29878021661358845,0.20337576932842316,0.04468711301215114,0.16765198212216884,0.024132261414850382,0.0015966152841157375,0.01712837840213665,0.1346757034388167,0.3882023927534033,0.00046784306622034145,1.8697159763508823e-05,0.13845993369607593,0.16145819765757674,0.182209966084275,0.0807036515517821,0.14896475426447492,0.055427116468691216,0.0012951309774460033,0.07640133395456354,0.04383808413384344,0.12736967679468872,0.0006156794520660175,0.0887576120269737,0.1912577202070945,0.006702479494945827,0.055937982977457106,0.18371714961976723,0.12842411565309553,0.16450142494162007,0.07598343486907086,0.07529999240926644,0.011542221096728767,0.1487009902320051,0.015581151240023171,0.23153941629598218,0.07563694804879222,0.08282621983372244,0.08658712303447401,0.1528986617883087,0.013865008073867043,0.10831472443499941,4.022055171567767e-23,0.16071644720864708,0.02459604504860994,0.24325929023289744,0.0
595,0.14939522464323693,0.1512155071340715,0.07569929992729194,0.09352989165945207,0.31226220329216225,0.08719022611167083,0.08725549066172492,0.16090576034248963,0.021211908954756227,2.8638460886669596e-07,0.10985522531322148,0.10977284717673441,0.16111988401662902,0.003924056163563164,3.343483977296454e-05,0.01819117585738392,0.37178839744200776,0.06870368126944762,0.1289577651576487,0.12943199440939385,0.11949383217526212,8.63172201074303e-07,0.06624877175919336,0.15132714725629556,0.04182999996297843,0.02722180789903776,0.13361809477045408,0.10558707389688768,0.01039769743245716,0.1106662174116218,0.026372709403362275,0.5059910096798649,0.3275807655545766,0.19784936414053905,0.3003956229570357,0.0012801470088692696,0.041498215305497445,0.104512988035089,0.3222060180312232,0.031732457205457434,0.009923540374033396,0.038397131526493045,0.16618020182405688,0.1575456571183646,0.2096089223502803,9.186479438011361e-10,0.2026177112829842,0.0006887298096197136,0.04132508548454585,0.0
596,0.12229408246445897,0.06582146138124645,0.08522538260650174,0.027703683993797037,0.3309361230340174,0.04688241795021039,0.0014251591187475787,0.19703063137428153,0.1094354242903447,0.0004505345891683253,0.02401743978901638,0.16717731904821284,0.149217083076275,0.00047684106882288287,0.001101450260271449,0.09218407809552141,0.1794376431045133,0.20217496109663585,0.07102816016137124,0.0904706812225614,0.003784516412767044,0.02327665575431094,0.11838110060881339,0.02696320409539802,0.2185836204618133,0.050430418215277675,0.12992057221369568,0.11049272862621158,0.004310630951475135,0.02237051387710737,0.006392711194213191,0.05311899197552305,0.15632934931351625,0.14811636194135916,0.18118298908087851,0.02755934611177312,0.029718532759033894,0.01993185866076802,0.1833429915859985,0.11631184948854596,0.12999917388313698,0.036503102572071386,0.21440853836472534,0.05279191396029424,0.09327275630090473,0.0024854477905897425,0.05962577008255589,0.0919263346731466,0.26036478433219545,0.0
597,0.22976696312211714,0.13624535081316674,0.2825287224615023,0.010828047549729686,0.15432528708175483,0.2325395026685001,0.001998326078164172,0.08294451754936956,0.07951743921685217,0.002433481723610912,0.05871338190254744,0.19786389814977864,0.151450464713983,0.0035076427373361943,5.990857243134139e-11,0.011239274479326369,0.15743948326341806,0.0803532958985455,0.1281510988266692,0.24088362192007862,0.030499832299633364,0.0032582165676416776,0.05809597974149353,0.06564172241641875,0.014711052113828256,0.00607470304316418,0.28034515823058404,0.11010080336055032,0.003860838343352208,0.21132338159980465,0.002337710427180256,0.23733394782505268,0.07873160133529088,0.22423117503068504,0.09252568422172212,0.1091840007956133,0.045352781472836896,0.2894823343216455,0.2195466265592664,0.023599149417981285,0.05954525741540199,0.0723643230715476,0.23761191872564208,0.037671128010207715,0.1318327457480163,0.08319740889034213,0.048864789336244614,0.0015013103470799115,0.18453535614100267,0.0
598,0.09940435768685688,0.23499656700502905,0.21729778610692302,0.035123027462168686,0.21644955354570183,0.1829550947410865,0.0113240808560955,0.2691288954433809,0.16098830340525816,0.09214883414147614,0.00015508592809267897,0.22745466332729378,0.11754028865623432,0.005595531218751873,0.013994629337322873,0.04300439710743877,0.3107193761478026,0.3089432875913843,0.17355659518479774,0.0872204775339077,0.03426986096050259,0.0006070513401713886,0.25884073944045705,0.029366168119058324,0.2160275344046682,0.0008790230797136627,0.13741303372765076,0.21096474122097492,0.026478932962033852,0.059824077625003726,0.005641125778945776,0.16555335092090603,0.3534715066045217,0.17808419636268055,0.021979597357780822,0.10443336603664512,0.03984857555522763,0.05194726668423286,0.05689626756533836,0.0033223898800298288,0.028576793471396085,0.10070076562941394,0.35875004547164885,0.17145977375489957,0.0703643753742391,2.600901922730018e-11,0.07790311659652835,0.04631643175050136,0.1409727785036588,0.0
599,0.12736928954922358,0.1520434242168084,0.2717282819412903,0.1671363628472932,0.13575653832189746,0.18030660360991832,0.010341125258525782,0.26495472082804766,0.12125757877503146,0.034465123450335866,0.03276037026841483,0.42563978540037073,0.15148840248799303,0.0024548382830786026,5.733667640865243e-07,0.07420987854462652,0.12225704120494423,0.14495701552345835,0.06562059205284426,0.08897207273372339,0.11687370868969305,3.6359210344769986e-06,0.2173329746697935,0.04874699297863509,0.12162819133502421,0.023427264308222426,0.39471672912072003,0.1136893781475579,0.0007154563881392036,0.055945680332152914,0.015408354894515591,0.13687366005045518,0.1892740085750298,0.0756074890996365,0.22004926418532794,0.011258885690266179,0.09205104497530361,0.1994178218270999,0.05064397317579686,0.03965008735704865,0.045646055898160426,0.10237650915450927,0.23596468776567672,0.27957061913158615,0.04847871305388578,4.950657120456366e-09,0.12067311803727994,0.19248520331435753,0.12083180615500445,0.0
600,0.03811219206451204,0.03610467962210815,0.28308139658556547,0.11612422869147773,0.13981610209239112,0.05840036033807233,0.06721089447932473,0.15255049461281855,0.06216456458556596,0.20014812618482655,0.03338390601689795,0.09547920535078404,0.14615276184374734,0.005911731589240529,8.716236353549379e-06,0.0039452913511455225,0.22133004165306128,0.21538597649016103,0.34558134935766566,0.1910705364990444,0.09215424604227587,0.08066663248942954,0.3595861662300913,0.05611109559693274,0.06159605231521355,0.09104283111936706,0.44216068697918703,0.12895384907177895,0.009993782503828756,0.07685736573374798,0.024825701663521143,0.01646774176911498,0.12675170159192253,0.3518442545193632,0.04497318905868283,0.00022114016514986523,0.04773030957667721,0.048358454460203516,0.1597576408238192,0.0024336341000665983,0.1095594403328163,0.10575205323925138,0.10572899680953367,0.045386668666902684,0.3216805020105295,0.009847480318829623,0.006095577299213153,0.011875632708198443,0.11733794287978028,0.0
601,0.08466671801411553,0.05261423901435812,0.2789654298959029,0.08786781519241194,0.22113052095200697,0.05355082700314677,0.00405995302829891,0.17632219639157726,0.05998177447712684,0.048605192959815004,0.044574523076286024,0.40283073494056637,0.03513237007383864,0.001465688471375418,3.906755594961002e-08,0.04347721178455813,0.23745567291830644,0.1543224396664551,0.08063358035495552,0.1618138942962844,0.014396670485485675,6.405741658536963e-05,0.26750183620109436,0.09112141938274068,0.04640613059905291,0.06755397173491377,0.10191952211611828,0.11047290756443207,0.0016251183846260797,0.05660264674837949,0.0005913828274017236,0.1290172937116191,0.11912377042009487,0.30235944998621134,0.09519747638149205,0.06593025047533042,0.01877025763713818,0.1156396794751099,0.17021942164562362,0.0015576418230034124,0.12012113611762393,0.05045111479688387,0.2450516744676492,0.07821521456591624,0.24563616481769146,2.2678862252380015e-09,0.03222250731776287,0.02424383850133933,0.4141048635484705,0.0
602,0.012747625582352748,0.2673219173563044,0.12273082094288613,0.2160294917706223,0.10014403370787692,0.16556681739974005,0.14291436179508474,0.2293408858546512,0.03920862846367174,0.04249647792882039,0.09032191471755656,0.24501595233653853,0.06733448476386425,0.004683367873548257,0.0008163840164561309,0.12396456592137221,0.20027376458823126,0.35151289176756856,0.005429675577617407,0.19232492487927608,0.0019321775733473687,1.6879588528536393e-05,0.08453271717250142,0.10776729168551318,0.0919370473363309,0.002513887979221616,0.16369922018876476,0.18862110338956692,0.007763420869380756,0.1369399759522041,0.009642163312354575,0.08014572859975011,0.3125920677846622,0.22008894651428762,0.08892013908922708,0.004984805185753649,0.0652204287177834,0.10624400709082223,0.08532809388156212,0.003603398978583833,0.06038047102808422,0.1114804079045215,0.1978277975867691,0.24676261792463566,0.04901116554164231,0.005800293456643638,0.09961075034436499,0.03198079015863711,0.3252611760948949,0.0
603,0.014071161267504071,0.3429667308053081,0.11100900502156334,0.2620405239658778,0.2540790495149081,0.2327922190271707,0.016618083837070693,0.11060302673294392,0.0512322843595937,0.07820318225791403,0.11060721876971372,0.14442820376166032,0.1961579461953756,0.0036318306253763028,0.001088836146617424,0.05340642238934521,0.11903308799956386,0.17717123565585455,0.12427287946920222,0.15530301796175652,0.045169763740150554,0.006874272887547105,0.09658099286312084,0.060746914880211,0.09118059047392338,0.016233947321964717,0.06581859945567448,0.014747515216041627,0.0027048697990959968,0.12781842723333614,0.027906724765794817,0.016369548250999462,0.23496804028948895,0.21974176761335565,0.12170209292077144,0.031857425480445054,0.1233745837447648,0.02231465859496285,0.3016717253163065,0.07704422715338753,0.012194003629730225,0.13309903237336604,0.0655253445827281,0.11693594545742637,0.1868815032350147,0.00207363226257547,0.011435476742941493,0.0015528359300558956,0.04467493581317112,0.0
604,0.08409877429500028,0.038405488755095626,0.05631730555973902,0.09581061132441869,0.05314141970826272,0.1489538605278974,0.08819965293998579,0.088078599026545,0.10273912793843154,0.013598689344514605,0.0011370822549532195,0.4186805272539376,0.2031656764656331,0.02896047518255729,6.208049064390239e-06,0.02402265485661454,0.10065714230239779,0.3117447882306449,0.14913312815403676,0.5251178371564579,0.03686494047605205,6.105236145979217e-07,0.14614155228893314,0.22349588624020192,0.0613160656142861,0.2167896222739932,0.26265871764433507,0.14598577536906532,0.0025803354359343633,0.1449419989054222,0.052724746650285224,0.05414808334742965,0.0351487400665245,0.19898969051331747,0.08218550931076823,7.509659736156939e-05,0.05165099183247307,0.12511092386633657,0.2129647243093942,0.0701283183378873,0.04735485934887094,0.10731914431488555,0.1570437520291102,0.17746548980044619,0.13754947141036417,0.00017548627802740755,0.05100860996973503,0.03683679512683251,0.07385934584052452,0.0
605,0.12376324235819594,0.1175119285956112,0.01976539843833201,0.07729236193462,0.1846699777567229,0.2394573146068616,0.07460522273209566,0.05949437164639856,0.060682626356597116,0.046733603817371856,0.12224683985170706,0.19937480230585955,0.09071661380253285,6.72527843262018e-08,6.733828415177494e-08,0.037392292431983304,0.3720951280863013,0.21454866060529337,0.019037885744204463,0.15367844516817727,0.006359705664914867,3.9219263813089984e-05,0.01581523869813326,0.20880760833396456,0.1994252964642112,1.660262521866517e-05,0.07080910079385475,0.05363137123287258,0.03625105046351966,0.07997573722236552,0.002271115011376986,0.058359547790569434,0.05983402837775788,0.30381624788278744,0.03691751215974075,0.042352661130154304,0.03433015575940115,0.0924111031034973,0.06086371421079399,0.030647526165579125,0.10783671084125299,0.18751629326687785,0.19203057828557374,0.09032620662492313,0.17506115190839747,6.892526130261193e-08,0.04941006580588252,0.004754088335303258,0.15498539067183606,0.0
606,0.07061782361463344,0.051795512174882784,0.026883951365684708,0.007512698830837366,0.19513187389272796,0.22477201535274868,0.037871361637603906,0.13833281373917994,0.01566712682465851,0.04954971338042305,0.028681370490930294,0.3180659194279065,0.14222417097070061,0.00041780345456712327,0.007668369917077126,0.007846427382732918,0.096965063588287,0.26064454040747465,0.25867600244251215,0.1482971814419773,0.051864900370819055,0.014722710649502091,0.07567691551110625,0.20539616866115187,0.17302377861115378,0.0125508878379083,0.22472209422584258,0.06126275488554088,0.008988160594790642,0.0385151297687461,0.07564146206152478,0.12922215457654335,0.2242107873153773,0.2675208023362548,0.1098938625613242,0.022314408293656947,0.015517609942842911,0.005568910054884898,0.24547946910463042,0.0001274082672401838,0.10093162731280755,0.11696302568909178,0.11541680701455191,0.023934264513754654,0.41025617090142324,2.9905211786499776e-09,0.1418504633165023,0.12357058996140653,0.12630936576556379,0.0
607,0.22026125315467146,0.08796214991161436,0.18365563962579337,0.18219686201487062,0.19956495084835588,0.24635801142887945,0.06669515993672634,0.14363665827504,0.09038793264907695,0.12733019350033298,0.011614476585206621,0.15640896379973138,0.2861571343860375,0.004014545235791995,0.0006981867312528947,0.16404609314061241,0.16235406969879218,0.3288987387146966,0.08208428465767907,0.07633312229370438,0.0048239544659012075,0.0018324799766687937,0.022662886630675838,0.0644719946122124,0.07909423121469057,0.008912588374842203,0.28664047183144264,0.05008648691102896,0.08144483758192482,0.17854586259494867,0.09019556462949069,0.03976983090423693,0.24651093688456424,0.08463621212066433,0.13365267455362692,0.008931247313167433,0.020504758679551646,0.3368419447745702,0.07302327702100156,0.04290364899223636,0.06861387564891226,0.03237303045919908,0.22272566865323382,0.04283699805814981,0.10907099499257203,6.942897444603205e-11,0.04820348181873545,0.04733885370800618,0.23445973965584324,0.0
608,0.03819581527133633,0.04971685006973681,0.16392055082061574,0.0898007537087144,0.10415092929320378,0.21714948007567128,0.04281018400962303,0.08348758996615784,0.047592206859947354,0.01472005051337067,0.050110929439400015,0.12434942646915072,0.23460408550576337,0.00016349491171869723,0.02273601043087739,0.007181974329096054,0.06098577597749642,0.08487652893334745,0.0721889693161219,0.11757613761401634,0.08016544017316352,2.7928160518923065e-05,0.14670318172025656,0.03792766381526017,0.08964849973640045,0.033315952263938235,0.41041648636300254,0.07714946139602621,0.0011396017744818715,0.04964393475699196,0.037072756723638065,0.06146723139581854,0.17149389851715524,0.14455893914700263,0.04639348459389554,0.04937434331320584,0.19431299043206182,0.03430676567355461,0.32615069041159034,0.039012562220256786,0.02604405234922213,0.10528404194718013,0.314737899338777,0.0683091117243427,0.09542413217868437,8.768926016526124e-08,0.06795575570013611,0.029558097490285117,0.1876166409895923,0.0
609,0.06723881143950687,0.03785201790591163,0.16571348285201773,0.2449092494700016,0.28299941571453513,0.15366257687541174,0.0009152214863053228,0.1796943508352421,0.0832431365237465,0.01970418816080132,0.1779737552257626,0.28418725202368134,0.07300528845528224,0.028081641402990475,0.0012844108240616687,0.01668163887821607,0.11736255507730173,0.039890418269339,0.057547799846667275,0.2910029343258366,0.015475499461771364,0.000586325770430837,0.09208441173808861,0.0366137725551387,0.10589392601041724,0.06285990325990579,0.2585946818166063,0.06238237668971682,0.00811001035076023,0.04409822557036362,0.01389694392471944,0.071897412540985,0.38576921518088925,0.06164673169186844,0.13224778421100045,0.029847016227670543,0.0953759717207253,0.039544611884324746,0.12263157672106628,0.059527948080172484,0.04968904547630188,0.10347530332840259,0.12553085156825675,0.19388726403759218,0.25556669736275167,0.029850089554146704,0.05456403463113853,0.04495845297302224,0.46229309862221635,0.0
610,0.13972835770295433,0.11366392122985933,0.05235408458876222,0.11392010268278066,0.10100349163292166,0.1304051338710706,0.01134938304341414,0.10731119559504444,0.00806300966251513,5.9462863750323084e-05,0.2959880118363346,0.25732138759321815,0.1873593882685664,0.016817619283240555,0.0013146917165028943,0.06047410864516111,0.20459289398823882,0.22959880489867834,0.06670004369205881,0.16760443348665388,0.012767644963727395,3.502312149370204e-05,0.13323287819173651,0.03821782513757045,0.12200644435640816,0.030799052505556146,0.2834313700827974,0.12214454296195434,0.052117513091311615,0.17941472905835498,0.0008307613942287258,0.1810828507639203,0.14830249106590038,0.24707647742808417,0.1307785348450178,0.0007743854026344522,0.1124538422760269,0.01956681605000818,0.12922535490472992,0.05099160882092859,0.10425114966388634,0.10694596193641168,0.11222414214344315,0.053060287687064306,0.3372620018152369,1.3068211427654456e-06,0.06470811176925183,0.08581601879412373,0.2028202258613977,0.0
611,0.10573547849602112,0.14279750241290787,0.08600542662401833,0.10936480074659198,0.152786222951196,0.03713937224134983,0.002681612770823108,0.20094088165966092,0.050445020731295344,0.04294384420472329,0.0017118717701864379,0.18687105399734544,0.07735748751525948,0.02331505364160009,5.366637900652498e-06,0.028376959456428923,0.07554503490979014,0.11203643684279463,0.040542512485726864,0.2131268942039758,0.07701357731376168,0.043371946619351696,0.14306694510618856,0.10823929600937938,0.1068024607693794,0.06940027585482376,0.22910208457377726,0.25119464128232954,0.0006648401637717635,0.041734361906915,0.19278679976193513,0.02359253572474756,0.18806219662229437,0.048893864705326084,0.2082058133113052,0.013288233900555581,0.18894408161413764,0.1348762847022905,0.1204298710946921,0.09127635489512244,0.020711636392416317,0.11899419081243093,0.3128256911436542,0.15835283088851052,0.14496158147280724,2.480628144511759e-05,0.03532385451478354,0.012626153342484068,0.26050779714678524,0.0
612,0.13838367961740472,0.15438069216187153,0.09299917860881517,0.007560671328746327,0.22806288508644176,0.17345125360602862,0.0036244716704985245,0.3306330188213802,0.05213146670391486,0.0019004842430603913,0.052790048066984986,0.2969418062693423,0.3209800334933509,0.005879174442741417,1.089699637252473e-05,0.008141973823139878,0.10419739755333968,0.21140084673680085,0.08860673911383488,0.09344398252511274,0.044338105794445706,0.00046055094433355113,0.07923752203715988,0.09149963908389194,0.06419214525092974,0.05151662287156527,0.24142950152102385,0.045574215761065226,0.024007149555809754,0.10363252937258764,0.05904201005791414,0.07044905936218511,0.32605606280760063,0.23910421498654535,0.2852283569618696,0.09527897165633077,0.007327513919339588,0.0573546600826147,0.1570482492113908,0.03064156730917504,0.015307001298232028,0.08401713015677725,0.13387253184970785,0.2996544374476184,0.3862387431579905,3.0125078398331526e-07,0.09734915107325619,0.014108359578053162,0.0853856210815388,0.0
613,0.11639785732837736,0.0676964819048152,0.059848758394659834,0.012579866201917362,0.11783532484105812,0.12735567804508663,0.008428998008574875,0.2711102762708447,0.1474430750959357,0.006338986927567302,0.014937379194845007,0.2636482953885575,0.3421015631582022,0.025080913807335858,0.0016906318883011338,0.019525149673881487,0.12090768483918739,0.07170606409669118,0.18092248046437284,0.08137173855028294,0.030924081151529517,0.0004372921497389584,0.40221514066607783,0.043462026756592304,0.22434176786263055,0.01915844625821605,0.09592677252161878,0.0467603303030175,1.5576422827321293e-06,0.07042929905989907,0.020802577856128355,0.05692300337994391,0.33070950351259504,0.27186904683268925,0.09772670245443021,0.002562023209085079,0.12345296529019906,0.017950521646277133,0.3311547525772353,0.017378451410674102,0.04526957271166522,0.17781059021163462,0.2990713918491129,0.05820373238124038,0.11164981174027044,2.52962259951368e-06,0.05637595261308497,0.0003812466394920273,0.3083690150831972,0.0
614,0.10859280520361962,0.2706573961612714,0.09677013981839298,0.08187559125750868,0.04877581528211191,0.32855206321851466,0.2707729879362954,0.25760818133396146,0.19999524397578824,0.027081699564265878,0.029555805334036712,0.2150833901023851,0.309128933266435,0.008346696485502549,0.03751755446901718,0.021394031026274744,0.2221229146274966,0.25930400442472584,0.22477916639907045,0.07946083602738377,0.13237461613040194,0.02564716951097715,0.23515345427707465,0.19420646569933112,0.08834480519442937,0.14516356454178447,0.10033804183411194,0.06836367713166225,0.03478358335399864,0.3022813157659209,0.01810492186765993,0.04315431047385744,0.23096468845388415,0.12087807855230454,0.114821545654962,0.009258099604383382,0.016612034519786687,0.011406863039225135,0.2086162784817514,0.07603562382779769,0.0071599933849504195,0.1402626093707323,0.13619647222874415,0.08948806064106157,0.08401995439004627,3.602836710294399e-13,0.057032265909271386,0.00223823214544917,0.1473795015455678,0.0
615,0.2217156690047527,0.1411743898861948,0.1719179987080163,0.3227159095241379,0.16867781268220558,0.1004211358085131,0.00016594288837751633,0.1775386188919646,0.05708446914890786,0.0010228007663964495,0.028412252456485893,0.17162528467436855,0.08233379513665473,0.0006400203383056257,0.10060794999869034,0.19164804492584772,0.08148457994428834,0.3590215166262347,0.1371837506906231,0.28796497427901896,0.06678371505709368,0.008283889415240896,0.12554089904651258,0.030359532209518172,0.09855238490323487,0.024009494255470543,0.27196664054379427,0.11152613410033388,0.012502117362123973,0.041662456667009254,0.022561563683697047,0.03928253186270137,0.15118236494031084,0.13736198401442085,0.19440443385165052,0.1248760078410531,0.010640672655363611,0.09470191637064013,0.03888319554341357,0.07342412182382006,0.028699288278070393,0.09191876667036188,0.04758076464640096,0.15410919908705964,0.0953396750027072,1.6532082562245174e-05,0.03936171138121259,0.008934905177912792,0.15676953126600532,0.0
616,0.05385794163421939,0.07282216212786673,0.07839803053686455,0.023123526817986618,0.34084389209414684,0.0921425852447648,0.07066830129245483,0.14954604367113414,0.13189986451050326,0.008114142149826304,0.33132533907294126,0.16769902718924865,0.21658603252185576,0.007997884212383448,0.0008274251760790356,0.012946194256746408,0.2215201834930972,0.12177470357192459,0.024455476945760952,0.13422648932349923,0.04734914593602925,0.002333081021976442,0.02622570301547342,0.05602080080999417,0.039755070384228534,0.0036479893567984284,0.12007767640635948,0.0831239248141659,0.008170975669231462,0.06754541458773017,0.0940689212394904,0.22258774477289228,0.1363638433039992,0.2080611065551002,0.15616458576763068,0.12877117937301047,0.1256821366768812,0.20435986396779812,0.2467026939413458,0.005602025099688391,0.011505707760359366,0.06941066001937904,0.2956790417146946,0.07218570047330003,0.24125686136145424,4.1022553791306e-07,0.0066964532490317195,0.06916486697587164,0.13793957375025756,0.0
617,0.11644701958365854,0.04011598125509088,0.17359439393507653,0.0526946401227345,0.17220101242880323,0.20546015081408778,0.023879207212883797,0.1763047555674218,0.1676999140823208,0.06539127189592887,0.07693510844133741,0.2724525974018926,0.1773567691909932,5.0328449985547586e-05,0.03384585597880899,0.1211119763172688,0.26641844022882577,0.2559424424285977,0.08510543343792767,0.0669409445275537,0.045953854405475336,0.00850192540429198,0.17307877807330294,0.025747470398579497,0.10529022408095096,0.030285894115759295,0.22854215193225055,0.25942896805045107,0.04097836389063108,0.0391742457455783,0.025430244866525564,0.28341314532463846,0.17683972523860603,0.1476314885178604,0.22002567319505983,0.04302357177766385,0.05609793056813984,0.081236960805982,0.20776602472263025,0.09098575573690061,0.06672510972897465,0.28639442368245227,0.16532303266779586,0.28804161284136526,0.2236739155866208,0.00439648112414947,0.10640061372367317,0.0074494974401318435,0.12367535153874283,0.0
618,0.09632150104213782,0.05616332411977407,0.08382150930953382,0.02681049472071005,0.09557868589765582,0.16835260777654665,0.0486222436154989,0.22894225725389472,0.2902749238731099,0.0030853336464677404,0.032251934348297324,0.09367406826591934,0.18114172709113707,0.024270525930527004,6.0935937740271305e-06,0.011644308169177131,0.22790280485177156,0.09189530084555161,0.06941576687277481,0.16410908679598116,0.02128997456257356,0.004919272637470323,0.17577633271014756,0.05195296793539597,0.023235492905178453,0.041421808543358134,0.03642020856666888,0.0472331836085039,0.0013262824930132015,0.11621492090250325,0.0037149550377355164,0.10178365943745446,0.2127910569681033,0.06087013060383318,0.09228099791873362,0.030531624065990543,0.09238173585366032,0.02364005732872394,0.06731267211355214,0.10920500796449728,0.01857252742826131,0.011760266124603382,0.11957320715826476,0.2162606756410538,0.41202911627669037,1.797079175569769e-14,0.14600364475309272,0.013673163258326744,0.23166598455518692,0.0
619,0.1212146795173477,0.0619549170472886,0.11770811216061704,0.1190101552290603,0.16360151083018826,0.2807286905411436,0.035928862824609685,0.16368331921714788,0.07956826628794096,0.0009427013234862858,0.13008444230829344,0.17727874972283522,0.06191683599777625,0.05348832640455668,0.003648554597029655,0.005182449863920128,0.1555161444368744,0.4075220787965855,0.06780484413389842,0.11315160760940454,0.08647666881703019,0.0008930043835632358,0.16672577799336225,0.03621983436591484,0.054762692565963625,0.000536249144213388,0.22545074570753132,0.33424212644178386,0.03216000943289608,0.10047550325529439,0.025642225397375346,0.03447393752731752,0.2822607196899441,0.23566906693036138,0.0981682053018452,0.0924899038376542,0.11545287684712498,0.016682454391492508,0.15536862729163592,0.011995664166689025,0.10319716311332879,0.07632351561907348,0.12252384117935598,0.110486826609916,0.27473119881268776,1.879479387060073e-06,0.1761994445910561,0.040185543698409584,0.1171985326163368,0.0
620,0.161821820289776,0.06589597411851235,0.14956142749815823,0.34575780032707376,0.1158424130699197,0.039923997785338,0.02281869082252555,0.14095689456597119,0.07682245596874925,0.00020649652385445696,0.005819482793215427,0.2932347923263654,0.2506669798410464,0.06309779992704875,2.3111972784582257e-05,0.0036835006226278036,0.30033437678323943,0.11547410512992322,0.15199216724393474,0.1768031809601643,0.032074461706325746,0.07748710068179228,0.035822873103919545,0.05943162517260966,0.15540836554025692,0.00634579741185627,0.1612906382937559,0.007042511736383625,0.05065456153385053,0.1956995010786931,0.019916887465023708,0.012007005858848977,0.2525286632450656,0.08711663355124495,0.017934902949117523,0.000185494518804563,0.07675793648470292,0.009780326879078904,0.26344722472257337,0.013870056623257786,0.07082784123510487,0.026815305875592544,0.09741191754539037,0.08015831049006299,0.10804618375020136,0.004476756524018954,0.10879083831177704,0.021035664422317434,0.15550882073390515,0.0
621,0.18440956427907884,0.010155655497879897,0.09620121695700438,0.09563128116120573,0.2163654124094299,0.17418885821200633,0.03603504577286664,0.4157138054107773,0.1734838010856844,0.001247606432673172,0.03968111867531657,0.09928349271777392,0.06822852561728425,0.008784165344097634,0.05141715955307505,0.006781786894054416,0.17871150305223826,0.056498613541413306,0.0698527593592233,0.1699330482744222,0.005504997977664046,0.021468437167777948,0.11790702909247004,0.03426990355587685,0.03174804667637343,0.03566842184751001,0.273534052434729,0.09585642972160961,0.07383608470040495,0.1734852487584505,0.00033349015406933816,0.06863294934467522,0.19817936740173725,0.07413462119277116,0.270494928554841,0.006120774461176085,0.03475570928165635,0.06636517449470156,0.20888026423935646,0.040445642154562596,0.07726741165928379,0.0533521228687221,0.19196674445518516,0.02674643849893125,0.3016774815730623,8.827900501426856e-21,0.053688360484288926,0.06511091317162813,0.14848613016773235,0.0
622,0.16800726468252453,0.10798615589706631,0.07573735275984896,0.059942964386026865,0.0534617740332501,0.1669061534218669,0.02085194765899218,0.4626839243460718,0.2913479385894478,0.007381112285597628,0.015406364750878688,0.10635048313096113,0.09022818993001484,0.03671228853226096,0.018617789070998456,0.05345556517087674,0.13337601146688172,0.31062006304592676,0.1964313080667065,0.16659474844690153,0.02023941498370927,4.1837797935397924e-06,0.06916728037566909,0.08556304078571801,0.030996857842647253,0.029687258160192045,0.1706075681532402,0.018031840410135898,0.041128203288208806,0.24697863043782048,0.030583238922022738,0.029858616690332008,0.1361315205080876,0.040023543967011556,0.27840412988388297,0.025068117165908954,0.01847775536240854,0.02106658241738534,0.11933479829044867,0.005958277690220823,0.005636477555556395,0.25612366772626044,0.13958428304742693,0.17721438291505157,0.24390074436396372,1.9440820337626533e-12,0.03245182325868414,0.00485567447617104,0.02358638596755788,0.0
623,0.01955772907223194,0.07979917758622797,0.353533986001723,0.10142646398608239,0.1725011717144743,0.26641651494910773,0.08358903105942424,0.14466535737681407,0.11385524928435181,0.005890114769846975,0.07495976803064687,0.2941276689932415,0.13151077597107752,0.0012275346421716648,7.900936185903357e-05,0.034164342354018024,0.19255923946842723,0.08240270397583489,0.10260840192852311,0.1371206427175487,0.13999370990419643,0.007528354033216183,0.07464809838769469,0.3308124982391124,0.07550794225336946,0.11157537308960822,0.21561873923317879,0.2610732911042472,0.0004950348323664955,0.11122558066739072,0.004290836505131223,0.11821842442079832,0.17944537051231324,0.12394066565694041,0.048021249699305914,0.05547279269737138,0.30036356735564174,0.008838567199750031,0.14399230550303335,0.0005545782878615024,0.03594701320617967,0.07447395466000904,0.15213793858995564,0.19762361982247117,0.18086871235971277,0.0002778889221420986,0.027465084294859016,0.01824698251286007,0.020617000303173545,0.0
624,0.08780298999195423,0.05395495461119286,0.3096901587134425,0.04801508352173684,0.13768902121146556,0.19809050005748804,0.2287074352249071,0.2838313051957839,0.031462191784571894,0.011877920353613614,0.02443172319026302,0.11860043357255275,0.19555419463724683,0.00028667268603151894,5.724052913194814e-10,0.027242417860576035,0.10744550831566484,0.1288759226271361,0.15319719504068613,0.0754109876857592,0.10003337814085468,0.001191439764924114,0.3165251521615734,0.14877436140989636,0.0510834565689427,0.004685998590452359,0.2178956489489066,0.05661076475257656,0.011963982374531312,0.03719892997829925,0.0613460129659904,0.0427057202189814,0.22916405621551975,0.11943540460881187,0.08978415474121501,0.026198048915008116,0.13114386179495863,0.05476349118921931,0.16840036680600504,0.030086036747088887,0.04090570803945765,0.11679986527557244,0.09681785095692551,0.06861550259294925,0.17050903276810314,0.00033242383800632144,0.11009069572551591,0.057649083792122816,0.13898170442745741,0.0
625,0.10815649678482384,0.032127543445640096,0.1294063259068362,0.020632105765952202,0.12877004508626444,0.17481412853650066,0.01914450353896324,0.14119999362885016,0.13629200457281895,0.057740834882356415,0.08004882406652086,0.3725652213021086,0.07821354137517873,0.007745476634593808,2.7414759520914183e-10,0.010923511912425972,0.18069104104857173,0.3842761684027994,0.11258486934088727,0.09914660260725755,0.046769258135606555,0.0006529253435498077,0.24700152503484057,0.013980092252193781,0.09869208300642508,0.010311355346735182,0.16242107904150635,0.0936636326789199,0.009156047717124229,0.010523406351899342,0.09300622631352679,0.021857416757431705,0.13723921852815457,0.15801705167290006,0.04507445620253012,3.301019191140004e-05,0.19281509234710872,0.012455244838753633,0.1622729917162431,0.10692516778982611,0.08517593757146942,0.14906937957497626,0.24629721917055442,0.2334423293957237,0.09835607494069737,3.613801063657803e-18,0.18853166660861262,0.008938070963684607,0.302979278020751,0.0
626,0.16981628503945792,0.1946485104001997,0.025289956389748146,0.09519825469961167,0.12250849491410212,0.22370539752689306,0.025489725135448633,0.11663933819911643,0.0514465462374296,0.038518373207990904,0.04404909984016119,0.29341683922665673,0.17023114322368774,0.0208065706319371,0.00015909474356316623,0.024513273360702654,0.08251882158918576,0.11941699308283558,0.05793079047307548,0.05912371109867401,0.005924172152958729,0.022836682177424867,0.27675504652781135,0.007220386377337508,0.32039438876918697,0.03291996856495808,0.14741403169675837,0.21312714821087939,0.0004395901571833152,0.09877235599994336,0.027820572232100365,0.1479254026233211,0.3130839103997065,0.2512942598015833,0.11290566930051715,0.004350714518976998,0.04645926506067326,0.01999532334068025,0.09809495385784114,0.04265532822262067,0.14072615603794428,0.18484974262780723,0.1831462371030182,0.0900136319983463,0.4341614940059137,1.1778764824428957e-06,0.10669248232276982,0.05571652324112602,0.08911122812264652,0.0
627,0.1400665263773332,0.09976972554883635,0.11337512087677816,0.09542729198205692,0.31358550259887863,0.23868839067159736,0.0012324481131684992,0.25903229119564986,0.1637105362077493,0.03594998232875168,0.1112665126315217,0.24640517656086852,0.07976835440419958,0.03843630333204442,0.002357503618380439,0.056195088219195964,0.1701020555130196,0.03305665288165704,0.07769154881672446,0.2421466945865937,0.1364832903360557,5.4484411379060315e-05,0.15130341722994595,0.041037428897398594,0.07748398443727574,0.040609179971370875,0.2400697970002847,0.2370445677900012,0.0015980063557499966,0.13735226714559956,0.012457999349383036,0.027377266833875324,0.12630945549597358,0.1219060922369751,0.18583518478859282,0.0417968483998044,0.08355984747268425,0.008408334619038981,0.07053250288507114,0.0210625168114559,0.029568119843819664,0.0785673523776115,0.14595689850395063,0.10971119876006485,0.06137315972026467,0.05307735240157783,0.17204777940429988,0.07395980849155225,0.22869889892267856,0.0
628,0.1287998980226212,0.10261186577873155,0.1541910982569242,0.07599142465883524,0.10181489982328687,0.163163683896818,0.08802365150059413,0.3196121523795143,0.012581560242113987,0.001339648864404847,0.05627306508732233,0.1009588070205028,0.20901954353661803,0.006233824519337597,3.3624655350350306e-09,0.08542385171400996,0.06649931402465499,0.20162128531266582,0.06711464073094028,0.09377113419386837,0.016954785376332843,3.145991044746411e-05,0.02875874086682655,0.04800941088511048,0.07133739800359941,0.03081235609972462,0.24459556591378165,0.2010678709067619,0.017119429722771695,0.03129856468809415,0.02759238801697011,0.16603327857918976,0.22625021817885302,0.19051127357358066,0.09516184098054262,0.02585848078750233,0.059383674971492155,0.045466302873445184,0.20212530072169482,0.05467748306103672,0.08720868503598889,0.06468605162806897,0.16508299582905644,0.1688296783860409,0.11442203433671841,9.383333973899947e-17,0.1910336672396374,0.08233687782211994,0.14179870446616719,0.0
629,0.07927082568280029,0.07560245746599867,0.12015284242337353,0.08702869142044141,0.20975721038089948,0.32328711492212836,0.10089410093228687,0.34866495868332775,0.05429918069831418,0.01328791393806364,0.08294692620005474,0.2197642965030694,0.25448935801822953,0.010057703446916302,2.8474531294820494e-06,0.07197847617857887,0.07966838305996876,0.17869420529031219,0.038877560123226365,0.1027159823775568,0.029388333400728443,0.010295856560466273,0.0654985136379654,0.18859927876372318,0.1035490292547079,0.05731152505647053,0.35194748047153807,0.07461859935853951,9.88683741683648e-05,0.06681063947028405,0.0019130142434338013,0.0728094823582513,0.170321535099992,0.22855407164294855,0.04507268365509212,0.029028014532011245,0.02200076103325226,0.03361013424716092,0.04209374556004242,0.028937657514902224,0.05817740151351339,0.3438699140994784,0.30119984220418156,0.2735048602891271,0.3535013678080776,0.08265125414422929,0.1756758430043268,0.07105534652177281,0.05286432670407738,0.0
630,0.09005428270830187,0.04572241976595463,0.05574809820259271,0.014193718629520765,0.1878266428760573,0.07726603189669665,0.002281198913287385,0.13786364249527844,0.11927666253533488,0.02334602751576611,0.026250714507521422,0.14383713841688,0.0817123271902425,0.0013650386175077158,0.008815364212289468,0.014800446146654272,0.4573324223780227,0.12063906441795338,0.026720358952806455,0.27588650707559526,0.0007406663687060829,0.01672794485779635,0.18624364866559143,0.16545684080923653,0.03039738569344041,0.0006284966198454051,0.09843233605382232,0.3266915678471175,0.00037673230476941935,0.05623706061199976,0.010014169000489563,0.1635164927257358,0.13016046043988794,0.19504551293467184,0.18797795847701065,0.04124815577221837,0.1654970777331219,0.16465601415493558,0.26502436025120646,0.020459742529096193,0.017866473214073923,0.14850018701490497,0.18217514984141275,0.0854187062987262,0.1651575940992546,9.029582370046675e-05,0.13534686058213702,0.01884995862764447,0.17436063429884366,0.0
631,0.09648715254097176,0.02172357819170895,0.11218968091041862,0.16797356346978168,0.15948996365238688,0.08731988858793978,0.0001246322935518575,0.32885487326777757,0.1381611488474058,0.0006073186864482534,0.08229003134358932,0.34108325368354736,0.06225839498914518,0.007346345036563451,0.03277135401859613,0.014958623107810404,0.3167429266761623,0.4109303325887751,0.03633931396523574,0.15352271371290432,0.09311954373643665,2.983634742728208e-07,0.10904262802472159,0.0764742278441236,0.10610088350501079,0.011647509795970594,0.1819090189245602,0.03740008442330707,0.011524786060454015,0.048960041621403626,0.003560163377692565,0.24042130511404658,0.39227555896446054,0.04392527745464322,0.034716811473961905,0.059301301306260344,0.03947712371988097,0.05958083170948927,0.34730587468214597,0.0037889512906620812,0.11432769254216664,0.057559688379001675,0.31299018006825235,0.034561024647132454,0.20671224803090402,2.862823288384277e-10,0.05216052310665887,0.1802087041266182,0.21233583925642113,0.0
632,0.0993819669293565,0.0731298284735815,0.1450761024294615,0.03151546186476569,0.08828547537765251,0.09244153703816733,0.012370063987103616,0.31699683707167225,0.011886244246094576,0.0023668599971510525,0.15473322925393432,0.2249705625249644,0.15431895586669875,0.00981609644533279,9.205718137241892e-05,0.007222886300795302,0.11122325692451585,0.20467946204894397,0.32997258618987174,0.05716811901257302,0.012658547739866783,1.1266275719081096e-05,0.10628864805173442,0.1908603466927064,0.029411467616261358,0.04620840635887686,0.19236474743665935,0.2777427605390374,0.031098885587547205,0.0722624612013567,0.024615773854687852,0.0799804670085318,0.32400802997135353,0.13454900464121913,0.0589302505046306,0.036230838014437175,0.29072762980136563,0.0213134660143672,0.17417055610980392,0.010425493695799704,0.008153691016627409,0.010795756076153054,0.22610865992630788,0.09888032859980998,0.2980880912886551,7.583532294823898e-09,0.020076264841099044,0.002522708891040044,0.12381180148099037,0.0
633,0.0423450140078196,0.016542543993034932,0.10250457706698245,0.018299050724854934,0.06112774875131746,0.11831027437371895,0.07551793345074306,0.40236733960916937,0.1047629818071366,0.055789410811762606,0.05121444655478283,0.21306207166695307,0.21297108666142425,0.003984743966576845,0.0002210746552989955,0.000633969026911901,0.09656282000505505,0.14123876345419112,0.12401274526350163,0.06380106568004582,5.20526054917153e-05,0.02207935125908259,0.08808849135431904,0.06828225214159164,0.035715306990641994,0.08058416846770357,0.3276278121975051,0.21148025748082655,0.07837936406612434,0.09660128380265395,0.001464299892616116,0.18485850305926974,0.254974218782213,0.23676527144681703,0.15867163588855576,0.019286773660739498,0.06767457521870192,0.07829796923611973,0.08882088760102767,0.051718756379012576,0.09114754688588425,0.33178936132434006,0.0730794357606179,0.18427923855060327,0.10913368685941728,0.0007453514680931805,0.047861959566352745,0.06254300437687435,0.26996042915761537,0.0
634,0.15214685525795715,0.06804285931781612,0.044041370509461886,0.08175756602625954,0.1877598164770354,0.26772574695799173,0.15610025279770162,0.13703067314514286,0.14008442570625979,0.004779798078002375,0.03510736344456889,0.22028961045483797,0.3006707480368243,0.0331429651684441,0.0004200224301814946,0.02081022680645913,0.12051901100776657,0.23418501178752452,0.29086028062166297,0.18515773672577746,0.027487882712932447,0.003422804490571071,0.13070491131955958,0.10644604024245527,0.0874132747896384,0.0371075690017779,0.04267779765861979,0.10540571777557982,0.0025180317069287937,0.027837223698842218,0.038628037361922746,0.04096876965367023,0.07860122938487038,0.13041958065867176,0.2817122291656383,0.0021663458078108196,0.06126436109135817,0.04930488838567205,0.11086045435995172,0.11266257573647823,0.10558572602443483,0.14930677434718156,0.2701178315935002,0.23295404578082185,0.05332703436764065,6.394170832420335e-07,0.024459477925938798,0.012514394915672768,0.22423809995427926,0.0
635,0.09987280011378899,0.01192647698659123,0.07802492355864589,0.17680507098444326,0.11249974128737943,0.1483475844198615,0.12089165627270824,0.116498534961901,0.18717027219405694,0.13403823039166024,0.011217873355612768,0.09528911273637061,0.39264726436775305,0.0052879282033238325,0.01105233827621592,0.1948637576439668,0.13456284622841147,0.05914800986459606,0.060500712567127544,0.16335635694996273,0.006428319111395702,0.006850569887799685,0.07505484878071216,0.042956237593769785,0.034047977223183715,0.030155367153510707,0.15205635203311882,0.07092867772365316,2.6783862559906056e-05,0.03872394781345029,0.007031379797579217,0.13462104583870838,0.24162600041343968,0.052317757288206326,0.13276700608588632,0.06771468532779891,0.08124728889052346,0.08983077710785628,0.31025129154776,0.033798573784503703,0.11969658762030089,0.07174452973862855,0.18212131557244798,0.10034748172553726,0.08576525874424695,2.245536980755023e-22,0.09825140551627469,0.004948609562808238,0.08551693870649683,0.0
636,0.11914410814402218,0.1477244118541258,0.2624697585061931,0.31101137666493806,0.1377076121201953,0.17714079238301175,0.02705154956642485,0.12638594132813546,0.10490626753210522,0.006417853537241969,0.0681630541701176,0.17940940706307842,0.05920771624231079,0.0007517735343548895,1.1740076527726625e-06,0.018192249539100435,0.20514973188844587,0.14978893251070857,0.04025555558204579,0.09676567125267102,0.02131214420023875,7.797060651654639e-12,0.21445833562987765,0.11733229592927437,0.05011759659631401,0.006144086983119551,0.12178378062063375,0.19118788148547777,0.0028886164166789037,0.023027039629312285,0.061406979948989554,0.029760349997141906,0.3239797083043954,0.2318173159856309,0.2861582335017801,0.02166180060042247,0.05492960302226736,0.055702320104147884,0.13364055380946355,0.0018453524038003367,0.0655217064776094,0.31771537227702656,0.19378319206273112,0.16349271793959685,0.14939642702808836,0.0006429867642144579,0.08734693427718221,0.025430737373545204,0.3462885647281458,0.0
637,0.17017531536854094,0.2832719816611681,0.23125839536261839,0.012368156572043636,0.26684567802735837,0.03786822055759157,0.004742524576383795,0.04830798409463634,0.24508996046014844,0.011482118876575062,0.03407281904274661,0.37244206187860934,0.11014696030586732,0.025976438044094104,3.117350357587534e-05,0.054195264866743136,0.24683696041275655,0.16748724429497047,0.015596766651531637,0.22216543501167269,0.2774130962757253,7.298050129601034e-05,0.31501180891247965,0.12462306517089844,0.05989427948506645,0.00048822073012622726,0.03925049311174862,0.0865730783660472,0.07831049952121785,0.06968392711647423,0.000176971356634331,0.15739980930521635,0.09891049978303301,0.14228443993248138,0.3881206072430336,0.004964184097379321,0.07310172681725977,0.01111983989448656,0.15960822620008955,0.06925802154906584,0.0021509065863771055,0.07093327612148045,0.18838319947415022,0.13726485752119622,0.0943581707312804,4.231707783745563e-10,0.033258912659600105,0.06830578838434595,0.04902290521127424,0.0
638,0.1269533103754139,0.045334499843775106,0.26336018164117264,0.07161296949564858,0.08247572825731989,0.16784680649573028,0.03942801079315035,0.11858499579394914,0.0310263734786573,0.18197812743826153,0.07070467685758801,0.17252030541599112,0.1346663882556172,0.0008977196352029556,0.0011028289858543733,0.024118280156217094,0.10907425776723449,0.19705843838960924,0.11515696189286356,0.16032287158918676,0.012765686908966888,3.3255225352060605e-11,0.24082725662377333,0.009433778429202294,0.18049255372349923,0.03774891342070687,0.005097404465262572,0.04608883453176381,0.00407549447716455,0.21327348403206525,0.03566762648739539,0.0725776348982301,0.1317160806696903,0.26670315446223086,0.08872075054613117,0.026384784380902956,0.09167296814276919,0.16464147220027206,0.22224803002865626,0.0022580586633483726,0.08253653977783336,0.15262247037042198,0.40435090858818257,0.09084347662737614,0.08122264970318882,0.0003636667058129983,0.08363612845648628,0.009255233560796333,0.46623318564449473,0.0
639,0.13342603865534158,0.04789211346707248,0.07044025247811878,0.063144513190028,0.1596943759653295,0.09334004086860605,0.07290634775562141,0.19464894938787436,0.08981904214475513,0.0016436268118702373,0.049479015235161156,0.22678705865655407,0.06539147873008119,0.03121991872589086,0.0015509640473001136,0.043454019479404665,0.05428219611723251,0.029625075127642966,0.14547485305934102,0.10694479242024504,0.08936828265721916,0.0006109253218933332,0.1711841472487516,0.14995008057486992,0.18788264080882208,0.014726389500592522,0.15371252246688807,0.11117028232058156,0.013826362636880694,0.057774089598475506,0.0007331962980167661,0.11183009572999066,0.07304871713884911,0.08495380670712492,0.15703815778234098,0.044302988362560455,0.20127461748801384,0.08250745433770587,0.18389151213112337,0.033982603996835094,0.12566479133782138,0.07499244853523346,0.2469035145879751,0.11807335197670957,0.13450731379371136,6.678865506976417e-27,0.0863252588900287,0.00423578428014545,0.07183831754015917,0.0
640,0.08974198698707966,0.026342455127185756,0.039371206554619155,0.0740767190820452,0.1948076334835288,0.35266341514931654,0.009320264607713015,0.14499610712615962,0.08049597506921884,0.0031993765967703158,0.022569348955308224,0.41361474218377237,0.1381958767600791,3.8586511516330245e-06,0.04943661220225644,0.04273327618928244,0.2177406370666306,0.11264765426465283,0.07099198830156392,0.05096626181550115,0.04293288609582548,0.004768826425458707,0.04594836830763091,0.030026966920955418,0.0783219181468096,0.1313071314875461,0.1269138360920985,0.21637023621296647,0.17009325657460667,0.06660650047347315,0.09802974228023996,0.029084048500359238,0.01388397368049757,0.12284628305536,0.26101695040135764,0.06371839268162327,0.31844384427928873,0.034829384653769814,0.149325948255196,0.001488123020100845,0.02875371739826024,0.04139832181682215,0.24626508043771408,0.019309190505578583,0.19892526967620972,3.8975151941742003e-10,0.05851510024295078,0.163159699355766,0.09859952917820639,0.0
641,0.025732467526786842,0.16373670488729425,0.10121364288799105,0.04918460567304276,0.19881097945460594,0.05673573421275728,0.02006578745063213,0.1190114410611959,0.038738716562019826,0.011407969615404955,0.1620749530533917,0.14689636417974528,0.10868591551613217,0.031740745795583794,0.005024136868052297,0.01643100331111891,0.012904190043296165,0.2091003403437785,0.08994195128753218,0.1567614253096561,0.050073846432657824,0.047661550760002516,0.03872718222527531,0.09991183748207508,0.1583655357718084,0.03785538964042343,0.24563273020233903,0.1395222991313073,0.018699421937147475,0.20323677970582668,0.004567268061980376,0.11652870521553398,0.29222920922187684,0.3827963482895327,0.15799140611661128,0.10714981444541473,0.03992180637289237,0.023074892398953387,0.04811899821364311,0.05194503079127843,0.03974298104224295,0.021762801334772753,0.17611270333518023,0.3330719695967737,0.07125363667328094,3.128044382309793e-14,0.12105400092716756,0.005332564119040769,0.06160710437693747,0.0
642,0.024248995360039535,0.0720932030392247,0.36652550695517927,0.07842116261854828,0.20462741208723315,0.38881221827572093,0.012951970741404986,0.09487042259140172,0.1946648354455091,0.0002709642195717198,0.08549044702744239,0.1041988730397155,0.14482908590966845,0.0010942898686117565,0.00438790934356472,0.0005077870683728873,0.4360113594189606,0.4190201762786875,0.027006185576292346,0.18935017581406832,0.01752240840836795,0.0027284115562209105,0.2558145498654909,0.04412593790112898,0.21718652230283675,0.006757361528732412,0.1547732899962551,0.20123698250929198,1.585567780830999e-05,0.08030890197547315,0.036861833713529,0.009145194650586417,0.31966479128757863,0.2156148533937071,0.027483863242476057,0.00873373769538279,0.14569114282468107,0.07722348123332244,0.05309325062003752,0.1612162995901942,0.07653794351123945,0.20157081637276614,0.1332313029712665,0.22083025233103548,0.3795351359191574,1.9792453912157354e-27,0.027316973850390266,0.032043215974556,0.07606574993318573,0.0
643,0.13226074757391526,0.03917178061488598,0.24663014358084212,0.18855532002232997,0.07492592687427695,0.10427747962989725,0.000777133407866765,0.4481840742636847,0.14583156600056985,0.005326901427054686,0.08607296301789645,0.13706206261146187,0.026447009590157035,2.6360983876723287e-07,0.044069825346917973,0.035223185416826785,0.19630161661230938,0.21963423255573702,0.027150734777414694,0.11396924805006273,0.05423243263110612,0.0010532806506366721,0.0503904994761528,0.08220592779631368,0.29223436463069397,0.05087683276935331,0.08653183924477847,0.26906514656729047,0.21210252651461714,0.1782495956038422,0.029759620659511515,0.10529643474401612,0.2391638105544135,0.18113038186179184,0.1792836875998328,0.005079169400015901,0.12092262045609657,0.040289281262120585,0.14702047981819547,0.11936074663198887,0.10772409359492613,0.03211993837978226,0.06275350255577401,0.13367675512520183,0.21153001144315467,0.00022852744733139476,0.08924107237673512,0.013177076950378522,0.18258288211776952,0.0
644,0.06979053674148242,0.2391618221984789,0.08692576977606722,0.1828124654924204,0.10621732170637642,0.039793357814109795,0.04200957237333038,0.2391755023787237,0.049418002151585476,0.00985377971095588,0.032252171732651345,0.18103758266590214,0.19775534068343847,4.592072586150583e-06,0.12448732297642187,0.024660561187668642,0.2192991441741017,0.339819677782404,0.2422110312441004,0.20949255081319482,0.027806424517266667,1.3901197320725446e-06,0.019189066418592953,0.04966429975685613,0.050011747043816675,0.04181514470107895,0.19426261502055867,0.12955101101623184,0.03355523218922484,0.04249276767092592,0.06037943440964055,0.12926223877636805,0.10842705289620216,0.2793753681285687,0.12511854152554322,0.03157929103643243,0.163936368265682,0.11404406095473049,0.28907183514392976,0.01292455480943355,0.17453781763736695,0.07494925184581351,0.0466660926355814,0.07819224452634516,0.0908578006985244,7.885185671739324e-14,0.0564853101732213,0.11949028798979171,0.02005062577014776,0.0
645,0.040175845275273715,0.11241163921318659,0.3623282411431565,0.20139865126251733,0.23448018966217313,0.12164416497848793,0.024778008693767267,0.1265882546997275,0.16155973353637054,0.02850608685801342,0.027943909421627725,0.06458310742862812,0.16602178386083644,4.184970463169744e-05,0.07049222712891824,0.059345170672941885,0.09681622003712494,0.38862039294515627,0.0619887448074094,0.28660453112291956,0.0077106127345392406,0.00030751003495995153,0.1626807854732222,0.05704812343250099,0.10922200487234467,0.0926606079751683,0.2909932098355799,0.09142199600408196,0.005097679499105153,0.04187918365222588,0.022470621052549673,0.09885417236878312,0.20380186989465807,0.11128102017179839,0.13174453141975437,0.0025602675926957603,0.050896221593709746,0.062045796679290874,0.3527938708374901,0.04877219726199704,0.05966686650051412,0.0854349983920505,0.3202127302298809,0.08161655065322336,0.2837060976162619,1.637786662547109e-17,0.12401277301849092,0.012957592843371694,0.15495801312439272,0.0
646,0.13015672642048656,0.016698155593179456,0.14357925771565844,0.034588883948553376,0.03957188580090596,0.10326523900829436,0.013501107836696934,0.1671302781517003,0.2113187758374168,0.036152826026685465,0.001411494990912538,0.15863435190868028,0.3011900263525601,0.0030028320860524993,0.029195460914762633,0.010198032054196738,0.1258700324382264,0.03350111870207334,0.16156806406884228,0.2715277380273091,0.09092709793938543,0.0033599299656070646,0.2702429756055909,0.0369828747471038,0.12402485856633835,0.03250158558957536,0.28874568185384,0.04889451763525538,0.013336211412105243,0.05725300898560316,0.004789584587775019,0.10354874543221707,0.1517526400243544,0.049971045920741225,0.01220951326257197,0.022718639445802487,0.00620439845416934,0.13258522039456952,0.13934072250810645,0.02887270616520083,0.23961409077427803,0.09192482691437372,0.3224070182617888,0.12023527378408944,0.09158437993873712,1.7482264084948787e-05,0.04427780189859275,0.12219980831130654,0.14564884708184014,0.0
647,0.18966864472252257,0.027771017951652033,0.04067122331237286,0.03882052089148202,0.01735589244912865,0.17317603157626252,0.04153097327202467,0.053364787642007416,0.23795983988898342,0.1445522512282355,0.059746399116233286,0.1615653438751251,0.27780150315102237,2.7675972864035353e-09,0.003682332580274886,0.07421122357706501,0.24121667974388805,0.25857534078340255,0.024626280128449293,0.18928398206748442,0.03745727249445123,5.3967399470296e-09,0.07600608285468113,0.09427146607341746,0.0460254182507941,0.0036067770530402075,0.09902013417730755,0.05734687316352258,0.013512038820136529,0.2475780858124923,0.01599462460874082,0.2944027095450109,0.3949924988236841,0.24155709883842447,0.049522539314413486,0.05599705567752271,0.12157356887611936,0.10107668275282995,0.25957679197454714,0.003541817784269806,0.12776402063063547,0.13146646615395882,0.08145379724788362,0.22825839142165397,0.11155565789268472,2.9006771902527784e-15,0.13399219394297182,0.005776380277776655,0.03572073937054163,0.0
648,0.120124659805791,0.06463878867955046,0.09767829906012492,0.05865136098737695,0.3304644624219784,0.24477043606066773,0.00036814300364728915,0.26525163474957947,0.02250899839497815,0.000763326901381537,0.06593975231636484,0.23872948407979672,0.1337554238196341,0.0003175484083173834,2.7081904951406478e-05,0.06585422836525963,0.15248411105747664,0.1759689541056014,0.005981501815338544,0.19300155471778427,0.06401947883971168,0.0019462218556234832,0.03737068764417504,0.03264624224675479,0.37456961498807906,0.0054119085988703465,0.07558549143984085,0.06679292848033751,2.4306546781952652e-06,0.17230321692929268,0.04718091346502581,0.019498298235831452,0.2191114989572556,0.09205279899918066,0.048211399187282365,0.015874795644709488,0.07719787253111125,0.05799395326895729,0.2487368362319738,0.028414890264702935,0.1085335820210541,0.16389830523575064,0.13695786918655167,0.07586454022207094,0.30698282490329654,5.222264336160542e-12,0.02441548531399611,0.04039209926970841,0.30744985540133746,0.0
649,0.29548884558611127,0.08123022058662031,0.06549282442655868,0.0760489886271536,0.05411617198367811,0.07092988930352258,0.13050875571312961,0.2501694043511463,0.098225525235718,0.006289482584861444,0.0013891686197552158,0.05235656475939398,0.13785081000462046,0.0009305413241060593,0.011936696292414072,0.033236110687214555,0.23830024373232733,0.05207344368112857,0.18352352321441592,0.09121757528773052,0.012889727575094942,0.00993349043433345,0.11343951435346895,0.08976724936005306,0.05501513738197469,0.02550857618860563,0.148523371787199,0.10951842293218504,0.033286476963767,0.026073395127653474,0.04129841353599807,0.1341440161093235,0.36130378373886884,0.2543213089727602,0.11620665954630056,0.0044774653550180305,0.22670258511925304,0.05243293647860465,0.18136397730723122,0.031838243801492735,0.039308930717401866,0.12913130445868945,0.08741821026043659,0.20815579958850183,0.10911147570359216,1.4891219124842136e-05,0.13600154833421904,0.09214384465095611,0.20074786779780956,0.0
650,0.06002256765518628,0.21831161478231284,0.09959161506330763,0.13769276070334519,0.1328297853288703,0.042717788388190854,0.10175496968563735,0.1982083031208576,0.1211332903580644,0.01739572479917895,0.17904450537663757,0.18442191514716594,0.12127901440577245,0.006138914835689124,0.010070499749876095,0.08502178172168548,0.1101191596347971,0.23659607011165135,0.005997346411709342,0.19024962642026172,0.008611898722070662,0.0009736614980441227,0.2789797192380101,0.29275382819271767,0.07976345621969634,0.0010617830880649986,0.11047336036266109,0.0840141629630713,0.0031498040049492233,0.18474547795251892,0.00189377588533524,0.13243968509082238,0.20539525683299018,0.060064948256226165,0.04149209588360849,0.06426433637103285,0.16717109420734957,0.02681280554256449,0.10712170786663816,0.022333003353496212,0.07036811329071968,0.06553354248484894,0.09070842051267877,0.27743696252665073,0.001878965070137829,5.3313305282792995e-11,0.031995980927566676,0.04324131988125975,0.1998287993760488,0.0
651,0.061282019933794375,0.07941059356024419,0.0818145062224062,0.07181398169463543,0.12108935781987121,0.10301721724792813,0.08591559290896462,0.24826222840462292,0.024880691680002818,0.005752441315877508,0.03275590691269679,0.19153289526042386,0.0468688737302906,0.010223827683464156,0.043050683569563694,0.013521296936492023,0.20053215016000153,0.18172994716917926,0.03674627166740992,0.10815858871785407,0.08495638417592508,0.0008074190629479517,0.12379335116046353,0.284641293743597,0.1495924464854283,0.027283539485916712,0.06753771504959408,0.1534060251205155,0.07193136610872083,0.04407497380450706,0.05388090438127233,0.0482824063582582,0.3191255125153921,0.1951211833283447,0.36148584645846976,0.005755774506738597,0.036191167467584016,0.002371526975487064,0.5277739499876659,0.03731852578119464,0.05376058789752474,0.2493585418055422,0.18166016849702135,0.16588304060236278,0.22505323819466647,3.882596061568875e-07,0.025128774124109535,0.016197296437535858,0.17581504813472912,0.0
652,0.11231358225782702,0.05173334770057504,0.17377307686902846,0.02359747304035696,0.042898110303041706,0.11281183680373393,0.0453653174702535,0.3782864281462536,0.06626607620137571,0.015560247982075835,0.06808622282916081,0.26326091900846976,0.07736575303707997,0.0009465689419025535,0.003451500990073227,0.013010256272390308,0.22447217662077887,0.1050711001710967,0.12526296817622037,0.033301894715690464,0.020299596024852075,0.0018630884835982306,0.020484712719262173,0.013143870461264213,0.04084671052680785,0.07304910971438197,0.16649244337413782,0.09633188789700037,0.0007581342771803573,0.05858092955205198,0.005338059679748485,0.023291599881460484,0.1587910942418658,0.09449252819471259,0.12237806873035577,0.010329290234801463,0.11074044546437993,0.10375134982135872,0.04871009029992085,0.0062209795411839195,0.13324481911283348,0.03973913662409784,0.2652055796954063,0.13220586609735394,0.1519037118260067,1.032374351256687e-05,0.13942154190811787,0.018993219806881338,0.23078196111717597,0.0
653,0.06977055060676655,0.039186440359300814,0.16678150546091272,0.02333315961952973,0.1802913946189252,0.2150687093128526,0.05246354679322519,0.10414033190273407,0.07612833882571778,0.014970876850190754,0.05599451863992963,0.20183727232603418,0.04718075961876076,0.004053650772481741,0.0023852902374893194,0.02101585664984005,0.06795530529681777,0.15391801352320603,0.1372122508453231,0.2114477348699974,0.12424025819749746,3.7085563655355546e-05,0.06721134390788976,0.21085087014868467,0.22014787174008613,0.007672288276002592,0.26612576458025244,0.11096730807930359,0.005479653781741511,0.024100544267348527,0.09112636358720885,0.07432927875475617,0.21942062467370396,0.07902970250095778,0.042982143464264086,0.0008633360302052781,0.021164512951624644,0.013478462015408895,0.20167118649286161,0.07904769649401017,0.15897339656198037,0.1930940598485534,0.13058363043106308,0.11859219591387644,0.1100029958224829,5.813806901779391e-26,0.10971751683243022,0.021098702459046728,0.20737813130375488,0.0
654,0.08015141614406887,0.08387209277989756,0.045274408370201406,0.18089952780764934,0.08105776928348495,0.04035668341586036,0.042684431377360124,0.15514461136282282,0.2715301142442236,0.04165428665478388,0.02311798860028646,0.1284764706877432,0.13068362376015955,0.022056768181462953,1.950686133355356e-08,0.028154129317873304,0.1870905678383459,0.1438590101595109,0.08096024713467125,0.049787459673620395,0.0071032338082326505,0.01597049728540251,0.1841724813677984,0.03849644474918896,0.04424053147820548,0.0015408735674524799,0.17026812947925812,0.19339935298164446,0.004881879876526332,0.15705865406428302,0.0609492568724305,0.051823941109076135,0.1320393598831481,0.22288184865609656,0.2889101287038145,0.02174191897108329,0.09582738971215346,0.05624985834325027,0.03450191178740061,0.023325192879596703,0.01895725619878038,0.1876498731457466,0.23062977186385916,0.041087623292250006,0.12022942810099156,0.01820833444931288,0.1699831183673744,0.027108448872949616,0.20882052871436746,0.0
655,0.07586723671807727,0.06537336587834278,0.11524886348948836,0.15322901876706177,0.10678746402179995,0.14270358036971073,0.022325938854955204,0.09735696715047855,0.07263144124363147,0.0009149802898049049,0.010777542347379774,0.19410218574494234,0.12916427306634126,4.9952521462515155e-06,0.015297833039918345,0.05697839495883328,0.3176857016034221,0.035010206092401776,0.20709633734474933,0.21516762623206867,0.006333829712840976,0.00043889496447909956,0.22233550948043038,0.09179685868047206,0.0791660942672229,0.061486718261344615,0.36731413000002816,0.2084410405191529,0.0007766556350127036,0.06014422235369551,0.04798056200356846,0.08467783842611949,0.13429203963330708,0.17001264545438124,0.038760238675628875,0.0022599232229857493,0.01850010730963197,0.0383814960823877,0.08487780104411853,0.13861415458108625,0.1257241049428128,0.10170252808987869,0.1996152553054838,0.09046558130608941,0.13384243555872805,6.311496954282741e-16,0.01958143459162458,0.0092180918369543,0.1632944896018614,0.0
656,0.11506093590829528,0.029628426529771695,0.12873585050623546,0.25227720986304425,0.08727271367891759,0.2199893787180805,0.01262505463953678,0.33232424055552995,0.0770498460662761,0.013259322994698014,0.009590135711852606,0.2385887146936725,0.17262763318343746,0.0014807844194503661,0.0004008563766207875,0.04011112438475508,0.10963769641535002,0.31116895566525204,0.13010237120817206,0.23417554853212066,0.0003486685569109891,0.006728761335627962,0.2500745531977666,0.21529038828742889,0.014260858729681613,0.13472897205522333,0.4267513338763026,0.02529520586695852,0.03683898921495519,0.07096168103777924,0.001381707306916048,0.048730898807542215,0.1214371485453199,0.25812619681985455,0.06095140052762901,0.04514527858258147,0.08546978751995338,0.10668083951373594,0.16476495012523779,0.04982679285450306,0.11111111171834417,0.20397621397867152,0.17222852123019852,0.153109244121784,0.0880969380889708,3.2984664821746964e-07,0.06706832304260646,0.014747705901648879,0.04870852556979312,0.0
657,0.059021505080107124,0.11553459117266858,0.0349026630197895,0.06111421936404028,0.10315231753403617,0.173274611346553,0.07911875037188662,0.21514594908185966,0.0722672675812553,0.03965610694115374,0.017590083961388347,0.104294968231095,0.33732830130941993,0.003014295886271174,1.9941776801025055e-07,0.21467993013857306,0.22632327127416704,0.0701313690075963,0.04209588724755432,0.2619940700128767,0.051071109988191726,4.002843662673021e-06,0.24911731652983554,0.09775023641045923,0.007727443603998429,0.03678935817825438,0.17985515574838465,0.15958785839916348,0.006329300427005866,0.3549642107482136,0.0019184479132712566,0.02859307348627626,0.19966430067187677,0.28864753037045077,0.20355817545409732,0.013025088803009515,0.039568586031168994,0.007535325070465507,0.1344039498130256,0.10187000420009296,0.04250941365185742,0.02509743292749735,0.07671009257577585,0.05956596149197379,0.0189104465105035,2.16773382836063e-06,0.04315241605930191,0.04308076323596918,0.1134901548021938,0.0
658,0.11952648466532954,0.21196637403515375,0.0956107760375539,0.0162692740791035,0.20252542995812955,0.05542602693879665,0.023040015056807975,0.06995123475722449,0.1440412920995496,0.02428134099966665,0.26079654778839634,0.18191476878629942,0.06706800901376932,0.000166762662247929,7.970857921669001e-05,0.02192721602330999,0.24067960535522964,0.20393954888134652,0.16544950318549562,0.21241218978682802,0.004642703714114641,0.01241161852847604,0.060905421699754006,0.1572913391969356,0.09711638155567502,0.1693275666324918,0.06069022875872804,0.0820817496688898,0.03471981855349485,0.10681957542062778,0.1707681681832042,0.012457869757969408,0.15830853202907502,0.04682787874252853,0.04145975330372547,0.013477453356079984,0.06245917181250251,0.013957174203567237,0.07975261409649038,0.07416980548245751,0.027288829436496458,0.029668005819651778,0.08982419902411015,0.20939627156344243,0.24319004575492958,6.05282712480217e-24,0.026920496214233085,0.013191205481582263,0.2706347061112407,0.0
659,0.14536014117645762,0.10564864590688736,0.12960567902887743,0.045471135768387926,0.12870775988893343,0.1337465723262391,0.003407205917610002,0.18032448823550187,0.07708169146935495,0.0037995514335736106,0.00052686711789066,0.12551596123491812,0.14535811748352948,0.0007688554920673578,6.03066202036993e-06,0.19391641956371258,0.18840287398489206,0.25257502839105866,0.1995278306448057,0.18510406717127134,0.021214836726018513,0.0008230229857509952,0.21326765841928114,0.07351321220261302,0.03675120921793657,0.053667989376630997,0.13607300434491298,0.10897905476401812,0.05749442391461181,0.07658720174955087,0.031632005849338424,0.17193134841278007,0.08713943498232558,0.2149982486287978,0.11015459224804239,0.013636003495172288,0.14036991392265,0.0638924425539987,0.42297623379045457,0.07274447544225816,0.06895265517244652,0.12786216392918823,0.15236157614546644,0.09626928486327897,0.19077600530586789,0.0571423478503615,0.16039164398658018,0.04028863014178368,0.20694237453165074,0.0
660,0.026722670180146364,0.18837282398685803,0.15309164338504608,0.06524033075449757,0.0732688473777717,0.1510110236259639,0.01382211051746772,0.29372056781773914,0.05070134961457713,0.00020908255811611645,0.10984446553224408,0.1383347632448277,0.2590047697853351,0.001005820938102257,0.002982569353413747,0.07106280192742649,0.12360997714357509,0.3539114267300051,0.03462271801833782,0.17695349551994413,0.027191841852683977,0.0024439445975216875,0.2640907212497318,0.08501918082783295,0.03360607644153444,0.07325065004436343,0.06517337717911814,0.08130663281723158,0.00014136074526377118,0.001807431394248096,0.030562810173583997,0.1315949310493166,0.07673777634118915,0.21407984467684593,0.15643725849138104,0.15644620388283473,0.03285345572330231,0.03749154037364297,0.08979587015820863,0.036648109105115324,0.14674902553632485,0.06544913730925865,0.08520475282345086,0.27536357665184996,0.14178364486918082,0.0002751468994437913,0.03137199392072563,0.0044944583082562025,0.22729905045443524,0.0
661,0.12094948623198186,0.15113446832004127,0.18178069538881045,0.28071626898443003,0.20996038103165837,0.16807281840144875,0.05471830303550474,0.36549909728565844,0.1968591723186174,0.012821358255401469,0.14050258413860042,0.12690094456910544,0.20045199579328146,3.402286452497678e-05,0.010409014566376003,0.033222641906892295,0.4447212318509845,0.14477255257159113,0.020063479387289373,0.22517098604791796,0.03071820433350653,2.126336609504985e-06,0.09781508718138192,0.02750414182653118,0.16516651825122863,0.13174743255295734,0.22732696727972834,0.19761294661199,0.0011152265404479177,0.06995285991785788,0.07329772336969517,0.20342839346980676,0.049330751334244506,0.17324930196670094,0.17563517290424713,0.008720066158289927,0.04252365688115124,0.1582977261221277,0.48323643348362644,0.009678973051819835,0.010562176679395317,0.37283217540062946,0.2793873135308399,0.22020413591409757,0.07175412764507191,2.6669405867835445e-07,0.13352603274594807,0.014180369756062417,0.23804923721134785,0.0
662,0.10932629429907173,0.031963323575155814,0.04296673949262842,0.06055885123796854,0.05384646594844951,0.32821094008529056,0.1406928894791347,0.1876308457924192,0.12453999853317209,0.02946047524649276,0.027158024926384913,0.1691569803600838,0.18226160654698056,0.00036963817710662146,1.2684405901270566e-05,0.00757386707322664,0.06524802192966282,0.38734847665826244,0.14544525465712826,0.07322871565151226,0.0674491959899802,0.014096673291786752,0.24008730889459,0.03917507997626858,0.016890497610116708,0.036920504545243614,0.26104977487845393,0.17835058084773966,0.018551864992458256,0.09008766363324404,0.055520935850201944,0.10062133092505311,0.13576188670498915,0.2720432250964227,0.19172699532559787,0.0029529271196415538,0.16232445565385634,0.06313692338413102,0.04551185521476853,0.1156573371585375,0.09967917065631046,0.08452800087013224,0.20503793014281252,0.29212517343470074,0.22821116837419977,3.747157851788768e-09,0.06330209738741759,0.020820857654751584,0.14563268851625594,0.0
663,0.009673625008257986,0.04485739764920214,0.29041533205585934,0.1754978728918991,0.09289506256396375,0.299763302154691,0.05006102274618083,0.2704945432161098,0.09602368150298674,0.007794926989742285,0.002933059306465647,0.5180315942546277,0.16540593372867066,0.0012815178036559537,6.646794747449036e-05,0.00690680667984019,0.33045224943003143,0.0026218266018736645,0.17829212264252944,0.20833072879942138,0.06064569328724298,0.0004146527840365004,0.09395790198899501,0.01739311545086485,0.07640140543091423,0.08794960107908535,0.08074991778058638,0.2135782330842076,0.0098669200880567,0.04652755281990737,0.0009501345691270312,0.2039262220239256,0.3401468881877392,0.08106622768829173,0.04232942392305845,0.020445827510785664,0.11232377025416068,0.03375633981792175,0.13540155257052505,0.03429615166554783,0.05967225730745342,0.05956534063124812,0.300059803332324,0.3446002700566694,0.27244514906546574,1.4459404652961792e-07,0.12547603841019878,0.0008715684964417119,0.2609012462994571,0.0
664,0.04952408497858526,0.10658416416608177,0.19525328262440939,0.15900202580731562,0.06101139209348385,0.13836307887873797,0.0692164227732907,0.1870902973579395,0.13669129231334023,0.0006550794829095379,0.10380031446400492,0.1883531071387358,0.033767283135518,0.12785654646338357,1.5590904550167907e-05,0.03641324937773933,0.3273309080211489,0.1924770165993115,0.15706024587807102,0.18498647129925797,0.09531004340624864,0.019500341742672348,0.032222573931312185,0.05145517404586551,0.04842907427375136,0.044279398377773345,0.2019634574422315,0.05044695086847505,0.02144685058072391,0.13920619796650602,0.020110133435364427,0.10487519828478756,0.24516095934215515,0.09983423010873685,0.08304005743128393,0.03658021191260571,0.062017883249161486,0.03334001041124404,0.19835250148076905,0.0016427761485578896,0.09675910498575309,0.1012937858451871,0.06545540863476311,0.19130987103130065,0.14564195896344267,1.7359436200164585e-06,0.04714922129860494,0.15445706599127382,0.20867650141154964,0.0
665,0.013217598927556628,0.05689896454664532,0.04398093298310166,0.013195243711827365,0.09355073453585988,0.3265111649186513,0.0065999623067162705,0.17277347796750905,0.08450473049654049,0.034693654586845014,0.022560699992717287,0.2683346714448087,0.21107287438126202,0.0007852744553624881,0.016429032430736137,0.02709745007460635,0.321590276385927,0.29512758293332736,0.265157647717648,0.16642758232635346,0.12482321934004294,1.8826007782945216e-05,0.1776248008680512,0.23717477104114673,0.1981217494456782,0.07850462337333731,0.1342280202761856,0.113455391661298,0.015439877621210272,0.03227200360702072,0.06701107509771088,0.08193067275097511,0.2832825305866475,0.09209411675749728,0.11119279112437012,0.002448203388807024,0.3199541772044441,0.0060740092436665045,0.07006110327899158,0.031031352235505204,0.16273534022087152,0.08985144387859188,0.28688119324280165,0.09857419514075962,0.03205470008236215,0.00020173129456905757,0.1505972098303448,0.07234693337099722,0.2165413122734569,0.0
666,0.03701794855141024,0.09665277087765435,0.18676713681115462,0.29335555746075576,0.12998898713145296,0.2868148666626491,0.06897651572023213,0.3786765518455701,0.11348744091847769,0.08171295316918832,0.019181045217023285,0.34482567533117264,0.348880083851179,0.0051298135546033975,5.1539117105800315e-06,0.15078141532854908,0.10485733078700382,0.22084263248361394,0.08125223182246448,0.1435349670977333,0.003901765478878206,0.0037433335308268726,0.08475064612544393,0.02213389647811997,0.09340252928312333,0.0745074598918637,0.22660417259055116,0.24543189235934756,0.042055815585209336,0.270621621019556,0.010069958047760905,0.12960647891815927,0.25736444885009246,0.164276648591022,0.2720952564577556,0.01418067635434774,0.1858868613425032,0.03502574312789049,0.09651678746725008,0.0508697443791439,0.04383244182278507,0.05101178632476551,0.11470499622264095,0.07098305286799973,0.2885361212836304,0.03225476039856327,0.11122829984691943,0.0213653050978709,0.02724373005621326,0.0
667,0.13116177377570948,0.0861742653379185,0.17643770196511743,0.07527682329794398,0.30369590394671975,0.14576213903120566,0.02020703389018263,0.2788780689044673,0.11082740851053585,0.01783141459605094,0.0018870214385022144,0.2677307386714233,0.07426659233845917,0.0001022654604863882,7.699449250879187e-06,0.06788508725645008,0.3903595617783808,0.28313179519048337,0.0511984142633068,0.3174964501071111,0.02638914953661312,0.00011989054749000624,0.17568718818805643,0.13697239347832077,0.31809090277811175,0.0022245079747222596,0.153544463152179,0.13129348472391342,0.15112538365094982,0.07037835501303852,0.02050305554740108,0.20590554000185468,0.16144544650865444,0.041955160238289234,0.157139887206136,0.05336621695640834,0.03850998847085256,0.08489569583558344,0.26044817427257716,0.10437370830676253,0.08693754685747246,0.14390853507324583,0.23966622459037976,0.1261638547835281,0.1310622587888911,7.660254699219746e-08,0.14692037641635772,0.017381422584436333,0.1472702647390902,0.0
668,0.12487719967967735,0.1985041807109645,0.04494045994831289,0.10035298751950879,0.35635217491485066,0.2626533619262201,0.09726800784179518,0.5161085607387975,0.13231405901981125,0.009249932911333705,0.25605869848192303,0.12347741288232483,0.09014691092583067,0.024006430774250104,0.05212244803947556,0.033297440164714844,0.28455527680649506,0.36002044115026116,0.10848293922445935,0.37077339335145204,0.08445358991656429,0.010198740904014163,0.2844399511492268,0.07845312121918523,0.12171640507646782,0.03219846715517757,0.17563111906974113,0.11105296941307219,0.127036558609306,0.035487698748570606,0.01442580466294451,0.10505241111138568,0.08119654512710793,0.39623725281925737,0.07385688917080958,0.030003179504463868,0.2170215996916087,0.033364532837193525,0.16549705061285078,0.021063378019118034,0.04686798608112126,0.06106599421896094,0.14589813366539342,0.06556621876712639,0.339381750211489,0.0005659998898000593,0.17519851931093988,0.025252981844238683,0.19796346757250452,0.0
669,0.10424814496752086,0.2189582837023488,0.09266698266599727,0.08735415815193555,0.18752243412489927,0.15815849089228065,0.07451425837509945,0.13045318298441183,0.2264563085216599,0.005558439550030502,0.015662115473377564,0.21801328511643076,0.20699738317040137,0.007950139108196683,0.018057723648521987,0.08542612461430446,0.0912874969641086,0.15319987984309053,0.060644053654914494,0.23724438647406243,0.012172344014104289,0.00621198056828517,0.07421361139477196,0.11076688430387555,0.17162498645487168,0.08346128210528216,0.1310435459459048,0.2844708070077827,0.06451578895654068,0.04207127001855911,0.15441697720060388,0.0824956144772689,0.24126931608977684,0.058074704708312726,0.1233793666850662,0.014190848504196649,0.09742805471868729,0.044943093504512754,0.0921209636714102,0.01341877694522851,0.052540540631387085,0.1277946450511811,0.09378551637886473,0.041860736765175766,0.0758622397763199,2.897198324832103e-07,0.0785153244691365,0.03333050958472946,0.33456412258490253,0.0
670,0.1566092442390815,0.14532032801294356,0.1672749376792482,0.12303965038860454,0.19634895846000278,0.14213320885848302,0.16333600963166658,0.1523054307759697,0.10329850371431465,0.01456620731653768,0.03277545149464264,0.12836720072267382,0.2585262355937102,0.0010224919926524714,3.987531353507566e-05,0.05071880744546208,0.09066737745236104,0.1432983026628814,0.11870425068247206,0.1346111720821851,0.016192535213271436,0.06413170205472098,0.12572745650729708,0.0379906031974832,0.08388402983267608,0.00889991539379737,0.2889453422108214,0.032029605145751684,3.234023601616754e-06,0.07139796407193738,0.05821544388245125,0.04818556711033006,0.24292897994988175,0.289421180661996,0.05305435434155943,6.628718652243134e-05,0.04499531340285625,0.08789681402036546,0.061002116440117535,0.06869456505767944,0.014046434939648226,0.08414027574391908,0.2708892951178992,0.2783228583662702,0.37093682349700574,1.049434553193983e-05,0.04519010123532738,0.04919287306938395,0.06508458083122497,0.0
671,0.18623049771558597,0.03776167805248707,0.05643395638364369,0.03593362398400867,0.079769004800903,0.08420278278424176,0.012595303105919808,0.13425705376028096,0.16502049285259304,0.06200979834078644,0.043356563771207994,0.3174874933795035,0.20688787030006855,0.008094147814458908,1.9328996686573745e-08,0.0120983091214017,0.0593540546202609,0.11122610723811406,0.0845990259535818,0.10855222535772936,0.060336785498428684,0.0005632365906440366,0.10261051833947187,0.11223973060724535,0.1671397107950073,0.0003153521273370357,0.21396018631342964,0.09738159026065929,0.003032748005446011,0.01636414376464526,0.02860533821711926,0.18734530432629956,0.16086230176684782,0.22663620336520177,0.2944542638945341,0.0018291379635023619,0.02615400653502538,0.004444958932973583,0.16102034990762798,0.049036457314363964,0.05965679292666865,0.14688520888703419,0.22300678508616883,0.17042180234857932,0.16012030663009919,2.3887542252158395e-12,0.04771055559966792,0.11321567937476991,0.26161300043472396,0.0
672,0.08822575297716355,0.06402723623389173,0.13893259362146815,0.07120222927177448,0.13604180997913662,0.10899291080013979,0.028385139915894406,0.16961125815673095,0.09713823837085178,0.08584130594810169,0.1803905395919913,0.1990486360795143,0.1195198761395265,0.06477288193255405,0.016726531348458265,0.04625045261873491,0.134647524563856,0.06577800788019726,0.051873630159235344,0.1918169177941102,0.005916464232853876,8.688627353861812e-05,0.1855413380198187,0.05993249681429447,0.12249727824770504,0.03520808617537788,0.21261951334017642,0.06886718498582085,0.03287708478471459,0.017909786451305264,0.017798351408467313,0.24890744958584216,0.3787538559519695,0.12749047806018535,0.08531432298132302,0.007015624775473119,0.14822161478870147,0.178688505251415,0.25491179303236217,0.009219254861836803,0.11633673140954137,0.014995217210972692,0.046426322356994586,0.15881569354580025,0.49489469634017713,0.09766395187375741,0.2612949141790367,0.049444790433729645,0.21567226174916052,0.0
673,0.1366229084230641,0.11561450541357247,0.10035730454129936,0.12518697448123875,0.12736421454582275,0.23066286022124416,0.01625931395012151,0.1526788515461484,0.11313610793824608,7.861904773990246e-06,0.021778883435545775,0.23391835940675207,0.08969965027903794,2.5279498761247035e-05,0.001590980855822508,0.06354915822030806,0.18453919322827195,0.2462483310487023,0.18270610389163097,0.0879165374525901,0.001284059462243983,0.00022519935409917995,0.09570316790052666,0.10029977065905038,0.18135649022179756,0.17084389863795538,0.2594207276879073,0.2538112439819135,0.011984468794176638,0.17771851384748275,0.0018836359661892597,0.2821362465222883,0.289724655941229,0.05019908233354115,0.16851522425377158,0.039649879262145374,0.1595356910275199,0.09316330209208838,0.06305134910136567,0.022720619040466433,0.10398078178916387,0.06878392769401635,0.15335240904994105,0.10641058064622659,0.07798991302569327,1.6272359384655963e-10,0.15197355317203062,0.026305339511451253,0.20576050425534312,0.0
674,0.1825356007265938,0.0967537948634572,0.1712371548505986,0.02858105309459355,0.1331868546039156,0.15851618664696987,0.0659331916842674,0.2571499566110508,0.12670885297332862,0.027056629005006636,0.1166067320323574,0.02943894709601065,0.38956205146048806,0.00041063392636176457,0.00021791819190161244,0.01744014129734689,0.14872429634391077,0.4315014961283305,0.14341544609282522,0.0710524692915965,0.03240301832492514,0.03126893845016066,0.059629645394710724,0.03439461059644704,0.07030448963409801,0.1682664063772145,0.15724223128709502,0.05158816019921384,0.039263566023422986,0.13692113807880207,0.01924708854147447,0.1288602389844195,0.2935487348854001,0.1990578252367446,0.13569342708591664,0.0004649666261414519,0.11874913472839124,0.01042028461445044,0.11688174649665464,0.017604131071981433,0.03601185048385059,0.09238738842004804,0.5036359157143878,0.11717322077272124,0.2051181964347441,7.094321905312087e-08,0.01816500557476681,0.055743283942629514,0.19654722573089933,0.0
675,0.01120909963793561,0.020027738612616055,0.07195798665502172,0.015758715333711246,0.266519204442731,0.1575426856846174,0.06269214893642067,0.18396364755880354,0.13168127348569345,0.02436531309328989,0.17933086884186286,0.16272530626660126,0.1999157268109905,0.007804122474877103,0.02630637938589231,0.07777932117763342,0.09551159635084636,0.1113611468614746,0.0419686682927621,0.07931362574130547,0.03753458851464458,0.13221162301996203,0.10899692157098738,0.096407733168824,0.02182233764021133,0.08546617081341334,0.2684116225783938,0.057821817860955485,0.02474419072589805,0.07928909910679668,0.0377140339063774,0.05309886490295009,0.10823403308572438,0.10854938826506882,0.30631926575553253,0.011249356115338697,0.10010072263044081,0.0018355634853963237,0.08043762518602339,0.09339676199218425,0.35058809922896883,0.09434359568226657,0.2734167860191646,0.15827188998070127,0.3249314256196494,0.0007152083320974517,0.055587079869593124,0.2261188247726302,0.07442934547404548,0.0
676,0.1873413713527626,0.12402208464549791,0.20385790054004543,0.07101038786027172,0.08768468339634,0.06275996579692313,0.044746284712183934,0.2847170980723683,0.041981539151034475,0.02158075542051902,0.08477306158590173,0.14675018064361048,0.2428608430515441,0.007962245919023744,0.003846995833837116,0.02916461046807378,0.1747325957335077,0.21942282081444836,0.13658095401593154,0.19682991834637006,0.0318686970157311,1.617939216228645e-09,0.32141359386662294,0.010686654138778751,0.06195443968618003,0.041438185818630166,0.13697160467183314,0.06412003318190614,0.0009269590783165976,0.1303842987054898,0.002653894702834622,0.20672018722694552,0.16782668048349839,0.17842862082675037,0.0360443387102031,0.09045959952592653,0.16658835801214342,0.06919393757203454,0.10149554995023827,0.1486697284820042,0.02919332935533168,0.07442094983807167,0.12329728610480777,0.2050722631358862,0.26151729635718884,0.0003318827882557643,0.16845411370181482,0.019961929146563414,0.14264889688763285,0.0
677,0.07518123053322692,0.0331690749091144,0.13200798469925384,0.08264766629373062,0.1760823493499414,0.117319053160544,0.011124360528476056,0.05476851805145789,0.24555633646395303,0.011716507661445432,0.12813338094250978,0.17629880108164167,0.03458635617395204,0.1260652877673325,0.03922150108603332,0.009014248040197405,0.04477140628851438,0.405083929921328,0.09020059135779576,0.08503712729310732,0.0011237700783497627,9.324398257490307e-07,0.14947183007615364,0.19025402842557695,0.2539809512069698,0.0182102942949804,0.16041822833673527,0.15580740946308982,0.014969644742245025,0.023594627043372667,0.011344765581878954,0.04236529336085017,0.1635795048430361,0.2297195563005662,0.13809640438797824,0.014636426681775163,0.04594224449217934,0.03694345218910325,0.19283703179858544,0.019005855440089165,0.02035706158315386,0.03700867426651941,0.3058539496233125,0.1551648018092567,0.1385018072148201,5.867375836638631e-08,0.04033386252032866,0.03913257587638699,0.11002682859746694,0.0
678,0.0804295828719063,0.02877289323061875,0.12949955653244286,0.12236219289492829,0.15385162088085894,0.3811203075502816,0.08340518630862222,0.23508862195422967,0.028121359446646198,0.01326056257709042,0.011341844479900253,0.054618680055069105,0.13060273313351625,0.00012162410311093831,2.3387476164671272e-05,0.049155080405274644,0.17346116038416579,0.12579679377993708,0.12298886007334237,0.12937982545549026,0.029452401950827985,0.0017100727764545445,0.06420751975632569,0.032458186815905565,0.08365650831212114,0.0185006052936661,0.3109210010762856,0.07802231335354798,0.0025652795340414722,0.03326683264990592,0.016019110365909153,0.15524622225246382,0.2372214623248849,0.136682231804409,0.1682317626685522,0.03465071575909297,0.005216483771299616,0.044035634036298066,0.036344940685407785,0.00948719562098644,0.05515268861161881,0.2016642882553616,0.3463938952572765,0.11021190958994098,0.040331476205940436,0.0002129241123137989,0.0491752709991041,0.00490575523207923,0.3851644086278348,0.0
679,0.013154606889858235,0.11882592164908543,0.15260432566932697,0.07280739719442689,0.28231253220978414,0.3758827882919023,0.04058377914347904,0.10531510140214201,0.12739197497415355,0.10546174658568742,0.024733739696066973,0.25995939125529544,0.1294297409870618,0.004579734308521622,0.024688724243994927,0.08282896404934399,0.10483748976333815,0.1815921134796897,0.18277435743841047,0.253496142149198,0.02189292836793431,0.004318476972334813,0.09934498651469578,0.005507792684749893,0.22167824313802986,0.031723635113010004,0.06572499321638511,0.0880223673158151,0.0003650875276031934,0.23042127577035612,0.054553405921549336,0.04391872857872193,0.05906916361922324,0.2559798653509196,0.10210726706347725,0.0001885240683416645,0.08498946168951392,0.09004200644752756,0.22987724991864336,0.004355968673239617,0.028398840772488897,0.16291372706743198,0.1935979664292895,0.08403412387531999,0.13501772310876212,2.323816289517985e-05,0.013074564057804548,0.04739898532652406,0.10674141413521794,0.0
680,0.12952796729013807,0.07244379461796968,0.1858226445563725,0.2315072214042402,0.20035420833837286,0.05671708817124317,0.018116172509077485,0.18294021484274298,0.06690142431341894,0.0006658509086110674,0.017645932476138416,0.1300355940077297,0.05545038286188834,0.0023439234196277626,0.024156001670939103,0.06860085929869285,0.19319994615771893,0.30663962285872903,0.19780272475972635,0.2853381858733061,0.03920301514429022,0.0002084077108898604,0.10115998013996992,0.05293838466776531,0.1320719795187096,0.001736697300706036,0.06394895178243624,0.10830854738149481,0.03786085777975754,0.06492444519792842,0.012606096310295195,0.18141322783241698,0.07081696148795032,0.3599950352797972,0.20205789777632435,0.0003368849593395241,0.31905152946773147,0.00312629179354852,0.11235837662050333,0.003423542344443268,0.05877543469346893,0.1343327516155085,0.2178667150088191,0.33013088407625013,0.25244608779756417,2.5782538849659677e-13,0.06145959169480928,0.009197657475867602,0.04190623061097143,0.0
681,0.049302777888786835,0.1654037340634394,0.12945202495743005,0.12093610779302477,0.18582838659483406,0.28002861611082386,0.1600516685553219,0.2675859654182831,0.15361513566256668,0.028364363172812712,0.10499470678488489,0.09025866502947581,0.20949930068784103,0.021226148402797643,0.039208757264851644,0.005776322668849638,0.1782932259261835,0.1938803655941404,0.2193122929896085,0.22100614214717232,0.02502457264549917,0.007727279638178537,0.22496288918282714,0.1974906835878642,0.04503793493687327,0.06918313710913793,0.2928573712195084,0.1635176688458331,0.025433960793463842,0.04752286976525655,0.029750296383627466,0.05631311279320712,0.123299424978787,0.2168205982852129,0.04423793432117924,0.002382675018474946,0.025018968320532447,0.12798913022347666,0.09692318255046242,0.13009643524537762,0.051023719497677485,0.13012420574299463,0.23655661629015787,0.08344317710289496,0.11509207625301651,3.7994230254140414e-11,0.14039856305536555,0.04287186478110392,0.050963425181064725,0.0
682,0.2635793328466005,0.05745463213731547,0.12435596147536353,0.021095489832249258,0.124122711637902,0.15347183739554657,0.003906097502562837,0.13040685977722555,0.042012987694628155,0.00638672326656317,0.013453941655869913,0.35823054370868596,0.2801771851895792,0.00012842836821014923,0.003102246040357962,0.05486230074382019,0.379173585960583,0.17086272568497302,0.0650724379125687,0.2376624786819109,0.027239265628461497,9.410574734173057e-05,0.12269166044809286,0.09977125722034202,0.2841270874611889,0.07507662139568787,0.1444926909220821,0.13877425569414625,0.0010630289265514536,0.36083083176970504,0.017574913054313582,0.06091269436620377,0.1823886358600558,0.09772400767221415,0.21202177510064818,0.018449398567109115,0.233380519853531,0.016798307060230902,0.1583784854232109,0.14185753202015677,0.018914471623247973,0.10896352795995438,0.08219889095506122,0.14046016170960093,0.40831462412214825,2.0946393018441865e-10,0.09947300726320131,0.009166788107633632,0.46141737479560274,0.0
683,0.14104070867103166,0.09907371059249968,0.17173950532927523,0.11355815183355536,0.2522823497976187,0.1604299141845166,0.02816015205913284,0.20887196942013042,0.12266971459143661,0.0045114623143318565,0.035060365734035315,0.1762925749851601,0.12361569164406158,0.0004794107373474951,5.59848802699262e-11,0.02499094689597779,0.2577637558206617,0.34776078986465925,0.02451984431972623,0.0738837287502751,0.021577215841622602,5.788761892457141e-05,0.13235292356910108,0.024683848175236455,0.12590862368049138,0.038081907200740645,0.20761452741631956,0.15550901062964517,0.07830026236468739,0.10040590955860425,0.042489077628043694,0.04369466718526172,0.10752699533899422,0.053394255577876276,0.32992814338980053,0.000962177924985867,0.06541479659291692,0.018893104692739332,0.057637791890095,0.01778937976932781,0.04089114766616196,0.11041060197273037,0.2370632752873697,0.1521941963181016,0.16603802036022716,1.8347634007328996e-07,0.04325030262183993,0.0149623660021587,0.06641087120132587,0.0
684,0.163430752326847,0.14934524674097577,0.22825316602251125,0.12576670596476808,0.17634076256925074,0.09931397487368133,0.044808588910468974,0.18666049421039196,0.18783007919035388,0.033293227219595344,0.004971491608681177,0.33745675071538417,0.021490471240148,5.771990149872764e-06,0.00217348778854096,0.027660120963635595,0.1588131089176263,0.11026768709168987,0.2332164756858212,0.07850991785005802,0.006866849758729054,0.004587238843171008,0.2041168673903225,0.13583800219906492,0.1737453640618622,0.01070220954547563,0.4263627850248193,0.052025767166256356,0.0005190683677197066,0.05683139794246746,0.03337630850645822,0.029198508689240336,0.3172360983711675,0.29503806568164825,0.11880900824269622,0.01355763695649209,0.038089344052633305,0.06493523655462312,0.1770922260025381,0.3022579361565217,0.07721996883848346,0.08956381390389502,0.09525466695362811,0.03277221056264808,0.02839853663884508,2.8414553683955616e-13,0.029349428209660394,0.10139062896974567,0.22158487316674222,0.0
685,0.07157391935196396,0.08554268836737529,0.2209551144560753,0.07946524942622574,0.06723694540008741,0.05006324018696276,0.02381825519815911,0.22281134936484961,0.08943806919130437,0.023311345392746017,0.008735879441584335,0.16382921599967837,0.031048796090300337,0.023361690738911447,0.00038584960529759624,0.0029985280062583236,0.32469317623890465,0.044242896494469885,0.22322490016225247,0.12262810836002963,0.006436253176633717,6.533994828736758e-07,0.025284704712454417,0.21956032679138698,0.10770473649417661,0.03717403949028261,0.09934576799100157,0.1781004129310313,0.0175769751371466,0.1471929393673731,0.06122726814788647,0.13216813574803662,0.19227680881750805,0.10705559286524166,0.33940520064776125,0.0317582614721502,0.04046324686680733,0.05118479990187077,0.07067038829932072,0.03792977014110547,0.14211418742599471,0.05768279298370308,0.04629148409055241,0.1287003751356042,0.20812743014981985,1.1066278270614638e-08,0.08102362402690458,0.028860002088164926,0.44251525007490067,0.0
686,0.0905015734562066,0.17456856892990538,0.011304983169165063,0.04281594468797451,0.21740025252545697,0.18536250522963665,0.00015383822989979367,0.21400968036125637,0.10858139752465946,0.12454686645034797,0.011823073100504544,0.03634473865333217,0.15753180188639201,9.63781664087313e-06,1.9477141089713337e-06,0.08039087970481412,0.13587019131182154,0.09811677195701504,0.144567990362441,0.052974592649353724,0.007263099089770617,0.0095476827962209,0.11510905661722366,0.045219725768539526,0.2721653530303067,0.008475227242930155,0.24346333313048182,0.13333756936200755,0.012690569229353705,0.1468110416857094,0.0291570326641874,0.06723954886047259,0.16534310875206967,0.024486684740525615,0.09478121425265014,0.06563811904377514,0.13756478730274013,0.09365164701112232,0.3757448893405248,0.05899301342894488,0.051705827547517805,0.13810859745424175,0.25942859425511494,0.21100260225662898,0.3129762926581127,0.013861656152535142,0.24740882691729899,0.006536317214014512,0.26563333946064427,0.0
687,0.15004301072453394,0.2023905620662802,0.14476013052232323,0.02709753505017625,0.15619306428674443,0.19520485737324034,0.008037722853616168,0.13389509227431778,0.05555458227133854,0.0005277509366902327,0.038101896617709574,0.5187253825151499,0.14005374690785313,0.0003207003497655029,5.173507685672455e-11,0.0066747251966527915,0.11423429720114854,0.0475551891428455,0.216058146180919,0.11002628504190899,0.018657931845656346,5.649537094269858e-06,0.22052094654512905,0.12842947818713235,0.11971496906933654,0.14258316239214583,0.13801554195537635,0.10169241796916342,0.03919041098665492,0.08280861226511751,0.004582540172613273,0.3342577488825978,0.24289403337164692,0.09093331878906434,0.1027834839736919,0.036916926475772674,0.029781214932556397,0.0807023440210398,0.23391066439205174,0.028155168888796253,0.1169852299369467,0.06592877916318832,0.43838100972653155,0.14205176319730956,0.11229679198906457,0.0007309837035489648,0.06941426702183452,0.17603987100138072,0.14978280780332265,0.0
688,0.13465676140791732,0.13065205003457428,0.10023318683135174,0.02701002873704079,0.08064888441422388,0.2580044439721053,0.06866812158680853,0.020082323501216675,0.026515095637565256,0.0017276228718140164,0.05247482811310079,0.11909836029594854,0.30078752745734133,0.07093740072195115,0.02578372761551821,0.03838335776766838,0.2149890859885271,0.2274704928926614,0.1003225586772176,0.13544865790845062,0.04433901709016425,0.0035823431507965575,0.1491797896641418,0.13664167368646363,0.08284148790250703,0.007975756174753764,0.19628980527309509,0.00842456233307295,0.008566346823198234,0.04633620183921058,0.012158709461746608,0.09382851693017275,0.06999075809046429,0.22273278858763246,0.08923444805127692,0.07632581915025073,0.0237156701370551,0.12566099433384315,0.07886211061400206,0.05841586042139648,0.060752044155759306,0.12085434272942965,0.39145050703091366,0.20330211999228903,0.2941892561003675,2.726684781183632e-14,0.02921519797382111,0.004861170756970292,0.13935278773036183,0.0
689,0.32634605949559814,0.00871135891352845,0.04689901890693951,0.03487275016107279,0.4325919826194565,0.1289997977616702,0.011991081066402846,0.2569784490784996,0.042257913290123766,0.06813585839811553,0.07267548598745452,0.3192916880039407,0.23378430509790826,3.450124833316403e-06,0.051159223618558194,0.00011713861691784552,0.14288313628431007,0.17804438616646825,0.04723523857677282,0.2193541262128834,0.0006216269131000826,0.0003008720887454146,0.07814098216139272,0.06495870395677092,0.09646970200082854,0.11390184338894702,0.08785668833463668,0.3680512220115455,0.08112548260058529,0.00630095606888847,0.03964849999107696,0.10936858831615605,0.08674993825541619,0.25841118498887433,0.1396887337008399,0.04872825018667212,0.09750209437613586,0.049459934650000426,0.16525898201109862,0.000618971916611111,0.030896696988708408,0.038702170418506925,0.2087725406625485,0.14881144090251516,0.14139731369920908,1.8624138982261773e-08,0.07049957543220782,0.09088362004523026,0.07998028275001728,0.0
690,0.2183987855378424,0.05213079334746863,0.04065409376095984,0.1675967121675698,0.09096402402955489,0.24506497038632707,0.006629828589800546,0.11823363043502484,0.031180917505419816,0.0006285006951497957,0.01831653272437876,0.20292619866979458,0.1464747490579386,3.0693373458730485e-07,0.00797982992922203,0.14441768109349118,0.13653444569891754,0.07757516551175125,0.1335560107204913,0.2722085353545841,0.003535002085722877,0.011063625208328022,0.1255345151600944,0.029051155292381493,0.062183333961687445,0.0006845946765579913,0.1324353731568027,0.009803819874653842,0.00977025786831984,0.05093450827120359,0.009043221749706253,0.026579646205362857,0.1232180156338406,0.1280610693716395,0.12932845617450842,0.003600041653905172,0.11557492067310086,0.06849313436216063,0.16262694498720143,0.009091468591384206,0.09940434954191738,0.15752466419375635,0.08274828249759415,0.08132750623871152,0.038106527621946745,6.324780267794347e-08,0.04104839418025428,0.03111425482748742,0.22744315546377641,0.0
691,0.15198163717209204,0.03200571299186376,0.034274182985147,0.09178161441287412,0.24035712484326488,0.14812522048477939,0.03631646293746226,0.13729859017239415,0.08489714279882736,0.003549430631205264,0.015449362113315192,0.20926486133780214,0.2741997029855589,0.0031357560435140825,1.873804140987044e-12,0.053880737153737715,0.2893846112790933,0.15881240616669018,0.05764752063878926,0.267406504733353,0.0011111751609437295,0.009810525647803001,0.3267224675069104,0.04610339365045347,0.04754662747075538,0.03350152717988544,0.15540187657869856,0.2069350940122116,0.07327184752052618,0.05252409980045574,8.627115432859495e-06,0.19577696998344216,0.23436689099341126,0.30854246248357275,0.22358061709366803,0.0016510476842850313,0.09836117627387056,0.02756232794285127,0.16351379247417622,0.01714115891022844,0.11690477092686005,0.048514321350750414,0.05689447333069513,0.128852755481883,0.22016841854135613,2.782603690266234e-19,0.11865193427289868,0.0494083056595873,0.25937014614711384,0.0
692,0.08398935206162807,0.05823675169214874,0.08702434173576168,0.06705117081399217,0.11861698987008074,0.18075174556038184,0.01026320550774772,0.15947070160181157,0.027594398129721247,0.03247375146871041,0.03918308250425074,0.12810552231356984,0.23188570844657289,0.00399368842214267,3.5745106668496893e-07,0.011577700678508055,0.25551354170362955,0.4029221344527455,0.08413046439222091,0.22537504911509942,0.05046386069365517,0.00854213986359715,0.13110914638841512,0.04973685520245037,0.15378961939827354,0.01807243999725958,0.1394903099668681,0.15288339090488895,0.009885927399724942,0.044060747368293136,1.2073364304892567e-05,0.2523901251879091,0.13094401242401296,0.1902617057977651,0.057821347917962125,0.0020250700878088382,0.12576853073683808,0.13363198197841386,0.05626223886789751,0.004866967813094965,0.11512172446354121,0.10822187645534849,0.3397992617102487,0.16097124473244193,0.1703317341025622,0.00016247492704057168,0.03143282050777483,0.01367442113942243,0.14323557469953926,0.0
693,0.0705422855714773,0.10946834019691494,0.23490314893039918,0.20366010392830716,0.12015021494952328,0.19554894796923925,0.051507302015375636,0.12894182091188114,0.1255005672858849,0.06978827539784849,0.010470085346834891,0.20152804893953927,0.18911991429656425,4.21128416740053e-05,6.402416775614249e-07,0.04378352639753085,0.2791816638996547,0.2626647255867967,0.36790166780722605,0.055587062478228276,0.06781173984777178,1.7916306684441686e-07,0.14138275154934785,0.028040931278230933,0.010056752405223383,0.05151292015563789,0.17889868525567043,0.125137846894011,0.0053867144926379555,0.05492390204825556,0.005263504302575473,0.22477228072305253,0.16104298856478783,0.18132745894559982,0.116805454495636,0.0396653300444244,0.0720670986744915,0.03696770137478526,0.3600957458887137,0.027051817736116392,0.024044215243379352,0.04314238836350058,0.21239920034115714,0.1837805727874833,0.08928685222848039,1.9528271301267535e-06,0.16265121566007298,0.007311432176706971,0.18886312481324297,0.0
694,0.09247163734790632,0.10804069449557172,0.16383308290752688,0.03665086485736598,0.2553526295116086,0.22277651445175567,0.04776549188947419,0.3304576276490514,0.16222064761598864,0.003981196703235226,0.003871138580291262,0.3338283215113535,0.10835530795140703,0.07562946698166603,0.005907183191380936,0.06258924072265339,0.10352518474476324,0.2817159170433618,0.13637696002186514,0.04229372958412859,0.11497550404979244,1.383220114874835e-05,0.07454378921944747,0.006584217960857069,0.045027646063646634,0.06735452353033336,0.1920487232692682,0.11367480153155463,0.01797766848252384,0.014424800635858477,0.00041525756039372896,0.06454957157086313,0.12715758951405087,0.15578627666919756,0.04537250338351083,0.05681562707648422,0.09530172648120333,0.16608909667191046,0.20241025460644352,0.0752890555811729,0.16445924166953266,0.17212590658762714,0.2252220255200218,0.11372946625973918,0.11837473310256906,3.5747760034821266e-08,0.2827694259224716,0.0009079949521403668,0.14094482165114577,0.0
695,0.12547553857844979,0.021089956889505847,0.06431998648947915,0.01813093402218322,0.3154160044558263,0.3260897569051815,0.02079225096755818,0.2538799829972831,0.17842123460716522,0.02410302736408122,0.014357000968912932,0.16839757933144514,0.2050205128302791,0.0001423120416269902,0.03622755095264362,0.08357099155924215,0.27000003885406404,0.10561769042994165,0.07715376631307617,0.17427024779658176,0.010463587299048453,1.313480488160494e-05,0.05866755165863989,0.025612635773094212,0.14697359328264023,0.22136752521166936,0.16339407256406796,0.05737653758466144,0.007910508443173921,0.0965790844414092,0.004730590470547767,0.014615050244930206,0.3504633526489159,0.21239047005167802,0.14664253567609478,0.007916275927685104,0.018480508517168117,0.12763907914362466,0.09557128918752521,0.006069846523583836,0.10443327157613498,0.24216083530625457,0.16640606370776398,0.05694914517017655,0.05019052378339235,0.0337318460811607,0.036002346648132164,0.019766782751849617,0.29265368017628335,0.0
696,0.09258595979867434,0.04942183437944601,0.017716919348581425,0.17355570348591895,0.04314137381418015,0.18762884003551417,0.12813241050514823,0.23108519290084614,0.021332278825435067,0.14210403716170025,0.0040393310636904455,0.3166074421472858,0.21788207148969968,0.00023092849950319966,0.0011998146106339106,0.2176574916618213,0.1153789316694203,0.21603964537913425,0.09696634872055586,0.12755598854211175,0.05424496101694186,0.0008797967094380283,0.11740680528129334,0.09305906020738933,0.0493510096298217,0.08754560057253681,0.1625808970643407,0.08633416952386283,0.07189545030300282,0.0791645037980655,0.03202541673485054,0.2992891881959824,0.19192656103948771,0.04761419916483799,0.05379112729435563,0.002434309202663101,0.025415690726178324,0.00800937578030155,0.11174885558228752,0.039447232133921144,0.001379841104608428,0.05984223228981017,0.10336137818075788,0.12284600349580252,0.21326646378011846,1.57677413028826e-08,0.06461831532049948,0.0007029285064080065,0.1477390851055093,0.0
697,0.10344588048385875,0.08543810576579006,0.13609802213519875,0.10520538791073276,0.035727866670215755,0.246349594314065,0.09207091389799289,0.1083515071891395,0.11718847843375148,7.653908790581942e-06,0.026465871864622126,0.08009942764610199,0.2401884986493522,3.211333312409598e-08,0.011299373766447055,0.06732948787611583,0.27605990284606313,0.18188433255698622,0.1516111826902204,0.09511690554027329,0.0016869629259791661,6.506933510651881e-05,0.1579530467581851,0.10155709242859988,0.26565280002669117,0.06461534437779097,0.2776081330598142,0.01936486611915162,0.034987346451939835,0.08591615282130366,0.04209991377283849,0.056743722503641236,0.26042776492842307,0.1510077883382728,0.15461275721461779,0.09665057907283992,0.009701737539613373,0.009832991233082483,0.14486034238158713,0.0036657933136036106,0.029451296251060063,0.15592349298592106,0.27954172619147516,0.27381811465745276,0.0992626986572339,2.251131665438095e-09,0.09271312090704575,0.08898944719408654,0.11149375795087665,0.0
698,0.08632078154778453,0.17255052527512557,0.028068672467303386,0.09844467837232015,0.07097598469818585,0.14865142384244304,0.012382943425120816,0.12327142752254686,0.09089465743833773,1.8250530733336307e-05,0.007749152613159189,0.27568570873617215,0.060246788445443115,0.09018340277233544,4.967484531667487e-07,0.006279636691320902,0.20487809409779084,0.2684080084012957,0.15088743518525288,0.08575757180690073,0.00034132693803817825,0.0005165039410860489,0.22883437799766398,0.005554716480280039,0.13800205140469965,0.011129631832859449,0.2809301923713655,0.10529334471295036,0.002357264431713288,0.17229877586665623,0.08094517609153319,0.010057062531905421,0.16909724874507376,0.17459189331705863,0.025033666839714384,0.016970821699604205,0.06516053682505106,0.06746983152220946,0.12761133019443455,0.02788227533582533,0.07742135499260591,0.03245248304326098,0.25271645919970886,0.2200069061810691,0.17131529956449604,7.79382972224844e-16,0.07168001148127576,0.08135486904116383,0.20774044010468032,0.0
699,0.18315725974723032,0.08537223776251023,0.03614035800121794,0.1251605911951078,0.09461792264450654,0.2510072942882977,0.005399650291190953,0.051590326478418304,0.24695438391521407,0.016193324294350223,0.0526511078933214,0.33108187962543767,0.1749417488213088,0.0007169444249499596,2.5817931831249805e-09,0.037722116384490745,0.3829279993066279,0.3029573447993706,0.1488075948388043,0.033736146752503166,0.003167780684060987,0.004821808529465533,0.13067541753952763,0.21076719745441946,0.0852083230901105,0.058796410144164195,0.1958425817088485,0.1675964810100959,0.0009127957936487871,0.10053443665620156,0.04349500287860672,0.0386874669970373,0.11232128469139331,0.1058773253417236,0.15216726867032188,0.004518012262766828,0.1343786493040667,0.03444961107468136,0.158983241082237,0.030118088392363886,0.04189692154967979,0.19047933725722457,0.04354327176150218,0.3223107182337707,0.04481972688305836,1.2837004254682986e-07,0.06547894411036129,0.023074461147955208,0.35029023755614597,0.0
700,0.03805591422221775,0.08470236779643234,0.15583411158331623,0.30855569804372873,0.12977305898792027,0.07988864290838826,0.010739614465546204,0.1828793716055309,0.1783882447474972,0.0006742909287756265,0.137572497005163,0.2515829023004283,0.2120438219386184,0.04462931273096907,0.007561523904674218,0.016734189311568885,0.1086172763654532,0.14594064893844788,0.06572897679380858,0.20829104075417149,0.013124869473556093,0.03713506380119866,0.1063505425278824,0.07878992680345352,0.09882592438608076,0.006568999245328374,0.2175801009743259,0.11866422775519864,0.0008133615142437057,0.05313660020421021,0.0395591379198896,0.14273275125266863,0.18976467435877414,0.38279778828877953,0.11993289666662543,0.007328174941772287,0.0220252525223092,0.18905271985235722,0.13251539799443143,0.07103536103509517,0.07501659206692379,0.30601685516476446,0.2802817859717546,0.18023415925817243,0.19377764793273689,0.001986243061478858,0.126636044960198,0.05961924192055347,0.1890600243339399,0.0
701,0.1522253882858535,0.05937769904048263,0.43483233625969947,0.21911270404321262,0.09487078671766998,0.17668941813835926,0.06915265740104938,0.33310410799152557,0.0997975760150337,0.003537909987820967,0.08243719440401556,0.36611113110966803,0.12851660388589647,3.3481445360759354e-07,0.0012247412395744509,0.07753644501694482,0.07754555709198177,0.1394356842431449,0.10542959724178262,0.2014637309345275,0.04457181877466266,0.007198742449689893,0.18407046822423517,0.016155450164263847,0.05116820472999928,0.00761942190617806,0.2285203309808968,0.2172350337404867,0.0004537316829383729,0.07805738241377229,0.006481317241085473,0.1899770698455118,0.2660636013706497,0.38416592979224284,0.2026056928108947,0.001641125324084061,0.10055775663863804,0.11378477208285062,0.14962783748709618,0.03531698724938591,0.018496404452178594,0.039777280975361345,0.08488014836630699,0.11921347164817414,0.07093948046281429,9.548452906422959e-17,0.0026984176328857844,0.02619289446705139,0.19858957161836158,0.0
702,0.12460497758009524,0.01552868524441929,0.07162574133961612,0.01155634263342503,0.07377476574307198,0.0497973345270966,0.0196431488092464,0.23414559563608126,0.09671637240666352,0.0098476638848533,0.010520605381149834,0.26865403077889155,0.13581060730930775,0.0019264292926511471,0.0018865606743894254,0.17059083947650608,0.15270276285565368,0.0928340050011913,0.14160315673210339,0.11057525474429648,0.0009586716387961833,0.0016185292564316006,0.04615605509417823,0.018340704324801723,0.12399155999115008,0.11561790084227341,0.17906842160191713,0.18727594079562904,0.011599573281899304,0.10672224689891831,0.011399186094011667,0.05873847512760925,0.06322387686397037,0.06810306304103378,0.20322079019042721,0.015667008041611266,0.04460267994442033,0.055819536520298335,0.14500260618708424,0.011426717096102643,0.09123509312554857,0.09408731547260973,0.25191137865653956,0.14067131882821698,0.19695655743852644,5.401324146846956e-05,0.04026323538405639,0.017304385069355686,0.10773180991695713,0.0
703,0.20547620499935695,0.06972529767870468,0.10867045318716716,0.09246248220878181,0.336495761566394,0.386055825806643,0.02539281213873491,0.15733126407764017,0.19385241940322584,0.0003378413189707481,0.07369986936119785,0.21247878702347572,0.2866217419582349,0.0001897440031601867,0.0022150074410231925,0.016686432491491113,0.315955453045937,0.15372865287409326,0.0503274032492057,0.2394977851379858,0.01330901449097353,0.00012188038299317051,0.27706950187695895,0.017015228845727936,0.09558149907197833,0.017656881341058882,0.12388203287131663,0.02175800259242939,0.05246509714598477,0.2135205176378156,0.04550218521029581,0.04445748155390021,0.06358639385487148,0.24859033746141285,0.17938853032195087,0.06580863948338382,0.09879828611998495,0.08500475976391005,0.18290957406123684,0.19915077541082024,0.06894497482559316,0.0322429257137926,0.37724321785783016,0.09933613658901767,0.07439024053556659,0.009546218260457456,0.03881019493493554,0.1352397857050436,0.24166824997093647,0.0
704,0.0665065204965325,0.09735277671829477,0.16761652655686837,0.015464680538236521,0.19546272005061563,0.22008954461318336,0.027548674428262535,0.209351631396489,0.10971076250008026,0.0019318317093288972,0.10529787814935548,0.21831727821074626,0.1309905961355776,0.013233069167639574,3.3064785415256614e-06,0.05694005225905877,0.22556166133230224,0.11324888443566117,0.07289068711717328,0.017332710338152164,0.028303339223955115,0.02054501030968664,0.054029593429095274,0.07012079241158282,0.0977890774092181,0.13884700002160535,0.3228658988736423,0.03794831372080672,0.0838241431693079,0.013451136433224079,0.035803813147979494,0.0951576689303836,0.29441548216905095,0.13900407030717188,0.229710888751386,0.030866135455621613,0.08937386191934224,0.000597564709491608,0.09391094558591549,0.0876173131267052,0.12817412932970898,0.0974925571158631,0.1165186618101981,0.1296290574840296,0.24333469303773247,1.5791553719536374e-06,0.10291604600042832,0.0712401945349065,0.1585014404565253,0.0
705,0.08538071312196892,0.02284889637643176,0.32693076406145666,0.010828205556382574,0.2300667212165493,0.2832979548943663,0.009056312158873548,0.32949595041280766,0.09935640479267563,0.05991821251598545,0.09691891580655734,0.26270310217882464,0.07751350238594527,0.07120075768841025,5.83601075927997e-08,0.07224913854499815,0.14820606363865652,0.24457273370243524,0.14708139291116293,0.15649906835192315,0.0835783760792469,1.2473341448622798e-06,0.1885603300260028,0.11485950311677455,0.1435877981999412,0.07195037539369943,0.06337973067703796,0.12698445714936513,0.024472528203983965,0.1217415880856113,0.04098900424586875,0.06942572068943612,0.020831554836666998,0.13754278973211734,0.08434085964604358,0.011838254648265293,0.07954254810716478,0.09070187933723815,0.18411311509535022,0.06563007648646273,0.06281231409069225,0.2359306742056435,0.19443535371831064,0.2834294530222737,0.19253880647957627,1.9391950637926127e-05,0.049582104974437935,0.0791695291198681,0.159819446035358,0.0
706,0.11753156549429583,0.09659426661125,0.3506073985080716,0.05585101571740124,0.1422332162799222,0.12651945533101497,0.012818959446828596,0.30545833116353915,0.17187264657262064,0.005021824323824549,0.014173848064736387,0.04050668615800944,0.24036591830156134,0.13678929867170553,0.024067305269216174,0.01990371445556023,0.11162011155872317,0.14871753536207183,0.15500598516784098,0.3301401663633724,0.005403407113035703,0.0038148052736816074,0.10885223116304209,0.18363123430084954,0.17119535221387427,0.0528352672715478,0.07296632780674164,0.13555609922414646,0.0037672257595674067,0.030117161695261213,0.012113309528059025,0.09757239677281264,0.09194527072674943,0.1371945507721458,0.04406008446239943,0.1716076207876616,0.05937878188842883,0.18380023682678814,0.11833630071512338,0.02385649776712182,0.009820539915794997,0.11156965325235918,0.23910825012772666,0.09492043849252586,0.11400664009125132,0.02189828494221726,0.05026981938385393,0.23305826817426753,0.3991226877120733,0.0
707,0.06915364419333282,0.1749467166262448,0.2905303151424935,0.12665736993231663,0.18278333710863123,0.21574322071093274,0.028809574807820693,0.13573145861424588,0.04468328110874787,0.09050144336473238,0.16789684000570285,0.050323382979448425,0.2783422569509261,0.00464539972034182,1.1471807018862196e-05,0.03343930318287554,0.2627255352508173,0.09825036854303924,0.14288177657806583,0.06688199160720369,0.005491670701747809,0.10344434208653089,0.05709102822004039,0.09263316191136198,0.06388243547346524,0.031227908770490292,0.22930275751639742,0.08494103892790683,0.01789362014883248,0.2463570662827739,0.016770761199240907,0.07548866433566435,0.14206473241738185,0.14620550168786417,0.14282463329961784,0.01258779129158743,0.039432780920646116,0.12863417483138062,0.38486836845753397,0.3239308103937536,0.020351349096848055,0.04201790344596996,0.18636555466042581,0.17936723170711621,0.3267646508361595,1.2756877528648469e-12,0.045003887683523335,0.0152814607431583,0.10258665352151822,0.0
708,0.03581886273356766,0.16131487864626065,0.1742990069119277,0.06971760124491197,0.07341057599847002,0.0876864231711399,0.0012709884206632209,0.20560649459987407,0.1221041938122297,0.0020271364910320073,0.05713970289332973,0.2605662559954076,0.18016804165272154,0.00770606629600216,0.02371986701753951,0.021526127813376428,0.10050360404653431,0.055178713943069835,0.17831318278513092,0.13569937664040502,0.05170864826682241,0.0850023295901911,0.08153959691686943,0.13304845070687277,0.11367114765790984,0.05096110138789361,0.39353050065326106,0.16363425328447612,0.0038823034770667617,0.07840335141213413,0.006002161503542697,0.033138576206616845,0.1330058606814273,0.19020315584521486,0.0600711206516316,0.03288105234939444,0.11789072223969076,0.047277689987882184,0.26073550284001445,0.03181576174804791,0.028693740359066418,0.0805465044926132,0.2005176717835273,0.1558675102771733,0.09766976068741139,1.0083069659445853e-24,0.04676461902912491,0.0008338239947790255,0.15295855528660016,0.0
709,0.04492686367656622,0.26308285135457443,0.20733598724437452,0.17626137455297544,0.06422041260988023,0.14878744335364952,0.023319459202267703,0.13492701593521897,0.254793264371653,0.0040948443630665285,0.06860316123752654,0.3436520472137665,0.12022197129052391,0.007925892874320635,3.919117726900312e-05,0.08438665932549598,0.2064940817107396,0.36308186284361516,0.06242375970534945,0.09587515211934276,0.02620515033194638,1.988519383992293e-06,0.36460316458979247,0.0622712246347226,0.1711942096333585,0.00836025373817318,0.05797128818873694,0.14836582897265618,0.0819508889159805,0.11238140638972333,0.005762957802363693,0.03173534848245301,0.11098415748192485,0.34796057954966225,0.06653693268042873,0.023998363219723474,0.0605840143088729,0.100080212417886,0.023157024398585458,0.020299839374709812,0.08857417395456263,0.014749194137883588,0.3840062382213742,0.1892849264576657,0.14917896482487686,2.599954789487512e-05,0.1117814023459805,0.00988180172313802,0.22705631962901737,0.0
710,0.08426285081781888,0.08659202562122201,0.22215593413545365,0.1075316829301304,0.18317984230289208,0.05543589824117337,0.04937515836402284,0.31558677784795863,0.09324207108397373,0.00037796893042553264,0.07197726748777347,0.2911602311729796,0.1738606757355921,1.540060782985858e-07,0.016954256657110683,0.014742079816623555,0.12539482062845342,0.13856312816171526,0.0704515949443904,0.23324804883940922,0.051850728757323536,0.00011564559130526943,0.08749687117995834,0.07677076548645413,0.12449168378406142,0.0096424669889977,0.45032346594604683,0.10470328948184904,2.3782144817469906e-05,0.051214008753931034,0.00044022429179000423,0.010415715016846893,0.11671552224259917,0.06688986973650943,0.12506112102912748,0.0014734970131793747,0.014500338167559459,0.12139276711253762,0.23134918829631465,0.0027217432283633556,0.3390716132954719,0.07100511096753599,0.2765951176068411,0.24371801881217556,0.3365048984093917,0.0001463508706202564,0.06366866788665201,0.04156195598500006,0.24004859568507067,0.0
711,0.06420963620200652,0.027452412716431823,0.18126311210751167,0.08055398413633125,0.19853758530669083,0.05961386577387078,0.010027828405363318,0.07770989563172909,0.204988293903012,0.006187113607875945,0.05495023059392849,0.4278158541156829,0.2578270305271091,2.8073688326585986e-05,0.0009232365641830047,0.015517622541714559,0.15657753592972784,0.24964337263717087,0.05915495090031071,0.10499809224187252,0.03240342750020866,1.1808665029975736e-05,0.4340640771237164,0.02274331066982254,0.01686257468649587,0.016871895992645023,0.08993448433154871,0.2345858930462016,0.031408386092324964,0.3193067725579714,0.006652332680465727,0.07775040634915033,0.08703553880827723,0.1422430770713176,0.21335995115416484,0.13718244093077242,0.05896051013972909,0.005426529742868444,0.23566999164894006,0.05397812545650961,0.13680474539966858,0.055933645334583976,0.04900477359816572,0.1032083951628484,0.24532974875873886,2.8997733795796334e-06,0.21438664221044024,0.03660962300297515,0.29525076638465425,0.0
712,0.11951361775060612,0.055025404510240974,0.06811103957052521,0.13373040578170112,0.07779729639939222,0.1498155131310375,0.022389085063194505,0.1612608111990138,0.052846072673464084,0.002118354049373099,0.013586215136185324,0.394756989786984,0.28088460671736604,0.008443365039190716,9.05734353025064e-06,0.04902459865052238,0.2042917673151501,0.0976703643159644,0.32009264700107914,0.09574966698640047,0.05707347350107574,0.0007996639669095564,0.11617773518472337,0.07545708399365143,0.023847294022869198,0.09628295327302018,0.10175827384174092,0.0780726057654586,3.009485940635222e-06,0.13236084864662195,0.047177855705565,0.06885371048065773,0.1720500117376372,0.12947770277996298,0.19534040970662025,0.024366759485947527,0.13516317242709247,0.04762097834806917,0.18884562035179348,0.027950496050104183,0.04120286107007828,0.12682772953885524,0.07194842133641798,0.03876080563211819,0.20134882237247761,0.037788546179784034,0.247073282445161,0.02526327176822621,0.3050959415899723,0.0
713,0.1301974224652273,0.09298106477080195,0.05051891512968908,0.06356751747825888,0.11950381987026473,0.07920229019651036,0.12459345724733928,0.07001419406533084,0.05743422229326076,0.0015689002687676952,0.018144435901683305,0.2720935615465212,0.21931471639638384,0.10080693001264145,0.00521234167947987,0.004418583512626832,0.4229324140793613,0.3293408360948785,0.08495228805176315,0.29444053727632186,0.02096981123058079,0.025647419334379053,0.056646045896495814,0.0441686220697262,0.05427392220869433,0.014712358458454209,0.30424583279322137,0.06117979212188694,0.006077634547555603,0.13707137835481348,0.05416570635891596,0.02623182758341738,0.14629515776326033,0.23890117740082628,0.12650589822760275,0.019338094442235595,0.05942484247468375,0.025701585266205286,0.10058067832583574,0.014833440536529295,0.01740342374013112,0.2541102331926304,0.0888393182527847,0.11086453460308537,0.04917795274624966,0.017771169393128575,0.06482740249686797,0.00037216709334774047,0.2589199404169767,0.0
714,0.14140850914934255,0.1421167250499835,0.26771037598547764,0.11266482896811245,0.1606025386848759,0.21942789494038423,0.20365352546169446,0.2336594091274387,0.10976503838432909,0.020405366359539164,0.17421980205619508,0.19257279428359897,0.4189655633022224,0.05911259831348253,1.5848820395985684e-06,0.037006052635797024,0.1751149490704476,0.2887535787855556,0.17700728598862214,0.13733459075217094,0.005830387276464253,0.008283914361957705,0.0667756231990324,0.13653497073728804,0.03323360736728799,0.004320102988839329,0.33179046570946363,0.0932445908930944,0.00010001717070867817,0.15815092502203598,0.015301609920262369,0.2501007685722309,0.2578871924323089,0.2332291160243305,0.10895032092954239,0.00019748048757111983,0.15442966211241713,0.04915097453354007,0.09723409470070181,0.05575108713891748,0.14858800199658279,0.044433868874055114,0.263826832361413,0.18775204210018165,0.07844468880739057,5.695247889845575e-05,0.10436765199132629,0.06617126184519884,0.11035406251471389,0.0
715,0.11302979557380244,0.16162922309232855,0.03006146947684,0.09232936730150713,0.1691307806145918,0.24544273543728365,0.07515276813787906,0.052871652942012785,0.14974543495808407,0.05003111412199425,0.008244499982245662,0.20482482945819785,0.08342525512365297,1.3091058751567658e-06,1.5304127520266357e-06,0.03639243935649895,0.13092214506702327,0.15340600982973324,0.2565105059886274,0.09218757603785355,0.010087509501917181,0.001897022964782844,0.25181094748004834,0.1065682995249721,0.10473598881526287,0.046904471493403974,0.10739471146199216,0.14406938736391836,0.012734383470290109,0.15949365442544097,0.01668322074912523,0.049596513271584854,0.07640244774069123,0.11911399013163106,0.11022114278183634,0.022811319845316386,0.07142872636573747,0.05534815892839339,0.1905869067951722,0.09838366566809657,0.022006808937287577,0.23117226869269017,0.09263458619751429,0.18787488043598535,0.3865494649275405,0.0001864313313941714,0.18970793731774954,0.01307449106153296,0.1918632700086786,0.0
716,0.11214241317509165,0.10650377339477086,0.22719242479762428,0.13990349004715097,0.128546217909961,0.48634055948951976,0.0004613062016196854,0.2279528612331957,0.01631868112942799,0.08604113061657222,0.028907863818298282,0.19072868132180323,0.2501054841589171,0.00010238947467231048,2.2414616659103044e-16,0.04915058515024542,0.0470080547312709,0.21437318322418566,0.14137267102755427,0.23387411164506466,0.020414514291863566,0.08475487411321425,0.025996232328543714,0.0126256521715062,0.11199501288085294,0.10275444257025503,0.06500498081915161,0.06195539556189199,0.006507034492309953,0.06325232150667885,0.0003166741504218978,0.3035875469465323,0.37212137425851033,0.10171294962984069,0.21049262511435718,0.01935921221307645,0.025480597806749175,0.025107600217053327,0.13369763300835794,0.002583810693940618,0.04925532257419861,0.15206087643841054,0.28359868713433817,0.20822934362223094,0.11831837718990695,6.838056410367813e-08,0.0707637952399783,6.095747610211934e-05,0.16377170952991127,0.0
717,0.3138538512049645,0.024846664651826156,0.09294115638968002,0.019066198144358833,0.25705426112678587,0.06707495136674621,0.004637516055291399,0.25966408950142095,0.05205734753805486,0.08742480661463975,0.06878326747521266,0.09050900679099491,0.21895923783469898,0.056190957618411086,0.0018091356573344038,0.041954943166711334,0.11429666209156344,0.39832473353256104,0.0751250307953028,0.049018084669945575,0.17857085654590235,0.00022784674222658203,0.11717682623174892,0.10368683234641644,0.17985452429959414,0.00964279186104456,0.0545125710057799,0.1224438913338086,0.02242979902870101,0.12940953775329697,0.09259638590027008,0.02338949824487286,0.06745935578878977,0.07369601404940664,0.1421531374094503,0.11265561530327815,0.05181317313383177,0.13309564428027768,0.26076125424591085,0.04042512392000709,0.012635021793438108,0.05499742070994079,0.34441332707442995,0.08171176203692841,0.07867246685405045,2.077286254559851e-11,0.11112596953199644,0.010934008656339051,0.26004088133776543,0.0
718,0.047560827060302915,0.10833783746953783,0.15903692701990052,0.03365982244907991,0.11348748466632935,0.1357064696307799,0.1590411041917665,0.09366969892922869,0.1425544078864152,0.0002543137812497288,0.05511704442050739,0.25574607021663265,0.17162800527567793,0.04996062702263972,0.0368062602380419,0.08873283284984552,0.14647069015071323,0.06936235935068794,0.04659996069000962,0.37125816843939685,0.06771369289325613,9.380835909601648e-05,0.23954954007835846,0.09289118868772207,0.169014222129631,0.1809522399352848,0.11442634628592674,0.1682744726690293,0.009904051294899147,0.17900219699629394,0.0012909445431037506,0.08998755965561883,0.0752513678287855,0.25236258997671845,0.254337834716228,0.02568740513866467,0.06847125109520605,0.22191465799335164,0.19831258104402524,0.039907899935169994,0.0037607518362433217,0.02871761893333981,0.19771516716566678,0.18590752154009174,0.16200671714158285,4.7152735412959924e-07,0.020460891725033882,0.0033742662548621885,0.07090202762560885,0.0
719,0.1490379698488607,0.21868552048789136,0.04894743434529092,0.07931900214276265,0.1755208979429577,0.20182160044716094,0.007746899583558265,0.12469735253409815,0.10400421982919568,0.013104170461689501,0.0013528953707219672,0.20276788808661747,0.2026008172839003,0.01940502089619754,1.0741693550180322e-13,0.04420900516777367,0.15048301672579292,0.2720665985904567,0.14260968887524006,0.21098385979042658,0.004148237031973326,0.0024816544465396414,0.2676822636959339,0.10505799548308986,0.021432804736432696,0.08988186385131078,0.15875063304856357,0.04168976652593813,0.002573874301744388,0.059639437798312565,1.656230083418701e-05,0.12416302910999165,0.33153178100580455,0.12964968382430325,0.11551819484976247,0.024294396881941793,0.08178192603915427,0.08948548133575217,0.13586778846364772,0.09678571107844731,0.07778402651659477,0.08915086758617857,0.07933181939332823,0.17445730681906882,0.10808412273495854,0.0324959643105001,0.029090046095066283,0.0343778724804125,0.18744119064888806,0.0
720,0.03263715201651349,0.1261028107713381,0.11753195234208927,0.05634973488508976,0.11468347321627796,0.1413182953703374,0.019294118000272146,0.2607880709253649,0.08587156005848848,0.03497747790402372,0.03446879308810612,0.3256704318968047,0.12206150299635413,5.093760303678981e-08,0.11587669524832302,0.2976001424621625,0.23788995797363577,0.26120855650816377,0.0713735054103007,0.16288160778212743,0.10403515654228646,0.0030088503409255274,0.11546584783379409,0.04927551865473898,0.1781444286844198,0.06738510754911038,0.04268232262664333,0.04661591630000601,0.06329760231210337,0.12446280951863996,0.0030891858684641334,0.0660860219378564,0.29198270133744936,0.3331759843605468,0.2666891166744147,0.07486620109260787,0.06057101386923084,0.020535390816480332,0.24927277717282176,0.025751002165658957,0.03226074296210771,0.05747257406063729,0.2859295920373722,0.40826523963947764,0.28476532250868286,0.002215737313583721,0.05670531458632117,0.06621320157043604,0.2267788267426369,0.0
721,0.07791682977749856,0.1378481204831435,0.06785172376690006,0.1981389705621338,0.06133123197650179,0.41679583725667846,0.015882545579796563,0.4945331964616827,0.0827337394452274,0.008162760188301029,0.02588803354242551,0.17116964942962964,0.10440733925946291,0.04461164267010355,0.08080986951813203,0.061145748967251654,0.46332106413476754,0.2722783907645462,0.04617651250671565,0.32511309268386807,0.051729111585972,2.818977295220234e-05,0.13354885763949145,0.026719268102922127,0.08442255996054462,0.0005683378962631128,0.24206643880350204,0.012165656088563624,0.04699902430195996,0.11261409788690965,0.08201824251190115,0.24882890732305665,0.16118696236477967,0.1449589995162146,0.1356669207663134,0.02126074241405943,0.10168994071889496,0.03357616933599681,0.08091067634335973,0.048628850090505375,0.09217883999547968,0.12120396411311479,0.2641559740910839,0.07174325823583205,0.31122554499742816,0.013418118991077957,0.04887511050599504,0.024435545386184226,0.23202078871667514,0.0
722,0.031832953317420476,0.08749376004390731,0.2061070057589552,0.025520623201345884,0.3893204745060025,0.1960562377514576,0.0006084975274777541,0.16960300917230778,0.06205645179522337,0.04542114142207475,0.01887036734188674,0.12097483708977548,0.054906746368239466,0.003426686845169925,0.0004592870525779583,0.05431455349689915,0.25194157865358957,0.09838565018623902,0.04266695469230939,0.2546064027086532,0.0071346232476637945,8.26518573790296e-08,0.32572679502960866,0.08506590901768084,0.0829660356442933,0.04594535808225437,0.04356768924598355,0.07056490750284405,0.02745624700627288,0.06288435172878763,0.062077323079140774,0.004630397279515236,0.20138090463621194,0.1638426873437159,0.1730315756982144,0.035214344918535305,0.046466552571059326,0.015510592531649351,0.22710820510100851,0.0858777499283909,0.0519151918073776,0.1570395626676705,0.16811982006878468,0.12734863195344975,0.1940031444275582,2.6730763865771187e-05,0.23145012935931905,0.014216714947698276,0.3608647164980271,0.0
723,0.04177119531545418,0.02107614427349339,0.2601505641584676,0.2366305643910366,0.16848861881891358,0.1425617466175201,0.008322027421364049,0.13156052158703238,0.08084110899816783,0.007064785305452415,0.13556536763955143,0.11808864958658309,0.08020790663949114,5.667292703067482e-07,0.021980866300877817,0.03930510182996949,0.25584568804887353,0.10671039991225388,0.07609437823342792,0.3073397766457932,0.020477829633162425,0.05184199253709554,0.14147066487590299,0.15700954086220573,0.10954508010351247,0.018335263251689833,0.2480220671899376,0.05106286004716477,0.0005820440882330448,0.1227693299395759,0.02305077635500371,0.3231245644306434,0.48017705003714867,0.11138873396593292,0.06522108802332897,0.01450791270041823,0.009283656945077245,0.012764705620103784,0.14111706364721535,0.05858868977325765,0.033882586766550836,0.0394272009580526,0.09971812007808475,0.048178968266324645,0.21351468656990039,0.014729125964913535,0.042285200068454494,0.015582176062251573,0.2107851041763374,0.0
724,0.0926283750343906,0.21116818532958884,0.1353361974732571,0.02721664745016323,0.056134053703033704,0.27037568413385815,0.06010924472647667,0.18618664736867746,0.2723290789993938,0.048654561592639034,0.008697677599424254,0.0620440895957176,0.23666558397987403,0.029155830242915504,0.13447790634324913,0.10586172978930466,0.22271214212399612,0.17159350183213612,0.20751175925749907,0.35233853060733217,0.015665671491699815,0.00026656271945676893,0.17355924288714647,0.013977730485295926,0.028399880526689965,0.0005852393058257819,0.2262154755790835,0.1274406188390254,0.0007984598617840264,0.08795818905418133,0.04278486862270515,0.07102760777441486,0.07917123400006398,0.30934062349213826,0.1435358910184637,0.11161939986821046,0.10171933748111794,0.022064219202524285,0.33468260829063495,0.042038721003598276,0.07296418707255704,0.0778003220253246,0.2010520614066956,0.2364393209050564,0.14100992369450743,4.08173182753519e-05,0.008703637415543843,0.19575902205542872,0.1336578863919209,0.0
725,0.13941691693500582,0.15315655075566997,0.07312425845389503,0.05903230543762621,0.18150205463640412,0.20191209397352272,0.07395722796081435,0.15303966573558508,0.189185630888179,0.0037639172097248606,0.011884736349624564,0.09890213873446088,0.13311903328710104,0.0158498800678945,4.453822888057283e-06,0.02672959421519723,0.24831481659162197,0.2276377054186915,0.11276451143170321,0.08529485598660769,0.026871142978983183,0.0008998109562094211,0.08909533002850889,0.03817103122583131,0.0382414757960917,0.022008366308241156,0.21409576350984272,0.07717151026824787,0.0020568222797948434,0.09326722581643117,0.0031640717029094026,0.1312849803656953,0.18619936680200103,0.20636276838897913,0.1357336687060633,0.07792202995965468,0.027819155999924627,0.02401899884885802,0.2815495649003915,0.12810447613239637,0.0008884571188532542,0.04232479333360279,0.08597988104259288,0.12883409826464315,0.07653767087727993,2.880753130684879e-10,0.12841578391332797,0.021821024553568852,0.08378666600295252,0.0
726,0.1075459111306398,0.0995176982933242,0.11816050846570586,0.06663032342541149,0.33272031027080473,0.354246404872059,0.019395692193293696,0.07529765255148624,0.11403298744380587,0.0021587250773666693,0.004857963240671493,0.21497927738340242,0.3412852103455265,0.00855792017090334,0.09903462721806466,0.06543172239834175,0.04862603194130636,0.10838417782188567,0.10796632717272212,0.13762460568976687,0.00013230066685150622,0.008469230231317154,0.09886818488446888,0.027997008828844677,0.00602533518569358,0.037239387200622115,0.4473698219502755,0.2825123252096691,0.00045311918724405076,0.07110421622003059,0.010234288576614799,0.04323698286208857,0.3217374052535288,0.3263013512224128,0.19594907347372736,0.038734225790253214,0.168596263831214,0.14033689579012346,0.06790332122285489,0.022392357603009685,0.035867531189584745,0.03232036415711018,0.09810791227565073,0.12052480398476902,0.14310341430551887,4.496809512962257e-11,0.06089787816237792,0.05390674161699798,0.34119148617885664,0.0
727,0.0512389350639074,0.15340227237315085,0.20699332826208638,0.28452432134952754,0.22557093649555282,0.13295681783985006,0.03318130524765216,0.23308168056737633,0.37880331767028214,0.006116721034903426,0.03346974783398984,0.07965691043115992,0.32927706574163773,0.06009821449250802,0.19146505230656044,0.03910014660731753,0.28986135258264584,0.27289715173371887,0.04360973944883301,0.14525399408067163,0.020302753438810918,0.06790635400842586,0.1829418457342299,0.154201733942467,0.029768339353515305,0.03424432125677752,0.055663505277222504,0.06647599264922095,0.017157661152028415,0.007542048885182897,0.016120072042072515,0.045595733830428406,0.06393472788422654,0.20826518328107044,0.1475797520393402,0.00039955719179833506,0.07607370581777151,0.015415263321469346,0.09660010729804207,0.14991967443048823,0.06027752067423537,0.1202291237696373,0.04392075567922515,0.350512096293672,0.0960884986605701,1.120153199632481e-10,0.11443272647429167,0.17417998896221965,0.10243433722346452,0.0
728,0.08719741184937889,0.055438489674659516,0.14362426760123723,0.16223923882317498,0.20626399614746788,0.40387231482550195,0.022915685544770713,0.08352700461504849,0.17982064519551463,0.044066118170460945,0.04642246884451684,0.3346886013955432,0.467730285102152,0.006483900058213524,3.195857853776375e-06,0.1760213322281416,0.3887495519043313,0.1192912276477568,0.1424310259030884,0.19452832405211737,0.002942404570237613,0.01002665728116889,0.11341968989738517,0.016084979130125337,0.13593141294951605,0.10826341952968638,0.24799878111597978,0.16976612993206364,0.00025231035646801076,0.0435685631250953,0.00040764884589701474,0.10307598847182528,0.09038180827918564,0.2263142697506593,0.031589875634521966,0.0036846023369132637,0.14312907228679647,0.1708317171026398,0.11917309926646111,0.060187781098812954,0.07655508595258306,0.04636912118390817,0.2260168719586744,0.10704183719163068,0.338719205450821,0.0001168363291133899,0.04361267811653756,0.03532449410054778,0.36234514887488695,0.0
729,0.1075026411686999,0.35783396306456955,0.12320612819611029,0.05887428493901226,0.1842683149102071,0.13407218048901057,0.0322970360577372,0.3030825968703669,0.015332807108443477,0.012607966331243095,0.009408958144807522,0.29041898811063604,0.16811647202940688,0.005900233652923182,0.015053956838069113,0.01528932236349202,0.2396411219805893,0.2182586289325133,0.08564989716661396,0.19635651550261965,0.031103492299316207,0.0021452533551868666,0.16710450751007286,0.0353849311179731,0.051238571291115385,0.004807006094862396,0.19797962540500189,0.06287064858176875,0.00038294900085583715,0.020558716888541426,0.013352702394804922,0.18211632394443283,0.19890228037257432,0.129701452087073,0.08676556540212847,0.06023378162671858,0.06172952298430503,0.26010841577150434,0.09073381816541276,0.038326687325653995,0.04660589591554787,0.1467288923720425,0.3622713636051079,0.1354893387977486,0.13562913298935622,2.8856487381940795e-07,0.19638242699719194,0.006083214948617538,0.3929244872483855,0.0
730,0.03700799987812515,0.04082860126685146,0.27183826157542396,0.07790480854892722,0.15561250552180872,0.14425672160650735,0.08182813179823725,0.10303292168440599,0.05479288138259192,0.002707624598117443,0.11536814674696125,0.1366258403022712,0.26078902690040917,0.020642936618382773,0.027810059295502194,0.03919655657682511,0.1518106370853685,0.2315963479166985,0.045936596208458226,0.30781689330405143,0.053840183996731336,0.044112096581178026,0.020622801646143343,0.04134573616247132,0.19591144797833202,0.05387282276894874,0.2497396754354876,0.20352914273690886,0.011927789141335767,0.17425329455124566,0.002199703958925244,0.16702406791170155,0.0392299480044836,0.016368850791736233,0.03506845822526459,0.09250187526103922,0.3604757426964446,0.05345254023110379,0.22575166984183428,0.0355746895305644,0.12059955292864528,0.05482976601196287,0.23740840363099658,0.08925999627537719,0.1043852688372154,0.06858264575998628,0.05635093467821452,0.0229970110622693,0.06678088974767245,0.0
731,0.08761224315136795,0.15368180304385137,0.14637245184119027,0.1265469593139759,0.27540508750295806,0.4379731911930825,0.05710712803789797,0.13412219523325658,0.08562496364343102,0.00872442626335585,0.018362909019183925,0.1508082790204423,0.27221406786225083,0.094735049644354,0.00428025729503333,0.07507986774662037,0.08051877648173456,0.1982313136060624,0.038275679103476595,0.1051340294891288,0.03890999258830129,0.006134922857664052,0.10154153680460946,0.01984597824386381,0.08877302030374919,0.008668042503684251,0.10533114990950514,0.05030338031407137,0.02675464601707257,0.04548422049495536,0.07050483389043169,0.12348055318138923,0.13459612729945347,0.17919983533396008,0.028085833657396433,0.0015001822504711886,0.13626721147447252,0.042803351013698435,0.11314621474710534,0.0004741410823122991,0.12154095799481461,0.02895391049674703,0.2550957696967167,0.14974312743797014,0.13854989874888157,8.443897046125539e-10,0.015953688979655555,0.06066113936780043,0.15230614302427406,0.0
732,0.04084248000253001,0.09872514298651973,0.09343137809558168,0.046284995732898584,0.21550981640299183,0.1359272833290115,0.09244101646241476,0.22117237346648574,0.15562531828977103,0.0034682596873565883,0.22026965805911308,0.14703140903690065,0.24236711125010013,0.011952665713207652,0.000400098224125002,0.04383908549764413,0.2198044524602129,0.08166426496290859,0.08381320657564756,0.2282895311006351,0.010936982714616333,3.2398708783037144e-06,0.12898917258978282,0.03694190837818903,0.06539416073110618,0.0090393256633658,0.21851805633214866,0.06772471574203077,2.6793957042064916e-06,0.030977652116916703,0.07872151085458651,0.046908500989441194,0.12491359490866176,0.13096546977075318,0.11435225573656943,0.08836853378846665,0.08375228119511784,0.11754495058277252,0.2565493218966583,0.26014377799468447,0.0014586702135062895,0.06632823072690447,0.16908419310368986,0.27580435162869854,0.18820652617217812,8.339738578258698e-08,0.058757987013585554,0.0015777749298544102,0.04308815947051197,0.0
733,0.21176603708109296,0.05743508055019033,0.12289791205401546,0.05194864445358568,0.08689028842024636,0.35026322502691776,0.23274395491027883,0.17939762362924044,0.23436478097423075,0.0003843099514953775,0.03337042928516469,0.23573015043140644,0.15970013009740053,0.0011709109975992578,2.274155770612906e-09,0.004069385678184854,0.18383676410124059,0.2714327000046393,0.1424675270660783,0.202509042048081,0.02272349039984827,0.11157199445193769,0.07928534981108815,0.0016318220975860133,0.07360272286929545,0.08294816995624053,0.18220153502220482,0.026433309541023787,0.022168253366412267,0.1823767605844545,0.0012222358809400766,0.11739100335510169,0.2214994869625276,0.3053753341194957,0.19736504051620174,0.0578054907838262,0.08278109031584843,0.005705797175815521,0.13861574327867424,0.04924852230146243,0.09376755870801502,0.16150611061025014,0.20194425369682142,0.044624048760770633,0.3725840934597276,8.670190061161247e-09,0.08153095350907003,0.028104166155810326,0.28346146206265116,0.0
734,0.13010841338111143,0.08685613124326631,0.0010964731865824055,0.05145667701940927,0.34675094221933334,0.4026476339577625,0.03276113825998017,0.15955967614873393,0.16409511442590222,0.0682616816792743,0.024538165262610837,0.12978529669119868,0.30082725560624185,0.008895340873340127,0.006821681502014292,0.28330276972541835,0.31422081980604344,0.1656333156772253,0.2203714882495021,0.24710209055406407,0.04830490643054646,9.615424515074173e-16,0.016560732194679524,0.020111020645746925,0.00812579636699297,0.019043288118678,0.4064665694550035,0.031165526153366544,0.06833235499936395,0.10999686682653012,0.00016168043000236052,0.18469597927857873,0.17764718884015804,0.1671574955263959,0.18276263977506577,0.09010878397597163,0.18751690911874472,0.08444680693744917,0.2751552610616324,0.0018113068322870222,0.0706320813195584,0.05364770020467416,0.18843199783262524,0.2511167279197436,0.10136495698725136,1.0563411696606928e-10,0.026323369943541917,0.1532170942193214,0.2950613230456714,0.0
735,0.1136545689840578,0.01726128569521835,0.06048233126229841,0.13077878890717587,0.2253508623768741,0.04454029621106673,0.026706957245458268,0.10462641696956716,0.10271719395858467,6.903952583356971e-06,0.04343127917845753,0.0632706730975305,0.2452767198194567,0.07232324235327421,0.00019159952640198337,0.0017707648200471142,0.06157547455568048,0.13823429003073515,0.16077772844002475,0.09715176235478316,0.0082999824369524,4.771150733935417e-07,0.18472543423147805,0.05931020256131124,0.01779627876588199,0.019232115895045088,0.15936012281840897,0.06403144153974392,0.040545244136667956,0.04024948949453925,0.02608162283899735,0.1462439874968308,0.3346069058991782,0.2184970993588869,0.08959263498387031,0.004710365397611283,0.21322679114210888,0.01011694824311498,0.15252207025048242,0.1142912728363803,0.07316000236049722,0.1075201509152146,0.31067668736392606,0.13274916674771162,0.1045752954766275,0.01952797264273033,0.17192027335596255,0.0759376017643706,0.1945161387511722,0.0
736,0.11204830929403437,0.062137977811040426,0.15469344578358782,0.15636413433497603,0.1146326926764779,0.2990459674263259,0.03713491990729365,0.12365572323139873,0.06712679977154302,0.016893220848203626,0.07414591962117055,0.37053202693835585,0.22677573406398754,5.6370562629156315e-05,0.0011618682077710878,0.21145667664047282,0.15294852450319862,0.16765176117217945,0.022990629644035806,0.06908863018903735,0.018008778339603074,4.033734736260906e-05,0.11174715601544563,0.04665859739367154,0.18820917915371324,0.021366011587271798,0.20625641021314634,0.13337352988477394,0.005765350918377308,0.10927392163945858,0.026515489568586376,0.009570903104017363,0.09650460336998773,0.1927081979171756,0.31361788475976465,0.037668868070513215,0.005220529424511393,0.006769230199673741,0.04321916450198289,0.09457480698269859,0.05117076972943767,0.005981605154116004,0.08355780562959678,0.09328243384863953,0.05444445303358947,4.4579201325123825e-07,0.1724028098092365,0.028449579553022002,0.22841742296218884,0.0
737,0.09521624089654773,0.04546561734735826,0.1096827967211169,0.03384206403211204,0.22052103009417637,0.2760113887830428,0.009539369465041286,0.15487341923490924,0.10542381776615081,0.11114754449383274,0.01352216786826521,0.026791953609640595,0.3756217664696907,1.1104003653923619e-05,0.005527526263206649,0.04885702332085415,0.2125823987991043,0.29840912619047133,0.1511848414027224,0.254063515001366,0.04319713358113087,0.00146991945941301,0.14231353540820207,0.05387932943106459,0.12197282015392853,0.04741613910440841,0.33780800336637484,0.05467067015602821,0.04327850483944136,0.12680692464823953,0.0002594175943941421,0.07322200567264674,0.03894347794530737,0.1308419514877791,0.02141776963396861,0.004012858522030864,0.0448857837312329,0.004296782907284914,0.1179870434561536,0.021576029168255996,0.09921948068517907,0.07716979053969453,0.05757011421389082,0.12191367254960782,0.08334883902057641,1.4744183264029822e-23,0.046278421667610176,0.03119581771675841,0.20604904452318534,0.0
738,0.07261064039985612,0.25433382731839826,0.20269643700921336,0.218033186474258,0.1152435909344261,0.23727824694446742,0.08753943990209652,0.12607056199195227,0.1024417749379103,0.00016126413582838247,0.004735176859568921,0.17367732466631663,0.35377199479556165,0.00648250532186389,0.00029575035620501287,0.14001405217070279,0.10975271349326117,0.23690212644774752,0.038437240407795656,0.30815360012791676,0.0015147330274456192,0.0026550770438112277,0.20584689976215284,0.3691072817874703,0.13085558395075297,0.04673117334786614,0.1265805576249982,0.09720342214832448,0.003053910884101157,0.054457090375342125,0.0017459531358516665,0.03496827605293345,0.057738110343015236,0.27607656166642797,0.21801831095777283,0.00037044609723792845,0.1187807849206343,0.06357878043631457,0.06174146857491079,0.023185900701530378,0.062006224268139176,0.07252889998864993,0.20307721233960843,0.13044230197576642,0.05159062500253309,1.013302639900747e-06,0.030136194732526603,0.031303740596977256,0.2250686798894166,0.0
739,0.13263467350570943,0.005869950820932907,0.058251105348271597,0.10585273760609994,0.08694058497227324,0.0480849124124147,0.005337637232726174,0.19215406022179532,0.3422969391078308,0.02067040854782227,0.06993375101780255,0.08987083026978042,0.13543774916897353,0.019010900600521487,3.372080433199134e-10,0.04593395174413899,0.3632631018543607,0.32233074566453207,0.09118358980443676,0.18146024767607924,0.013277675123866422,0.004034741303866441,0.16051010255934314,0.05813358382551969,0.06052652498223846,0.06522785413843735,0.07718633461482159,0.08839003118394777,0.01124820112766864,0.13334081012411558,0.013336129505941798,0.06644138047908221,0.258123144880216,0.19221350904264015,0.05186440973503782,0.00020223547220185077,0.046049166739358244,0.11139676211141297,0.20100276234219322,0.16044906045252197,0.06887228000867739,0.06433856614043448,0.264585212266385,0.1485586725901017,0.0806648575941686,5.057075080527753e-06,0.019686655519839464,0.15427067723215496,0.08221090347844388,0.0
740,0.20602892454630803,0.04695359846086805,0.028651642444644368,0.09707827556397448,0.09196674393597912,0.23802757728242016,0.05054798329033016,0.1388908315515528,0.3088440990257167,0.0598725173331013,0.00916757931435569,0.17150547104776342,0.23623018645408655,0.0021207475900117713,2.610429899347895e-06,0.10960961470418379,0.0819785648812788,0.13759709455843028,0.23172378214585573,0.1885174609936132,0.03128333346218687,0.001401988000983155,0.1606616131416985,0.011871864171218435,0.24268579696526524,0.015942670007229733,0.3870992857015879,0.13111374995085295,0.006595152937904502,0.08860837132354857,0.0840296069466961,0.07930093364299515,0.346124933260031,0.12026745804560054,0.029726985669731545,0.0030708624882037957,0.05006718844278076,0.021728266304525137,0.08849104372921136,0.0009264856749341486,0.04495090709949669,0.06497872961333895,0.12969599103385518,0.029982881601345174,0.15052896119137169,4.928895983990136e-11,0.22510058971409502,0.06772845535790002,0.14834344412749056,0.0
741,0.057759174145098104,0.06661518992940942,0.06840975938273162,0.03014512876975805,0.08123077975249382,0.2721794771642792,0.06070764609918307,0.3019573880767444,0.06500889618303929,0.006699575667417193,0.02992154952475666,0.11317888397767399,0.07812183366891824,0.002283041287537528,5.758906199461256e-05,0.023596189556358397,0.14610549592783756,0.17949835588658863,0.09709571284271991,0.3461470704013096,0.04085807287141035,0.034609496793785915,0.1557984036791791,0.4379769392810923,0.030416635497882902,0.014116831982589062,0.06772033501014714,0.13044670072644832,0.007422497272515887,0.2590619596366959,0.019103878577916587,0.2202788050866253,0.10286901659624523,0.10348763893492727,0.15917452271520596,0.058563505440073445,0.1523648953542354,0.0537207748066423,0.09499735559578415,0.0005272495274796149,0.05856276229599774,0.3331248758413332,0.445006758904773,0.09323842404745711,0.2293341367182827,2.69264279866814e-09,0.058533127976390015,0.010100576906899831,0.14418745174809913,0.0
742,0.0773899203445116,0.09289426593076658,0.21399909571541564,0.22512799185879256,0.11895321060664481,0.1809966177016111,0.23301687565757692,0.10589113922369343,0.12655762537521736,0.044476605719657426,0.1716874404000514,0.08152008584239613,0.25210191864115766,1.705703701877296e-05,0.014178576862716693,0.04120273605138844,0.10278451808755304,0.2754550840308941,0.17612037999312702,0.05203402279276077,0.03610434271689155,3.778761495016274e-05,0.10198979217205173,0.04000881947322803,0.030697887967569667,0.0975116652237429,0.11314683676711464,0.14648212836370184,0.0001237215688895278,0.19658602857774038,0.010629888083008134,0.28097318586931896,0.2249055712014947,0.18763816804225356,0.16934431072757114,0.03951194664583158,0.28101867682339454,0.02113788079645881,0.18660590381861775,0.07076572246774132,0.11865295836300964,0.13536568077408656,0.015346590582968849,0.19171491683548603,0.23308058253708297,0.00027328207515288307,0.07615523580451597,0.1040640141425724,0.08385283129364479,0.0
743,0.1884195009034646,0.09080632364578348,0.09556742520174663,0.08283872890986545,0.08825984920129357,0.22801578978214465,0.016515107067637994,0.06262913819406489,0.052574473934148346,0.01178813800925475,0.1514701679875115,0.15961580756419985,0.23330970900211467,0.0008659634884644903,0.002974860317549064,0.030933713718921754,0.20375310713440206,0.22481959783322392,0.030294184942930884,0.07982135653525695,4.889205884446947e-05,0.015728969862411853,0.09978419743163348,0.014654039554510138,0.03180586636978745,0.027028846188831543,0.21231498879070146,0.14528902229546709,0.0024743201350022176,0.11603634979708338,0.014806219416303409,0.10132209762163837,0.19174938372135952,0.142655746822032,0.06965275145248265,0.026237629934672754,0.06107115843847117,0.07833252243876043,0.1035364690831497,0.08376951899098035,0.005772653041526732,0.15290954866703338,0.2261771552067296,0.16687402065350435,0.14796045293874668,1.2418144957157232e-10,0.04298808940802125,0.143024463404138,0.05993526029503519,0.0
744,0.03631243654382847,0.1345531023965279,0.14187042296373725,0.19307764148637468,0.14372448409314484,0.1569452891253131,0.04517617890355262,0.15924395872664943,0.17491595084806655,0.11618951703258833,0.05163172144993038,0.27151172060924483,0.1090874693120752,0.009095604037551846,0.00031699052078970673,0.05983976397379162,0.2691828137528678,0.28420012732892197,0.04319780406731846,0.14363649770671455,0.029133885756043382,0.007293006988731906,0.034616887724770624,0.11391588679522623,0.09190311209158582,0.08016401477269675,0.15324920340096873,0.23184366635797643,0.001275112477152016,0.07317670118093453,0.007596539549974461,0.043186916126153156,0.16455709447297728,0.13836157337506083,0.14278775880045927,0.007903351089160078,0.03544433684272583,0.049595553647783217,0.1556876936959127,0.12921398892670605,0.03915659309987831,0.15603166687101738,0.20554621043464633,0.10900702106962805,0.18058482337330298,8.033102207620554e-06,0.026792436090157957,0.08441014562177508,0.19517173099134266,0.0
745,0.3103332508097798,0.036590991971985135,0.04584042065683121,0.07435120614461155,0.08202313708631952,0.10907188990394394,0.014013858244671244,0.09794443310208147,0.16843549572432379,0.011432990610189658,0.08665776823719386,0.25634167005366193,0.12583447657141061,0.0007382220363613542,0.005915562351319594,0.03329934116784762,0.21756767295968493,0.22923090663624276,0.010637484114993037,0.17790564374345627,0.010984632457862206,0.0009593543563690309,0.11104360778829722,0.07320005376168143,0.21096346606831334,0.02488106996752264,0.28947526832035286,0.20962950754904663,0.00015623473338684157,0.337105186265088,0.046953563156666926,0.10820890638922825,0.2775047048211099,0.15763181713050156,0.06094453749479405,0.04903609367818282,0.17563008033781066,0.022687981732410316,0.18021083997550677,0.015766380519231554,0.006577289695531071,0.022717704510098496,0.1328342077549941,0.1450539847582112,0.19593999051021463,7.603919355360086e-05,0.023214248430769347,0.008756632371606858,0.09412838937107876,0.0
746,0.017001926802184066,0.0921907546516298,0.11894268733780776,0.13799335449831499,0.1853890496978331,0.10236455582333798,0.045177338596133536,0.27515602847251086,0.18494144713778846,0.048655888620481084,0.06563085574842457,0.3645235696793348,0.19801155291132122,0.003941006055342453,0.03971821707249684,0.025376053135236738,0.24589197000861807,0.1634524228954944,0.041742010117909074,0.5344419104879571,0.00498907250880025,0.009242393349924636,0.37006025004731163,0.05972231637618484,0.1911865718767666,0.1034599397582904,0.24770484836430515,0.04338187412897626,0.02184678348549274,0.08904710185607943,0.04719333054935607,0.0850817251354175,0.21631815157665435,0.10296336435816714,0.2384408985579288,0.0316333231547367,0.061733625135628224,0.05947504296687027,0.13155408165255775,0.008250946127332758,0.054476779126431556,0.11600212417965297,0.1537368937971636,0.12605050162015335,0.27579034134458913,0.004884600906568015,0.26098621448400655,0.03051980461206428,0.09174612092532233,0.0
747,0.2457341536933275,0.050262271032060775,0.19519572076629804,0.2619437860694551,0.21834432803644122,0.12651009796742485,0.008058521543870316,0.32224470154386575,0.15331731200112653,0.01264040375008537,0.04861863820361899,0.0749448222485267,0.23927921008450032,0.01973175731133387,0.01162339005201948,0.021135278433950362,0.12051937797378551,0.27215793678429684,0.22906530282733,0.2504171838804891,0.003203432919958097,0.0003690328730762827,0.11236523574824019,0.08386864398329776,0.059118830075106224,0.006370278293871023,0.14310907837192632,0.14784433337206712,0.0028264074317064358,0.018507536115009635,0.027125894487430358,0.10451238492795434,0.0386402655204039,0.23692843581071796,0.06635856545338113,0.0038963796838170028,0.07231371144882572,0.06684304239289648,0.13262381346839486,0.057736684893380845,0.05694256010861344,0.05082538918717479,0.1306748022418842,0.1477645714896324,0.11828347838513685,4.163962020679317e-06,0.017325577058979594,0.06116846329745676,0.04805395260461804,0.0
748,0.1440227427123019,0.18674421695801657,0.05213218927584206,0.07750424945676995,0.1047982642094217,0.16362961836821857,0.09801733257508936,0.08612690432099461,0.10137705113136897,0.0015160340234143413,0.06336505958772183,0.11952932070635366,0.13595214240925382,0.0003440970967269542,2.1774766424024633e-05,0.015437487266465145,0.227499035353786,0.06135350316142846,0.09037355479628843,0.3211609869491634,0.021253033245310148,0.0043385548574697,0.17627915371064298,0.22563538423553725,0.09022147799153588,0.03695443855748448,0.30587040311364017,0.06819799330637505,0.06499611395798671,0.13965669106226145,0.04777889860631565,0.05784405668108105,0.26799285363736186,0.2952924694900389,0.08692931552238954,0.050455614989499006,0.013762412130757096,0.03518409396135001,0.18169368693985333,0.21746770553302178,0.06022308005079705,0.20131231817374293,0.37219237199072847,0.1344055990305109,0.12802800309832318,4.851458772234255e-07,0.0831204445754801,0.0793990192567242,0.16408536418104488,0.0
749,0.11317648967816672,0.08359334072097366,0.10492861980492522,0.15421223204147566,0.11884802572557805,0.03369972416286844,0.06994564768793003,0.09300369203545622,0.11309910689110914,0.16483208146882083,0.025479714238833714,0.21112148863750682,0.26851076898204074,0.007288843634388786,0.004706105312824476,0.06458687294004123,0.2722612451793813,0.06594516436769064,0.10493694039490696,0.10639006835474991,0.0014968479625715322,1.7609362536691643e-05,0.10485045781735765,0.12363370344331268,0.06906652778221682,0.04479897300184487,0.08264780650694799,0.04139888714196085,0.0019715446163712505,0.007953083124098276,0.028569465703131573,0.11882101046993933,0.1770848368040483,0.25447784134068807,0.2482997317384642,0.011979129549838196,0.1419533868779124,0.013811779669369622,0.10002139133272611,0.00784789574558376,0.021846237388195553,0.07048691790335507,0.16472133060345556,0.07303315935418983,0.22515510028680433,0.015352755582813724,0.0218442508581923,0.03182010440875844,0.14851955710743278,0.0
750,0.07324677490082447,0.0489475930381868,0.08003638220634623,0.14292679397373487,0.10513663803863646,0.2512002487339342,0.03902655490334765,0.18605474796617694,0.08256810679919749,0.037078211346408416,0.03640466663005079,0.11398215095850359,0.36124604632769847,0.0004912130487966594,0.04118475271863805,0.05135726097374463,0.12787079206644272,0.06808275640069701,0.025690491960700702,0.2597827905103176,0.08504862342099516,0.00020824697806353244,0.3053641614000456,0.009155466103440053,0.08857041931261672,0.010589800662507273,0.10229469546373127,0.0814118071639925,0.06495773275632738,0.13588638894119973,3.6343823664558624e-05,0.14445926804890002,0.2691360559411865,0.2281213443376471,0.18921821913215,0.14352837542028282,0.19867920608842132,0.10643785101378085,0.09215670699205307,0.07298433783935354,0.08974080747285602,0.06607933898012258,0.32705617369892614,0.16390022971438345,0.1738207943745492,0.012705815760082482,0.08924888653992542,0.018816798808334263,0.3047119443449961,0.0
751,0.09857146011114266,0.038458338347689816,0.22579225617207704,0.05762208004735236,0.33274738435841655,0.36740645530683824,0.04970104370391248,0.283481274240638,0.1865824080160096,0.0017152556058107884,0.06825005155390691,0.1533831761922368,0.20487686897544244,0.004050529028255157,1.8921139314040615e-07,0.006739855610696032,0.0429607061774797,0.25905467567096896,0.07498279329131581,0.051916529776441636,0.10384622691808708,0.007664539684459386,0.15190525960122586,0.08780018686052714,0.1645121326946803,0.01407431679599221,0.19184428775213264,0.08619739416373068,0.04686229605842249,0.07714710172690514,0.08998233069275421,0.04959241858388673,0.13733217817350546,0.05915733148153156,0.0811636516501556,0.0007499764128496652,0.11324104268036186,0.06004153733941132,0.23291045785481454,0.0703205269308017,0.011240334806831192,0.20688998604564454,0.2054174515884178,0.2092029208335974,0.07530654340315182,2.8463688368323034e-07,0.031899473280838433,0.17637154240904107,0.2858914774524906,0.0
752,0.14251172991573108,0.07801870692542869,0.16303353337411602,0.058060597324602704,0.11021132142084014,0.21880942994669292,0.010575042743059681,0.13259548798146045,0.11713734284544378,0.012566277018918071,0.04907063751890495,0.2565600818337135,0.34314371779196945,5.8143396780902535e-15,3.326411505903912e-05,0.004502460591253615,0.20356075712758362,0.10941863799726158,0.03027638594969098,0.10672133098611718,0.031177447731877847,0.05024410292751981,0.09206205959984179,0.1505675957432412,0.04015495154839675,0.01185032119409017,0.11188140326822242,0.0493161026792401,0.02465412260001902,0.07344311561952599,0.11441196102596289,0.07252041655716605,0.25530479828393116,0.10451971493653216,0.1606906964847507,0.002715668956213259,0.053182492053678754,0.008265507557546776,0.14816981663907597,0.020279111658298262,0.06405111605006147,0.14193458979417486,0.30484606018667554,0.218878438092464,0.1141287244910209,4.4480687300582727e-11,0.10922544948917953,0.043582686717420396,0.24501296293723646,0.0
753,0.01696199641558847,0.21797173906865103,0.0457054846032261,0.1094327264181597,0.09514849795936954,0.14141439848075774,0.06827640654452963,0.064938345106749,0.11269570989101664,0.0020906101429275597,0.03420633218025089,0.11985895150996731,0.05128310929238634,0.00075526273454765,2.98919966596544e-08,0.1025190764450455,0.11639799083875299,0.38837939252989107,0.4771238374911358,0.29373074302754887,0.06642946403253565,0.017951704145763445,0.03552443389795983,0.19737066534758108,0.036973559749786965,0.029648580126793948,0.15762420507808067,0.2014252402089835,0.0012114449145467178,0.01800562669283572,0.00310776290459724,0.1532530893268455,0.07268640743193552,0.11350060630759072,0.14301089621432422,0.03048425815755376,0.08542265221564165,0.006285661515743149,0.19146000019086154,0.02301563895711936,0.16360519613070923,0.04783253444750597,0.14321744588826962,0.19047169152223775,0.20220915246942622,9.315059896531527e-08,0.07034784528535984,0.01866801334457485,0.15217145101848598,0.0
754,0.121311567153191,0.05567173365582559,0.16489327696149553,0.07066500449397878,0.09075962883645361,0.11841806932965622,0.0005313207600505705,0.2675863972699398,0.19022961167501254,0.0061394778551250384,0.056947227036496004,0.1169574382951768,0.14528902687168882,0.004918373823491396,7.42267438013914e-07,0.12528544257709426,0.24869103548372892,0.23368732154167987,0.09999071367151088,0.35368304023455716,0.10352735897175934,0.005382072272960508,0.2916080532019269,0.020183711144906007,0.1378505436969786,0.03200571306765473,0.14972052616792472,0.09468436081606584,0.08305725894522789,0.12790082260694774,0.006973061745414475,0.15623174108664922,0.1934050848043377,0.20260106734637418,0.34353558190939393,7.146710323891348e-05,0.06821887178051338,0.127250827214149,0.1761036538878748,0.0020932375092429438,0.2353162353727776,0.04142294808972701,0.295283219180752,0.1726861167082892,0.1824048024173719,0.0020232448322699235,0.15287037066031892,0.05048693222340843,0.12926703573703843,0.0
755,0.13950419420264157,0.053559310261307176,0.15216129541804435,0.1056326838829237,0.033269719005038334,0.16524230345858046,0.0002819118418488565,0.05018831033661868,0.09387248418899326,0.016415654588131042,0.09067625147902403,0.24364771964165527,0.14144449510188817,0.0009746519228512093,0.00016447206889973797,0.0023727719054201274,0.09260497268622807,0.03134542220436528,0.15474148835573825,0.0666400971439151,0.002948768058395096,7.552223283896923e-06,0.14715854398906072,0.09016667343255516,0.08846699005152141,0.07536408763326619,0.33967893095281854,0.04366337463325013,1.6316727617834796e-05,0.02119383558406876,0.0002263682094987521,0.042414247355197644,0.24018098652723735,0.16527748855323443,0.13520948282742384,0.001484353688754838,0.09126340723640025,0.07386460558934338,0.08653838578256072,0.07699239980181398,0.023010208833444495,0.019979381092559083,0.22008746323034628,0.06163642869067264,0.15628855610191825,9.025689882924847e-19,0.016858558952951564,0.016232571789927715,0.10916425132735588,0.0
756,0.0439144085675932,0.022648194085254342,0.06749733235840939,0.12114624554946267,0.10994512687658452,0.1631995455163612,0.10965306478382036,0.21657738382260944,0.1650896425041832,0.02758399228997081,0.012609139146137016,0.20171664529559027,0.14394356566398764,0.0010069730225510318,0.0007827105666754461,0.010601708018638141,0.07876907517063746,0.09140983131457676,0.0907062060086107,0.18495222905383993,0.03975973313315943,2.590721245495661e-13,0.29616254630985783,0.11284286304150856,0.20905570019550163,0.03390640740221973,0.05745572370383275,0.10521591965794812,0.05290856539970587,0.15283042014312476,0.011025055544556168,0.19957623071335057,0.1488711989740433,0.5536988758477557,0.08240185696480436,0.03541574578737715,0.1525576902242371,0.049622736934058054,0.18033650373603838,0.02014426583412983,0.05500270598028617,0.012710429630824192,0.27680303787415167,0.05257284221195495,0.10408274117672445,0.023065900276840526,0.008905029435553219,0.10460142480208592,0.3186148378134222,0.0
757,0.2230294274361443,0.04871714339566811,0.25774654960616045,0.2614804641894119,0.05515227604394732,0.3300022246230437,0.020682002540380048,0.1312274330434928,0.10431161706585472,0.0011251702839795907,0.0006738665252974123,0.14853750780288702,0.3468497492281578,1.6451447782677183e-10,0.009412281732077084,0.053788780214454275,0.21853610518259936,0.2963354384695298,0.06931910664971758,0.09496676697420042,0.0003564828019738152,0.0003375139211851929,0.14735754827824288,0.09715636240293211,0.10141576373912212,0.03493596178263278,0.11378450995359421,0.13009341948775804,0.014791350940274816,0.019187964126548107,0.059947266907007635,0.184281398701694,0.2445741579077902,0.288864136998115,0.07421685797588955,0.008188892277580418,0.24181862019626674,0.05385165506366898,0.1805227898418404,0.04362926369893119,0.026537164355249568,0.057394798660635925,0.3558689115226187,0.5250512502104281,0.21347360663520973,1.5763525030455802e-05,0.1353529561914077,0.0019628307020006512,0.15271263210979574,0.0
758,0.09598306999836202,0.10185517604679302,0.13236869466070747,0.14280707563290285,0.21851142188619632,0.2591350775395752,0.009548677504383273,0.14655174854157257,0.05269930636187446,0.002644905035337944,0.063817922435854,0.07703770009023933,0.23506225631393643,0.005983342125311579,0.012867200255903283,0.108145122871233,0.07469150093614386,0.19562843722978543,0.024336931697312745,0.32228109151204737,0.10382243893942136,0.04789825448831484,0.05808476161411181,0.05504023347201971,0.18529726329533644,0.03687649426319027,0.06623738540927528,0.03501311454284396,0.12408370193004163,0.11136683532780124,0.05754344773879698,0.14303095208546407,0.2714826173498661,0.23671923213542012,0.19669982106286044,0.022324934362300267,0.028032480338503602,0.018159961748821004,0.11059159003138846,0.07906297937938385,0.022069705006947615,0.03190938035637254,0.2962672332576735,0.025975845625759435,0.2776679987247901,0.0027320588583519645,0.05891776140522222,0.02507712404127272,0.10134851456499237,0.0
759,0.06396097482008305,0.0339307789823503,0.11736643935938744,0.07670908145354188,0.11043347974387341,0.2103264027548775,0.012037358218001264,0.37523959678130236,0.0642932381105209,0.019817684435370023,0.09843139213298996,0.09285193693564742,0.09241917744243722,0.04344440383219095,1.631869623382745e-05,0.004491156989305725,0.19454547455947907,0.05522319257029994,0.2319498018478181,0.1822144130530848,0.0004249810273739796,0.006009258163610124,0.050350051241843746,0.10553331226011962,0.17126572556403455,0.09798303321120692,0.19054878418771257,0.13598339442030183,0.003799072932449368,0.07407617775464413,0.005449866161457497,0.010638912321409419,0.21759619707951353,0.058876407025954126,0.04181319384438127,0.010690062789826153,0.18077589232271052,0.009650442549800225,0.14003052282964495,0.04068589509579452,0.0028858793438762648,0.05100967568667166,0.14075085794096281,0.08510501201685124,0.03845931190869045,9.933135379463957e-11,0.06537029615683171,0.0033653962079690652,0.3109860292361836,0.0
760,0.07598402910058247,0.045085698688700104,0.2583371978274922,0.11886538364391726,0.04369869006744159,0.1612999038324933,0.09156882342528135,0.30021383314136085,0.04304795392359632,0.010390404344734037,0.03871378851476413,0.17278306720521744,0.08376415007170748,0.036814903108018035,0.05468791334010248,0.016229982242644308,0.19942018600825093,0.22142213985151446,0.037537419438395066,0.11433243971931985,0.1280478134336087,0.011182741071195816,0.0875553763666707,0.3272462719725674,0.055606536424771064,0.042039273912253684,0.2749097977016366,0.12755889564910675,0.02379199286691812,0.21278820431577877,0.01987267616428153,0.0999799097048473,0.08831246766416158,0.15273895246499186,0.08183878503648091,0.04521910075534063,0.060397447931666313,0.03508711638075455,0.17142537501618896,0.026813750661373346,0.0029174314722171485,0.003315154040367632,0.2092698607804641,0.18505726038529507,0.06238908416477684,1.4869904808369833e-16,0.10778743445574633,0.02612375622115245,0.27139686415166303,0.0
761,0.1463845736723238,0.1054341738280528,0.20342134723101468,0.10957492428491644,0.006778542071217084,0.1707995929127155,0.030982879609162062,0.07615594325084102,0.18725188230728898,0.01713407314719511,0.07433098668023244,0.3624511275411347,0.12910378990189067,0.026607718573520314,0.0011057850342340182,0.0001708901065376172,0.0422222340202699,0.3482798412167128,0.10356779504784941,0.10495360920379654,0.07439694814210239,2.158745835187513e-06,0.049288485330831085,0.07732297496873475,0.33428419008563975,0.09391687727121781,0.10917596746145054,0.07447325071667713,0.04805386859146908,0.052657174452200126,0.05009901841967025,0.08188467312943067,0.09985833237995834,0.0630683833518271,0.1980992351727423,0.008136624809528004,0.14614980996534774,0.06985372262955741,0.11305128689651736,0.031385259109228576,0.06641947375812488,0.1296757851794386,0.05574093978665873,0.08018762290532357,0.23721178309448188,0.001287267901248814,0.07747111089564422,0.0011909208365311025,0.09122579125057333,0.0
762,0.06390813103043651,0.04018381780634896,0.09518578217469857,0.09961215494044447,0.21497014118557156,0.09853137725309159,0.012444113911011983,0.35085482928327427,0.2557000932414405,0.02024945051289727,0.015317023354550553,0.10486685167439783,0.11709351303214305,0.00042467035540266236,0.0012471869803508022,0.0533436079049104,0.20746071271581026,0.13283854497023428,0.07877284427471025,0.2325814684805624,0.019436430465291907,0.005869734757581892,0.17803988381518632,0.1472526844069666,0.23203423310098853,0.0022337546441338913,0.12537497522720595,0.10214962209858557,0.059362700853568345,0.022055922765680448,0.034085304263404365,0.10702482083951173,0.2635792268459167,0.12418909064789088,0.03005920545376394,0.001508643442090138,0.016771091340614906,0.11397741945168102,0.06873246361900207,0.012729137505465206,0.09746870093941239,0.49697393513790683,0.0827663937815119,0.10800724138707467,0.2548515048902679,1.0276696152186325e-06,0.19543067799270558,0.040908923244765596,0.28038072237125633,0.0
763,0.12172040490529124,0.17370706442426934,0.08835157450941279,0.08404503879018314,0.08673772760387859,0.2179503222673822,0.12130483856032045,0.12387657601716122,0.0799686828934782,1.4317071605266479e-05,0.020526816245261214,0.35732553514939713,0.16374775917185075,0.044261995931312685,0.016706569179805286,0.058864918659356905,0.2021178357861931,0.11962035357313823,0.14060125639509546,0.04418781410878272,0.01628883841705405,0.0009172333451318052,0.1678807063080622,0.13920607117230271,0.12606843648020463,0.013649898743148156,0.1808932069401851,0.09446629035247944,0.032348583516267765,0.05931040779283924,2.2294320246053106e-05,0.09966262245804519,0.2574774857126368,0.0592273402200106,0.039096535452158784,0.0021799960888241785,0.04294217061929851,0.03651467850497493,0.24093494267670862,0.0355731627741258,0.025756317677910923,0.005973903534668139,0.2640448677993195,0.044062069994533944,0.09986029033888007,1.1227389114138482e-08,0.010858229379775711,0.08094407075690067,0.12004956647247103,0.0
764,0.04113577031507681,0.10690560281089068,0.2340260518927605,0.1696900777630427,0.13653318730390157,0.11338606669078066,0.0052449949571495725,0.34926211914836863,0.1852878194422704,0.0037603573616789413,0.040648623626414374,0.14380960253186992,0.07177226856372922,5.72860928168006e-05,0.005622242333477719,0.04697696167921916,0.2547543811317481,0.06430241655833628,0.029879298606109144,0.16578259925620115,0.013364282116117421,0.0034794722168914813,0.17930707863994408,0.03660892810901751,0.044042632007033955,0.09624874200338607,0.22629622038476285,0.10563111951242801,0.005297690842761791,0.03569858666819223,0.05256293757962157,0.07782588076447328,0.19562879276908177,0.08150479814463635,0.038789192221698465,0.03856946940560119,0.2501183596019317,0.09340088161582565,0.21534778428377208,0.12055375500887236,0.1705126172956034,0.03302767196857743,0.08902199678734155,0.05804263634038632,0.13932650088694803,2.5820107977784863e-25,0.23313233077691228,0.06531936755011958,0.07984314915351215,0.0
765,0.03248850236243568,0.0913238091207554,0.3278064631592032,0.204692624631037,0.02228546782325491,0.0957199546165863,0.04912156212983748,0.2554650819772048,0.11156912313050467,0.06350709225491859,0.006102332487988963,0.025064788453380175,0.1524614769204421,0.021702019202232338,0.020146236200364216,0.11689952063221844,0.1414318065795041,0.17790783041982472,0.1455428250926507,0.11918711255654207,0.0875353338115798,3.498718769267523e-05,0.11956149085546075,0.03264074895456488,0.02392715953810348,0.017615978894981198,0.33835746943664874,0.2527671231648499,0.00824387152630594,0.08918173287024717,0.01190546255494792,0.053438181144881775,0.05862527685175721,0.07884754178165373,0.3280303640448547,0.020021224814286868,0.08744813652128502,0.0312527629643972,0.23632728404865222,0.018296020937373078,0.048980723173331214,0.0439733917025512,0.17381577801745213,0.13512443954652215,0.2052485281358857,1.801775722679013e-05,0.011148348089426573,0.017994015116909394,0.12129938997627696,0.0
766,0.06485256407974989,0.048402001364178805,0.04393709135259753,0.05629287354294088,0.2641643838676265,0.08746207883138997,0.018504474661475995,0.10560958758872649,0.041125057087464216,0.11777788214365807,0.06804117427551616,0.27007428508710357,0.08753825920601113,0.004206892377741934,4.869339148090241e-06,0.008363244118802984,0.1761665952697211,0.1451841790675432,0.1294324294537335,0.18272236345616194,0.0018503282616778752,0.0005051297110438667,0.056898810857359275,0.017352831040688903,0.10073003746434434,0.00041067755687162593,0.31875683007177935,0.011921129215220561,0.11078671941468482,0.02392278042300785,0.0001412946691697873,0.2745322436975742,0.057725504545948866,0.0665441390232993,0.046502519083874864,0.00870083980192567,0.03664163636445151,0.0586263997547119,0.4454409766670901,0.028145462934741995,0.05612025176369905,0.03352538853946237,0.1400964022261826,0.11892797213673281,0.05182445277412104,2.6247842794854074e-09,0.1176165279509022,0.03940299215227094,0.0477822442713533,0.0
767,0.2625227010202727,0.07597431548900391,0.19100923285418223,0.16519361863375956,0.22744777387820425,0.20253835964317052,0.07314917221917698,0.1493955125931982,0.05052035528632622,0.04066329973754851,0.12981463499170762,0.07761709702436845,0.1261273507822938,0.014638367543534288,0.015098143951162105,0.06862257366615722,0.07542162231432144,0.1808756837594191,0.17891769228301355,0.21085757377603606,0.024545358606597418,5.2519171456997193e-11,0.34276403234197056,0.06841885770678961,0.17050542455778972,0.022059338619064,0.11584616834174105,0.07952934313728577,0.02646945941668445,0.07765065979470935,0.055264278235786654,0.1061704573611814,0.23092508558658678,0.33494520013206275,0.20681697989766823,0.06707496624249766,0.04067761280867649,0.026525923885345568,0.2985422404262751,0.027346932290807337,0.018920466602414546,0.03481498313419937,0.35436696610426993,0.17006409541347994,0.1858457849843863,1.5527122629720977e-07,0.05439813784452317,0.001340952967209599,0.0801164556165282,0.0
768,0.02277351665597071,0.09961014616626997,0.16874446917295993,0.08651306052947495,0.1275475199451934,0.21304582027454297,0.00856966312278666,0.13415530663297268,0.307398599099917,8.191023860879245e-05,0.02601222491255159,0.1872994724684649,0.3505855865149537,0.0027416115323498397,0.00022736571344293653,0.055099414036056046,0.15256277809688817,0.3967106282447067,0.3629036022817833,0.18206974006647927,0.010635812754129944,0.04197382117106641,0.29565492623857176,0.04144982842791659,0.13512694659625313,0.24039373824363042,0.07874809702844457,0.10510633348188786,0.0005509759259488997,0.2888568172693435,0.01406541677859585,0.05988906890721564,0.1087469099757773,0.20881810106405574,0.19729850119862466,0.006272937697849619,0.006423707927157931,0.06444877518394838,0.03925251349667937,0.046915052033033616,0.13244110603694723,0.18029219675373176,0.324961572410391,0.3032862475405896,0.30589646068834214,4.0688573316375936e-07,0.12786049438217248,0.0006522754037870444,0.17991143650995187,0.0
769,0.137522597642904,0.05560207602317819,0.18835763526082627,0.24466814318422217,0.08066874044272491,0.13965586694643536,0.11644213491690922,0.19086992733961936,0.1675228234589197,0.007625845810038913,0.00014843902937120446,0.21220795998366296,0.16962282623038616,0.021002517767269777,0.04007137231237482,0.006758092262765888,0.04171992733069292,0.10074363851725861,0.09129020543100806,0.2145964719133253,0.007176719084544974,7.833279552076089e-08,0.11428062686768516,0.08955686589001256,0.05080656888482291,0.010532404574964356,0.09374692195148178,0.12123654232022912,0.0033820847449133806,0.019380577378230894,0.015232875244351914,0.04482492275573895,0.21494479007307088,0.2489924068891124,0.22684688792534868,0.05190383197088351,0.03934001831688096,0.09085561385819543,0.16099348034961905,0.04792995507562473,0.197759820940626,0.17195405589674898,0.14208954758521924,0.10022380268501033,0.14192320927009155,0.005907297537517748,0.030188974603755234,0.006816766199105357,0.2396958664634206,0.0
770,0.02723210227039051,0.04556187168528166,0.1291406184062187,0.020419445496103757,0.1155746410538786,0.24137991170648293,0.00856243209118721,0.06057582593264797,0.07733643584772114,0.0038080839617983583,0.04163477952145382,0.26667320882548395,0.16570643449139183,0.0053935755833728035,0.07018804638661927,0.020490102234515518,0.19649019487183583,0.18171528805697484,0.23832658638210968,0.33874843648466946,0.04509224909598119,7.092484189485719e-11,0.1967228311603879,0.10082688888968924,0.1540351830670223,0.063280549218398,0.12240488654467435,0.010435466342419791,0.09966903252480987,0.14592627903719985,0.06155821803683137,0.04717605452508697,0.3773751975749994,0.2351836948597291,0.19343368427832847,0.03820919343705064,0.06945033055811455,0.10546945943793308,0.02974462207097427,0.22345427292032,0.12383333823858186,0.09590120647837148,0.3792660469137391,0.04097385251420154,0.11042060505307444,1.1295638161637816e-06,0.03568027032227194,0.009666890791218692,0.39593527363844266,0.0
771,0.08554324413573566,0.2315119679829492,0.0828947497595339,0.07218247569256467,0.23824367087759313,0.21097654766956275,0.040667236990371454,0.17246296825596152,0.1833568956872946,0.004488727712016864,0.008932462987141954,0.11925244916213867,0.1643332417559529,0.0004678223071014193,0.0047687272965087095,0.001953022008772037,0.2234127675580241,0.26102931929317136,0.04771524172100817,0.18417256199058976,0.009498831046351136,4.37834168579396e-06,0.08333547196002833,0.009946862085404807,0.1436030146243115,0.03544952452810792,0.12425922447457806,0.10469195021716247,4.636253543063174e-05,0.0549641219215545,0.00033906215520114447,0.08193728624555567,0.04708883895826739,0.14236232500836118,0.0651528391736648,0.060038977516417694,0.18649318940211448,0.10994498059642652,0.30287915659150255,0.030373021243099794,0.12996035780668005,0.036571193858039405,0.34821427752178374,0.016541345656905748,0.10224226122295935,5.041998592980056e-13,0.19994768274555944,0.08259381030813011,0.08909078620928676,0.0
772,0.005011316940733939,0.036011940113732904,0.1385297346689902,0.11923565377626032,0.29836845140101304,0.09307355521407229,0.00032273116356323813,0.19266761101177907,0.08418656822449842,0.014433428343445779,0.021298849301173494,0.28837637732139454,0.21432620154475732,4.046413695340364e-06,0.02665235591205666,0.1384682130415179,0.06498231077674581,0.06815870983234482,0.1538454528315048,0.08255312494420486,0.010258273158070624,0.007285055820409849,0.2513335559544491,0.15411827426038538,0.21610850447922497,0.0013393098074300554,0.2572267793428966,0.1674747068571616,0.006153938822345401,0.1133522261982505,0.04127803792125018,0.09968152959358725,0.1577127555622873,0.19775102326693256,0.020025766046795273,0.29915814774413957,0.07681163421899331,0.07263734749395265,0.3190014115774148,0.20556179228582952,0.05832871133367312,0.06483987665421873,0.27143742050026465,0.11398745406413166,0.05914293280547993,1.1057619382744461e-09,0.01831507406735512,0.007914329033548407,0.19325682367821637,0.0
773,0.14481182882499874,0.05309094707023856,0.20358860646072663,0.048470093284178103,0.29822445066941433,0.0850543312664999,0.002013748114459155,0.28954439949424415,0.013219085043851038,0.004448003342712841,0.10993335928297118,0.1844199727768228,0.1942018983372708,0.0005012498415231245,0.006597921988105758,0.002299140951763784,0.16580184293896003,0.19354579282256446,0.03301775027206193,0.277705160957066,0.008238249412351555,0.0004223270774383454,0.1415623541139099,0.16495555685411764,0.1455126065367013,0.039245600829406944,0.20734900822374036,0.09141386370363885,0.09308800764186945,0.01209219879619473,0.008450376619360432,0.1306697653681177,0.13588749660401947,0.11901174804549938,0.2305340396267968,0.013713820533907874,0.10279510882662202,0.017551248315558647,0.10306701851363992,0.02413263166674621,0.06553586444032965,0.05543361894548835,0.09952305262691524,0.11796969210073896,0.13072393947028396,2.4576291528607737e-08,0.08951694623838193,0.04143136475584614,0.16049639512301486,0.0
774,0.09196903023156358,0.038884555772159934,0.16828382034812792,0.062111200179756534,0.1343860162166748,0.037308315069441995,0.02710561849171299,0.22223538834961776,0.20956698047336858,0.005494490724799615,0.007463840276951349,0.3460560690421744,0.21393062121571257,0.0018696171333232598,0.007942108021521574,0.15295115534291892,0.35651051683156354,0.4664036614295273,0.19879096923802358,0.19031338310960644,0.02294503385987663,0.0002587792694201527,0.19816487427942678,0.046667111435469595,0.1820797611038303,0.10537856644448464,0.16685056099394102,0.20416352647411173,0.000677393001716484,0.061737654497937604,0.04075889033596788,0.023809232603485223,0.17369736328610774,0.15614876673526198,0.1841121511567842,0.13244767382912317,0.07986672052796132,0.04011497122490678,0.30289264621977857,0.06230440416536285,0.00927469693491699,0.021196999096793873,0.03804852375020198,0.4229916851981758,0.26774157812230476,1.8052675650309195e-14,0.03910208328500324,0.06590473472614847,0.041381597437445426,0.0
775,0.06596677496770657,0.02960704596931694,0.0782381209650878,0.186557986365518,0.14478181450933256,0.3002226474611145,0.0015811461443007281,0.13756970561048304,0.06793638080457841,0.044018476384310376,0.008083537016814126,0.17097150796047708,0.13619367188462772,1.6134467114815391e-07,0.00038785490297165917,0.00980807486892183,0.29979587644570455,0.16474920133934182,0.01941413440435417,0.2240716521016977,0.09213616576539695,0.010442550339597505,0.04405524157465133,0.22686403632027016,0.18531708764580127,0.008367428172158343,0.18496464212954053,0.12597552864137554,0.004176324509335673,0.16061004609592439,0.02041050634125799,0.026206340153500318,0.04275998891696309,0.15669784765911773,0.041450228233404655,0.00580404355375838,0.014591817372596369,0.0405831138964409,0.09028953993086641,0.028468354770772385,0.03290447417438346,0.26358584172281785,0.13341441278742128,0.044264543750962344,0.11378700784075955,3.1513217006993543e-09,0.16503502317563284,0.02758641190404033,0.23443469267376854,0.0
776,0.04946000727426468,0.0517019326839966,0.19597695464066983,0.05274072358496319,0.12365486840507849,0.08814235943633572,0.213250118028823,0.2033779549323143,0.11403364374151795,0.006389124263229687,0.01023113317576825,0.034457422104783926,0.16267491268448322,4.567515520485697e-06,0.015142622997304428,0.13531633449420702,0.3784679696698004,0.2368186941277059,0.10899627173975318,0.2790535715452072,0.03746025592659551,0.018888453002009236,0.06788649220864507,0.09469178044391421,0.26684566162468454,0.04638653078215023,0.19502477597418325,0.07267110629261357,0.037581465729600076,0.25829801128485413,0.08615090531761385,0.09810010498799066,0.22119703608270982,0.10601480077875694,0.09576080705227515,0.0035308424567129636,0.03978327400407177,0.0360670115062415,0.09193456047560324,0.02464244783802252,0.030460603665218494,0.06460349451947911,0.059675299556775675,0.15480583023700165,0.10240920838398708,0.00018696030580563197,0.05410435067500238,0.0026538132884587656,0.19063407478547936,0.0
777,0.07577096832581319,0.22756310168552693,0.24616251895430905,0.05170244322856518,0.2672043712911803,0.2909773904130877,0.01666967090021284,0.2521892276015674,0.029146023960528913,0.03502876279018326,0.013283351780670008,0.15227489119540444,0.17810859931306708,0.005466897016595573,0.017723184917780247,0.012613404341267941,0.23888729033193648,0.2877123610504484,0.1387560478471123,0.16535838814593018,0.09528057407558879,0.006045519274581945,0.12258638204424312,0.1282159380262823,0.12102942018721871,0.07541641071984503,0.26225292918130305,0.18646231854783119,0.05913762476879028,0.03878435675301031,0.19147950708210512,0.0166332693600986,0.12800886548399493,0.16154731796021216,0.2821082549497496,0.0026791525124586525,0.03671882069200752,0.04917206009694165,0.15441326161084967,0.029767477052650364,0.0990211693772429,0.11558706123705136,0.10300431764905728,0.12204848746763411,0.22946634657261408,3.14774206728833e-13,0.01433282273278703,0.021358986711644757,0.1891938265098505,0.0
778,0.21779453002125587,0.10339537278855612,0.13600734860899338,0.1607776758788535,0.15983966220804685,0.3797600985015366,0.16157224587865737,0.2181357016441556,0.055117922810524224,2.948369064452519e-06,0.026269494245562273,0.20107529485901576,0.15643404813287026,0.03576038288192868,2.40549364433551e-05,0.0051744468082887424,0.12995811081884284,0.30502366350836807,0.07559021999267264,0.1534525693853137,0.10779580411848277,0.01801572273768158,0.046564060392130034,0.09218446935498625,0.09084552349013829,0.012312294162838923,0.16367153197051246,0.11961520917196124,0.03978145468870505,0.0684873118916558,0.21742255728194865,0.02361946817236164,0.10749010525009366,0.04930722429209227,0.017855068818684105,0.022514209140242308,0.022364851737116408,0.03128720579774714,0.14334466560322764,0.015983827211434022,0.041218468468627895,0.05600686638967188,0.056237960072665634,0.0788953020996069,0.14685171071862688,1.9122329592427658e-10,0.07418735683479954,0.0030778805982628783,0.3480605648057589,0.0
779,0.04066520521115151,0.01716950133366393,0.010687668204684551,0.041031747251827955,0.16397889763723095,0.285521319789672,0.015549435014926257,0.1966362145529999,0.09643488452862964,0.01823259978350488,0.03453633595672987,0.21387012210189382,0.16221670184402148,0.0885444590972804,0.0014979879164840775,0.05071600699861221,0.11004566493514716,0.058598063186665675,0.21482880264753706,0.06294613434939852,0.046426919978856264,0.011746401011055268,0.20281377704288578,0.052792508740275274,0.05745447884505018,0.009336503732438373,0.19768322589377488,0.18270381321956541,0.12928973704827584,0.06313759048444985,0.053980171104218336,0.07897038302302843,0.16866395734856285,0.16975476062252778,0.22253330616994532,0.010920249296062423,0.03466600935655256,0.0816445055380172,0.2925919911344536,0.11915924455759595,0.11958286706163729,0.04525631407485465,0.21224501193104045,0.061581862661661865,0.08303255356078271,0.0002553831269622517,0.02001040649786943,0.0003392592950671009,0.33896789049796994,0.0
780,0.13437429579669669,0.10932050050339479,0.2800576110187487,0.2063927184573391,0.17771428550465235,0.13370448564902168,0.011050697507211302,0.05400273119520499,0.14235628338205134,0.0061387526348419975,2.3169589056534075e-05,0.21251803332102645,0.2766819827344186,0.0021989422409258515,0.0009572023949875726,0.09232807453038751,0.15247545480218447,0.1294732762701286,0.11091042113731238,0.05463805108737317,0.001307856491868197,0.002957978988719454,0.18923432260376064,0.04541239801703904,0.1983016536467709,5.2932397262992515e-05,0.3563475493843747,0.040400989441100495,0.08211485671108992,0.09083243287673048,0.04141111907945459,0.21892457954297814,0.11325938879500841,0.04515822550074272,0.20386940810422113,0.009060173034157301,0.12417925508795816,0.1868146474259823,0.09473624291528258,0.07799868492465735,0.21004774811234944,0.005033908566884445,0.33412667554530373,0.05111435127666655,0.2502494299504764,3.19052419548367e-11,0.10279594144075299,0.00021687678258561197,0.1456391773557813,0.0
781,0.2780673969575031,0.06216908625877836,0.09152786982207767,0.07725506737315524,0.18687824742825598,0.10297086171142908,0.028769693363544187,0.26563577989372894,0.04343741461915343,0.10069566416738099,0.0696084491108242,0.2862840069978572,0.09380484723166316,0.0001721893900044671,0.00045415784931023895,0.03603015710879281,0.16722413257125762,0.1089982843904926,0.0829334152622773,0.358886356275459,0.008789287150204605,0.005824159648016596,0.07536789085716095,0.008722854597383084,0.22568929343796496,0.003689281565069921,0.12461515564864487,0.0852749014601962,0.06595919188308758,0.15358641656848082,0.03634022727878648,0.15214986718597523,0.04547360324070806,0.18105687687177224,0.1728843968707458,0.007769711194827918,0.021880668912725037,0.17017992509204496,0.2759468101316155,0.02552302503403137,0.09105719088737652,0.17597544174270685,0.13234888120571436,0.23424338646382462,0.15472044944141097,5.741013839901867e-16,0.036042772791980066,0.00048602966258783276,0.24621239756632807,0.0
782,0.09325618161846097,0.11454245915224691,0.04225147842505912,0.13040268946909145,0.1305847256076757,0.14729843217311242,0.011450519419333343,0.3518902042692632,0.0692781946503054,0.018495606447997002,0.010979421931388192,0.06789147983092529,0.29375785662492826,0.017909250644346054,0.005974178146549026,0.03207405513519426,0.04901695669085731,0.08326100436898033,0.11538320398749824,0.24282034840626499,0.0740632224262959,0.0007654737248410777,0.23565789078470184,0.10110598656590815,0.03933945393634876,0.0033478573446334443,0.23105049443480158,0.15003600496504005,0.008911144404080164,0.07631725924208978,0.01799143215655147,0.10835532650412533,0.1522576532673144,0.1433489839338165,0.2559145123989737,0.0003343463341857863,0.19724173515945617,0.11418030811450855,0.1338927754197728,0.1909372250183959,0.05884906125475791,0.18907953907333827,0.0922195626274338,0.035752109162711695,0.1497541107914818,1.9307008669452992e-12,0.18792918470980527,0.0007973037349547572,0.22921579551449114,0.0
783,0.05461003418894713,0.1726916870716536,0.07767211221947021,0.24337285529154423,0.2363534682689022,0.10958737463564228,0.005625271365896242,0.41901432261369614,0.05192720424730202,0.0024771865011611583,0.00437483338660775,0.1628016654982101,0.06318194907143776,0.010863632816787677,0.0023671234303877667,0.025552582801135048,0.1402439673216494,0.22396127760038562,0.20766807357068684,0.14432728134101694,0.02698385719172588,0.000971106975664726,0.15336342969293212,0.04435149917484784,0.04349864386876587,0.05962832219963707,0.10840237795095217,0.08956518414851668,0.0020930143151786803,0.07501354854665931,0.010950790564030997,0.23007281398126123,0.1394240316892594,0.30975885703956996,0.0858718567974119,0.2930275274272545,0.028035810244911613,0.036534915109116786,0.20355356366567925,0.007279759801133502,0.08519489944042885,0.07834155221331107,0.2571822568311862,0.2706555608833588,0.13370831170728936,1.3491472021544903e-10,0.026076630449540786,0.00047631878633528447,0.35172710686690384,0.0
784,0.19668559031648428,0.08699239653883657,0.05226207516209288,0.02296247600139815,0.15879695822897186,0.14662876453004528,0.008971646371298669,0.43575645020424264,0.09739791415661572,0.000404501663788334,0.16857018144734012,0.4088381838452248,0.1199086921368396,0.0016688881211160418,0.002295487775071314,0.029286139917964273,0.11085225646501627,0.21565458116742836,0.19667259527362183,0.22923552643440212,0.026069921681206247,0.002457984362959533,0.03703939550060557,0.024171080393933574,0.061861601070548666,0.010979254916307206,0.0854667114726183,0.06618762040330017,0.0023842482112505932,0.12660122574642177,0.002265956678183324,0.00204011095086738,0.0513591745166055,0.10940946677796347,0.09900775399756824,0.0034718007373920464,0.027356263253863332,0.028275235131842488,0.03336975027145923,0.07218279158850588,0.03831197648562676,0.12932599573584594,0.26790813461072555,0.056577344811992725,0.20981687130953525,9.740648102092206e-08,0.051578952831275525,0.010692331795579851,0.4100298102851315,0.0
785,0.0784594319588759,0.07158200095256576,0.08476111563821491,0.12478620520475493,0.1687778541107776,0.23267968830743105,0.04402680077284542,0.03686212421221882,0.08015907410080624,0.15335823505185014,0.03557979695743101,0.3593537445695494,0.15399377258180583,0.008166446978905914,0.0027933278107856005,0.04295699580350609,0.1566142501872543,0.22146266387209793,0.12349115097653246,0.14987068842934348,0.07182503363059833,0.017936319892035864,0.14887319333251894,0.03569378651913293,0.133345599132826,0.0028617274109288375,0.3217394597593051,0.08940852337860204,0.08090053588857164,0.021799639036991274,0.013544229742030602,0.0379027331641982,0.35944046504711735,0.1460742130147975,0.09178949816728103,0.033840520379458824,0.1843320557918751,0.10660577010334729,0.1053718255792329,0.04396147305868977,0.030689661989940532,0.14236374164556478,0.21513830272882586,0.11517721947724915,0.1885703411645062,1.6177284881076913e-15,0.0077701981408192285,0.033861203988081214,0.04540434345955528,0.0
786,0.07679481401678985,0.07466447657209667,0.1876552976378058,0.0622746331438136,0.08205587173771277,0.0990380985703712,0.015858534685951168,0.18613670729141868,0.10421104867319693,0.08125116041905352,0.008310673205072538,0.19720168431801918,0.22470056426433682,0.05152003821863706,0.07106652937821537,0.00252138064092786,0.27226439090253857,0.17651000080526585,0.307692469740016,0.13078711720244948,2.619222562964663e-05,3.735215522761658e-05,0.011499243525281127,0.060296208150434544,0.012674154057514845,0.059139884756430235,0.3315888405334204,0.059590390965549585,0.002044001061953162,0.23011257974524832,0.07111129185214282,0.06408727751052873,0.0678812041570748,0.1289568527198532,0.056707102835115736,0.02102637856425967,0.05437327294491228,0.12223142227532433,0.36264448464733645,0.05458315429778036,0.1935126216321149,0.12602052382929638,0.4048341984869221,0.14820617701521172,0.20200716015062659,0.00013845416105859781,0.08993785861326711,0.016928640065465694,0.09850674910395009,0.0
787,0.08179363081167622,0.07326922377283204,0.1295068841901962,0.23752498487554455,0.10731721364144436,0.3143716049609476,0.006379543142403395,0.22355339223121862,0.24542221757908567,0.01583351891554717,0.07431637322686775,0.32275308660252605,0.08981698033508971,0.0008532425038665566,0.007435168301574202,0.10568132715605005,0.2304173628870886,0.1518686000363524,0.08543194169227653,0.10002984521201083,0.0123019215846168,0.02423638760291731,0.054746362597028135,0.014197673730128771,0.1311204064544868,0.01962025386638845,0.2208753163447092,0.046549131097538644,0.00022702842015080103,0.0033431085214631648,0.11113066970182342,0.09205141906143761,0.10130508334535485,0.13752771183628026,0.11318493945205585,0.05414880504753158,0.19690042268241914,0.025038396849728,0.1719756492990602,0.13352997079294,0.0348719095099474,0.16601329486659397,0.10783446928730604,0.09885709624403663,0.039045373963475155,0.007034719296735401,0.04141641452947924,0.03998484057892881,0.20095264315480943,0.0
788,0.20182937362504058,0.14955490168338315,0.1765144079980463,0.253778276249746,0.23173212255332046,0.31160126533392324,0.0027105074614005185,0.1692232992906183,0.09408599066103396,0.0003685558593139818,0.03447993522962624,0.3432075969890195,0.03529156284823139,0.01572044833181985,0.03021144896863001,0.011551929352399397,0.23041015909716273,0.256306171450919,0.027628131879490838,0.18727527142025824,0.07472255125548945,0.0009656237393921025,0.01640149363507544,0.0696085922791502,0.08400977011879479,0.023311703551964127,0.21129351288163498,0.1638364704035293,0.001070972117987344,0.09354140986127313,0.048435171977513077,0.279051831583854,0.16397859518862698,0.056097229373943555,0.18402353724768103,0.034283545986622185,0.07545477761783914,0.12946777339427973,0.14688837334846294,0.11928394651157406,0.040825386636248726,0.14898393796816045,0.12922021752956134,0.0513498961943092,0.059349968645300136,0.0007084636928701171,0.030984040033657945,0.0022796027579638336,0.2103554083278087,0.0
789,0.020630934979451395,0.17939012461851,0.19684456239381706,0.12643191216229166,0.23013377802706392,0.07729730567927567,0.0010492423706768461,0.15787706873880641,0.1831996098163065,0.00022072080550080987,0.018922608699599056,0.223324167078766,0.07954385145080971,6.977516034473039e-05,0.012642850867188624,0.04079139110459607,0.35490369449321507,0.15276667993285217,0.0904944505022583,0.12703728268646336,0.0585398756701738,0.05111034223456421,0.06652895762251569,0.019576501441177972,0.12624981664165316,0.01891058500061396,0.267567544135364,0.04216066627435491,0.007367742978617825,0.1330415610811812,0.0021154395589389014,0.19021757370239029,0.1643986540351354,0.1172491306473263,0.1233501225817167,0.005063123354571059,0.096938504196766,0.04377621894743263,0.11936968957257948,0.13312944333995658,0.020923901279839934,0.251749787871009,0.16350396818224824,0.30708364598427285,0.3325867428960525,1.7887572678153472e-06,0.08710618664801638,0.01780734752023372,0.1716179601773503,0.0
790,0.2517792798757318,0.06684690077629488,0.092435600803393,0.2602385873623652,0.2580069863785539,0.04135681692261331,0.04978475600394953,0.06669341077451656,0.13586985678087493,0.09076061305314098,0.029471454448705327,0.24254443638276912,0.057159144573080314,0.003405201429311154,0.003028217167107243,0.0004167631246098283,0.1529857538612598,0.15327912982385253,0.012784851382217001,0.19265855496540535,0.025287382240192134,0.0036956256100725564,0.04822108536376945,0.003607451289405736,0.07279949364665776,0.002695507390738131,0.07630150348971071,0.08993127135239248,0.010643895287460375,0.1803507925976356,0.0036411756753376347,0.29353439448634144,0.11569809446288164,0.3665154710655126,0.03320329887627664,0.06517725459753831,0.19738389321020658,0.03427927594534458,0.10763821617409869,0.1972889031381524,0.035462051133275066,0.03318466219782766,0.3447835741120217,0.2469491532773754,0.08962108949697957,0.013147423198885578,0.01220708566080955,0.10845600987807816,0.21178372106559618,0.0
791,0.029358889216814045,0.2233567462488321,0.26800047937285854,0.10956105480375784,0.04540799868210399,0.15880728179918863,0.10317966285533968,0.2265059019183633,0.08869048406009788,0.06089589593789628,0.02670323086319859,0.1445465643831006,0.07582664693960968,0.032785834449525486,4.328256828676723e-06,0.049488659011401585,0.11610386219026951,0.19559763966316757,0.21015400587547242,0.19101560484370383,0.0028321634135771516,0.004205106442469162,0.2079055011294984,0.03489231558398983,0.23772722635015675,0.024831047232094304,0.15891635376527358,0.10583447271210861,0.06729613351001286,0.11484344853843649,0.1255620511731667,0.026030427856431882,0.2744213602786209,0.15694795356369526,0.046720707842653225,0.006253894166599422,0.1397919915111714,0.09583843953746,0.21765627979525048,0.1515371938516857,0.02450941742671939,0.20077661239691963,0.07381262824233806,0.11224064326142513,0.17216249199923878,9.965773527930616e-05,0.10086617704343825,0.007288055660719622,0.3594299455071423,0.0
792,0.0831419461037583,0.14417626480511775,0.06463459431345861,0.04849287256613823,0.0507143800066666,0.22836431002380653,0.14877207453292363,0.2318561953487043,0.14772250318158656,0.006802105360609994,0.001525906692905708,0.28929086544079413,0.2086563832347938,0.004732894293724157,0.0034280951079893223,0.00924572670426024,0.2295714890799834,0.20284319087026054,0.09304016020458432,0.1376732051401263,0.10676625623054099,0.007919343430689924,0.06581088418291058,0.027940283497451982,0.053567143175320645,7.464747162528374e-05,0.09213239726566314,0.08901190448948952,0.052618409061524075,0.04947589304537796,0.17385219354575285,0.08181859232470343,0.11858739871673926,0.111018283144485,0.11770966374325711,0.03515094600947088,0.053291088302578456,0.2732721564074608,0.14938283041967151,0.19223903525372446,0.053995121529499535,0.14918184316143207,0.17110340480712924,0.13928120789978554,0.0590038625003188,2.9598184615798842e-06,0.020486800831257947,0.08444967103734985,0.06747146532042535,0.0
793,0.17430759201651586,0.11009181028540127,0.35266803464087354,0.13879776378091735,0.15832502575026397,0.4308681704356091,0.04872436469752646,0.1595901168492396,0.12039625962996134,0.046252640246835446,0.06721869712998324,0.2785532485715619,0.10496833491228115,2.586829377130397e-05,2.097043690934662e-06,0.011412422368817218,0.11354290756381623,0.1320346767194703,0.08163362978534183,0.2484863247144771,0.015545863678523243,0.0008576358775099607,0.201319166582974,0.0111920694490501,0.11072868456547875,0.0005385404882410266,0.3683750672613213,0.026859102078192247,0.030537182778212043,0.020015502347591075,0.005608588534205157,0.0897234052978067,0.16180689924251573,0.19772994249419393,0.15279903605686995,0.044628688621048636,0.1193534071635349,0.058523991643119576,0.03630651009841672,0.06038586530213589,0.09407507162688745,0.021529861035963684,0.27487997690001714,0.06188552922732645,0.20429222679286108,6.380620568210556e-05,0.1166679391664482,0.08875149381826426,0.28792933441169255,0.0
794,0.05231427696091094,0.2370039203617847,0.19310049678726277,0.0987392667188314,0.43992038610422196,0.24891011819380615,0.016265902472851354,0.14768854978420523,0.05171221272897916,0.0012848227804243275,0.013531302569385388,0.026929803229270962,0.06158278382170694,0.03665095405719609,0.2060279275485047,0.0023178920783034776,0.3121318223940885,0.07998514212000915,0.21213055675135217,0.21311673321090524,0.013969679664826692,0.015145540076459048,0.13762021442532715,0.049767439995945836,0.16338254402769298,0.050460368121831786,0.0825521421264256,0.09179458024356568,0.08715427013333586,0.09201969543520878,0.018840189992074922,0.0644939543321709,0.15191302869391785,0.3075631447518749,0.20332954267333314,0.09566746568074995,0.06544916789525412,0.06458225429444137,0.03566702761448739,0.12533354265446162,0.0636348978473649,0.15731085514356877,0.0416523106605683,0.034237525808299876,0.08998190703226151,3.000371878085173e-07,0.017262639185223756,0.039262421625369595,0.12877258251806925,0.0
795,0.158467144990042,0.13285458788234839,0.07745536154107992,0.1700387166120088,0.2210424323885923,0.22190568776385355,0.2018699204981111,0.11030052078214193,0.019601344949278315,0.0014893513749156145,0.010305235002554048,0.2345658469256316,0.20692846630674444,0.0002142300717005644,0.0010410925061336077,0.05181021414864996,0.13729214148966049,0.186461352064208,0.07291553773906562,0.14593502750312462,0.06462319936747919,0.01792176184695321,0.12295237726285352,0.03738575731269341,0.09556024778524047,0.0010178269272773173,0.20470121653123302,0.09335331026805896,0.04250113765581673,0.018041084308314533,0.019707600914444616,0.06679225918740753,0.2381224746030086,0.32088800800200024,0.07937468650789767,0.011382381165490615,0.09312368418210895,0.04987855674912032,0.04573682062769677,0.04447823582482061,0.1007423563598659,0.07374355990744166,0.08441391245604764,0.12261577873296116,0.20739893582007854,0.0009224955846686881,0.050713534241726206,0.05033597986679835,0.22381640361844435,0.0
796,0.005700908655744703,0.021797886989950912,0.11602670281786036,0.04891799854283418,0.18629591608838508,0.11118652971138966,0.005462913089212503,0.049910312210386686,0.07081680124442903,0.07496354762152829,0.09122397549796386,0.25560298255348823,0.2296156488357863,0.00022366578106381126,7.947568945878601e-05,0.0334092437479761,0.5313117302902992,0.3351867257619999,0.043905233895106414,0.14617381408663654,0.0036269701906986793,0.005491940269117641,0.20704790669652917,0.08783917259325238,0.014823575807521526,0.005691740835795569,0.15101900577553024,0.09597487734260368,0.049768562995802,0.10554644575139058,0.06403481322431623,0.19204921583319043,0.10079728101240085,0.1987582767981452,0.161821034643313,0.003004928130000524,0.12447092680039652,0.11796624692034416,0.3827068824429754,0.017806260369987576,0.09221575030820933,0.2750791847417292,0.08804389770510421,0.10990109454282967,0.09685393604372398,0.0009309276877075351,0.01242729370751381,0.0010264852437068502,0.32542122400220236,0.0
797,0.031179076396505655,0.08829111618834616,0.3816499432148978,0.0766723408725331,0.07495287563651871,0.16886606025089393,0.09476660868432386,0.25508117198349084,0.17010776748118897,0.0042942267004570924,0.19470156606302616,0.18889256053969028,0.22895308794512922,0.0011313539802109247,0.005730499774704125,0.00647951844588959,0.31376111645809956,0.15064439126140156,0.03500213663614451,0.05169560951903448,0.022061286306056263,1.2114449741034044e-05,0.2777541053947659,0.036434614529091594,0.11216109369894255,0.19268480526867152,0.10003291002726505,0.09286747196845642,0.004059647583887849,0.07126033977251095,0.0031652667120579707,0.07133356880864104,0.04488044140570002,0.2533577611732885,0.17979216655916375,0.09383956241895651,0.05958598480056019,0.18702642387713692,0.049760652957323716,0.11929529916550954,0.007640804214858338,0.02777271123138592,0.25467047518609026,0.23513038394646707,0.2275265260369076,0.0006173222053089198,0.021829109578974368,0.12855782194701007,0.036079850576811894,0.0
798,0.15565857324511034,0.053211066470393815,0.09880940543164748,0.2315807809067849,0.07912239619118329,0.3772891750536443,0.16538961277045452,0.11507905164504278,0.06732342018742933,9.93424963434898e-06,0.13864847999083,0.2164720331044481,0.24776679579006225,0.02512510393177252,4.8864444785179706e-08,0.009441384022402662,0.14051504818122906,0.18494410506801146,0.2278911515741729,0.17059798840486476,0.00851007098100489,1.172369075828344e-06,0.11215266312365683,0.10824358129396786,0.11676801481944027,0.149374227080412,0.05432958483332045,0.08844188178915907,0.005385445205545633,0.022713429877031222,0.016467613222041943,0.06801933048510696,0.2560726555142814,0.105139495722006,0.09597342347008539,0.09856781975955638,0.13011452829468906,0.07478273615821186,0.1535206384353911,0.048614036538659325,0.0921191878607437,0.07187088150345274,0.08776476050250968,0.12348478274427772,0.20642812589485474,1.2488264831595382e-14,0.125455568185134,0.05894106013893343,0.2626711405568498,0.0
799,0.04637836404590838,0.07310611223850323,0.1717578215614127,0.1771487434638359,0.05419914552313406,0.06680235460343761,0.00987232257305044,0.10211830734463608,0.053938303415279894,0.011738065443387399,0.02709606063289956,0.2599314054481292,0.45709929538628613,0.03929615742152015,0.0005422265179216402,0.05645678304700554,0.20288022773829456,0.10654992213488146,0.028718637531962167,0.02924321799890983,0.003924606802837841,3.734314628553599e-07,0.047009170612713175,0.03175089043114123,0.04036770495404935,0.07095628651219384,0.0919184914034514,0.11289776885295262,0.007787649031653499,0.09407064526394504,0.01351946720265461,0.17806277738645998,0.2452861712889052,0.22364491911069348,0.02955841074919756,0.005685649363709082,0.06245499077183237,0.11891552238244335,0.11314736517090815,0.17537798025989626,0.019020957537939556,0.13094377546940847,0.2247300561752427,0.10097823281421504,0.2740628031836002,2.631936045490877e-18,0.06747999939610724,0.029335840295189992,0.195448259988926,0.0
800,0.05469688347191708,0.06942485476165011,0.02837373121147254,0.241768924664617,0.18755216362059454,0.19714181889413218,0.012226246703592512,0.12224447528470858,0.0770501679174329,0.022183449201070984,0.025051771401734816,0.18881107573159317,0.10478278301519259,0.00042323179450825675,0.028231052298522716,0.050052145119502775,0.16151694661193533,0.26058112574051445,0.14938749605218074,0.1759881527372081,0.0032237452308915325,0.0026909040531230125,0.14971798183129725,0.007198374409105205,0.1150684047970952,0.11029577812063768,0.1939428850471556,0.09354072803955606,0.032392056697083636,0.23725322198693755,0.039771773586440434,0.12027773408037638,0.19796789107363713,0.3993814934108719,0.2231745822983462,0.0003172285761374329,0.009116340066783498,0.015252271794461583,0.16895319589974772,0.0849377816119893,0.0662549997734856,0.2547179710082043,0.08692483936687517,0.20559042528724883,0.3102372952494167,6.464047397143664e-06,0.13372895732217968,0.014440363671682648,0.2427976237806507,0.0
801,0.12776332383867414,0.2344639752037179,0.12985956488972733,0.16731515467334993,0.23148343458086623,0.1587316236077308,0.05808880959978856,0.1356260769539202,0.0592033341994802,0.001195383344228684,0.0883783634787891,0.26948108017515043,0.1387312663481193,0.04049487511905958,9.429679759903713e-07,0.018784327876757094,0.11578447136287368,0.14957881980552518,0.26814469326845936,0.15093107850435222,0.03778955278783756,1.1940825088367995e-07,0.22467179955089406,0.19116892068424138,0.014532047890387416,0.012034292674966458,0.12679291718940966,0.03913159609192878,0.016347252965474506,0.03250253139125314,0.003388594641453747,0.045596561533206084,0.09432779356995821,0.069272420315378,0.07721412536502988,0.001724509078396119,0.05644775457620654,0.04742446504057811,0.23257623499030528,0.17665410985692498,0.12371979927950136,0.09646934748845368,0.1883662009368569,0.11239507027153761,0.23591753420508296,0.001822930994336353,0.06691268737047222,0.015342330031371743,0.38989923064689663,0.0
802,0.1361177044328386,0.1602229981226633,0.036403668080530596,0.16344360368121721,0.07726370998708719,0.2940028400438563,0.03663924207707261,0.07675267431037912,0.10662457670326543,0.041880547091031894,0.024468299278634538,0.3527996599611412,0.3152444684529326,0.0001060778396735979,6.278621594651526e-06,0.01207419649444633,0.11936507329373315,0.1615347656213498,0.14192686010849775,0.11092195366585834,0.08422919537506658,0.005554073825648616,0.13664103102553726,0.0589793733238099,0.11573283729120895,0.004002721231259721,0.152548996954203,0.026290331896096936,0.11776322626341974,0.10380459516497799,0.00236784970776079,0.20695142876104447,0.1605538648289703,0.09680255618975006,0.10074682910157007,0.03821808589857932,0.0484156921535021,0.107438442785899,0.08442903799765979,0.12900723843247403,0.05412854662868397,0.08878580182586265,0.1041209953831398,0.18485147953063452,0.24753585632828906,2.903754954618016e-06,0.1255544905574447,0.04144430790239526,0.0797484650254717,0.0
803,0.12662017795339217,0.26688957727789725,0.06112616645309845,0.05195201205303445,0.09594757412611701,0.17328074266199672,0.001963529981105719,0.19481943470481616,0.07569683166481268,0.039268677735003026,0.1402047788543741,0.19590121388582285,0.10678662582483425,0.018991640006133584,1.2696611704330956e-07,0.14506234983772862,0.21272054641823324,0.23115448185341236,0.12690438908149404,0.16361759317115462,0.01637377838723495,0.00043171460508797287,0.2167007157323839,0.1334825126582486,0.1252681818955207,0.1768443169896889,0.24360232249705618,0.148234485264701,0.006315368384515183,0.12255990646240386,0.020492518524575447,0.15693135307403513,0.18865184522688808,0.2595472034344472,0.18383162833450387,0.00020703860836173652,0.05205006977696698,0.022986854838613506,0.1453966964699362,0.0029197835839734542,0.04090076343930965,0.20503657085164853,0.17553892455839476,0.19656816737630856,0.2299812090840112,4.963251619437116e-09,0.013030349101873558,0.019669643507697697,0.1254064172288131,0.0
804,0.17956900000229248,0.40148269805956094,0.03659394878019232,0.2306844807960574,0.23154973377115406,0.29169165077671966,0.11577123499654503,0.07428270153758712,0.020144010538775365,0.004443675518745493,0.0006624550847120162,0.0524595744822464,0.1081927567003568,0.04164095620801485,2.3973679628644153e-05,0.08085563736183601,0.07064081818827395,0.0920729027992376,0.1656702804613965,0.09448689705761487,0.042443473039786656,9.173536679539906e-07,0.06721977866431157,0.2102349798015525,0.17898942056769257,0.028921861034564837,0.17403397281224176,0.26747027496862585,0.0003846233800433516,0.03344964108370083,0.00416146325966546,0.04838686554031775,0.24765109902270235,0.24163536976698205,0.05768598584722323,0.12129837902717235,0.12643300444045022,0.20046969209877885,0.3412388777235371,0.08635455009323977,0.18628596912689824,0.11468983374446878,0.4168690744014628,0.15334971978313566,0.14719711047158407,1.893427629765507e-09,0.021558084400913995,0.10692967111571809,0.20684285140768446,0.0
805,0.10649016292218368,0.08916857356805169,0.12026536991820001,0.032637007312167544,0.060321483962338954,0.0398789049925036,0.030250358635724967,0.11340048020607124,0.07090466557151177,0.024659731492318735,0.02057565387755053,0.2016435292435349,0.2646076640379715,0.01244364296134245,0.0012968035866775872,0.0022060860789426505,0.25299275319562664,0.03959853788636315,0.018015785357972262,0.1670574357477229,0.14766199157583218,0.00832332148529376,0.24567752006729096,0.07917531050110313,0.0448772657872717,0.026927877167120723,0.18312894396296117,0.313132059671113,0.0069052866533284105,0.03692198307605428,0.01811113650257964,0.18906843484459324,0.2789838865513621,0.07341508448608869,0.20196632056816707,0.04955622191142545,0.022846566521486648,0.029014415337336227,0.24036733670552274,0.04307687885345012,0.12831104262005924,0.02107588894856972,0.09333564006984056,0.2592536938349608,0.10572309136036101,0.002879692891857869,0.13285265646217237,0.028574305435793083,0.32209095671327587,0.0
806,0.22192853725999692,0.015633643905213886,0.07975846405012305,0.11081367534367938,0.1916673400904732,0.39870071868334844,0.008344602957548335,0.23242063461711085,0.10538615138551594,0.01627326675710634,0.043513352184117796,0.21667925392706164,0.07175387445012016,0.00030733357073344886,0.01615117630144443,0.0385037170602713,0.05040371348103505,0.15050030032406747,0.0798114322904098,0.15368444537383327,0.07834087501832877,0.00010846966024007937,0.4649334568655461,0.005851069664221496,0.0908461491662198,0.056542824504771876,0.16628907206670404,0.07296526717581404,0.0019647734081986133,0.1764228804132071,0.02182096053465137,0.021564206131639573,0.2627283115178225,0.17338101765090316,0.26807823218257315,0.01684408603126938,0.12775346883583436,0.14456466163047524,0.28334232991099184,0.04879058986786643,0.24151456671886132,0.15476150955570536,0.23817984436432038,0.09592369311032829,0.2182082854665538,2.3347711137677494e-05,0.09468997732201541,0.17760495572261303,0.11314658406210762,0.0
807,0.09848068118128486,0.015445141301074333,0.004241909977395784,0.051690086193968664,0.27819395735292496,0.15851250320929602,0.018264919823184345,0.13216884177960164,0.021338741474262773,0.007686131535619256,0.2722096009584224,0.1565030232417054,0.32777700725822834,0.053787531185006295,0.006922253586207222,0.05225335255134885,0.15309964059997158,0.27284786344647477,0.0324377225458983,0.05048356295853802,0.005440063012142709,6.857556494672836e-06,0.29438603507676075,0.054346379187701965,0.021077189013607955,0.08220175698519332,0.37636514973064567,0.051556245168069864,0.0013654843782095094,0.1609097845609682,0.0021436125806334875,0.07162941596741826,0.07071660096373493,0.06138332904409846,0.07610732280846169,0.009761706698736628,0.06222858826998173,0.04961491509859248,0.23665497843245895,0.004569028937880476,0.06720506973399044,0.13038960966351282,0.37882893479232677,0.26679521685781293,0.12722326148306096,0.00022800090438774727,0.08944866432845695,0.027860926115933937,0.201830458443673,0.0
808,0.16995281216077032,0.009664692076134103,0.13967741905459943,0.027162048572746542,0.10024957954942429,0.14465079016527743,0.17387032699484772,0.3621010281068684,0.058285540657591076,0.12652530852324018,0.03731705916597261,0.28976592964180786,0.03962837081402636,0.0708964221742753,1.879793308640555e-05,0.13417764250313838,0.25164549812269305,0.10270161755809037,0.05738092761500459,0.37281243407981624,0.00893598815245003,0.05097947809263324,0.18900665802192268,0.020923292247816763,0.027084594797078098,0.012988135481651585,0.256746451837045,0.17924560486583063,0.022635925258690206,0.06931307593981778,0.006694256381345161,0.07250504418451546,0.3070981647139529,0.17292616494847024,0.08581998631965539,0.10380306624797009,0.10917820175443403,0.11446113489985432,0.19068455353744357,0.020175285042256443,0.08289496788873757,0.05580046078955197,0.26009600163517044,0.13183672572480265,0.0912754243238764,1.1383509285048916e-06,0.0007134143295214182,0.017242116363297838,0.0835022948661016,0.0
809,0.030927325228160673,0.04458658822520932,0.10197069095333466,0.2626687805505426,0.25555536396981315,0.03936821785642525,0.07942289092232849,0.2713770908704727,0.15195814625537235,0.0013686851108124162,0.01109208617810593,0.17043102189715714,0.2357821592409962,0.00016331166576685494,0.0017625190604251095,0.03592184086751513,0.1869132635328349,0.12620512761914163,0.15767716585348332,0.10895683298489463,0.0936455879594601,4.4541968854311706e-08,0.3166448494044673,0.028842276228342456,0.05579832237721423,0.060242904147974556,0.21876997758152708,0.11027195111115613,0.08092935986440412,0.058094139062290794,0.022633879321475314,0.0313857518387742,0.09342283069391387,0.11790423725390888,0.047672808752130966,0.0361273285744889,0.12597547838275497,0.030037851044589066,0.10294845393056616,0.014412630434105527,0.06745792781244057,0.022712583005236486,0.10912949923939728,0.08045194004190663,0.21569855837453183,0.0013615237100824947,0.006962733531959721,0.012177549530554742,0.09506968155246688,0.0
810,0.13746719878984065,0.09882154152851372,0.1319997195451789,0.08592850980405241,0.12037915681057046,0.25039410246716365,0.0943203818133578,0.07037864909943785,0.29084362116193324,0.003910900720941369,0.1282780593848521,0.13626669911617537,0.17622021829027154,0.03452412718625589,0.004574204478105978,0.014623568285884904,0.17403350015057237,0.24235114046613615,0.07187220088739094,0.17387798221235434,0.04386151736190285,0.0014289684634281423,0.1490812102193111,0.05389288334061215,0.07011296982338164,0.005449842571992726,0.08826089383746688,0.008775510420253846,0.0515418751102639,0.11662340838999077,0.023908006818594275,0.1461881287492331,0.3832475729019128,0.21631450702743235,0.20883549483283903,0.0067720506230592205,0.030133599935638068,0.00473028199111061,0.11164747753151325,0.017782506336552505,0.1681499974566853,0.04837012415488931,0.06879178779708232,0.15325614735698026,0.09083017444689345,6.583767457845346e-12,0.046936681829368686,0.04903787262874259,0.26085078434071657,0.0
811,0.1459836720337859,0.020587751812998736,0.13342809742234552,0.04785118363962613,0.25062628821361405,0.15036104667568817,0.17848306222148733,0.20230134971778593,0.14317321364485225,0.002036511497319198,0.03948829420049291,0.16691214383765485,0.1382329864816876,0.0012323880953894752,0.018233635755349524,0.021068984083847796,0.3403510470471895,0.44828036671063076,0.07125006017652097,0.09437582894842984,0.0030774893437476025,0.020963440558351004,0.006067956365219207,0.00775174819674342,0.1585483913482059,0.002876280947506848,0.10256168281551307,0.2974113667623336,0.00015732692575390545,0.1146119943143271,0.05808926724838868,0.22130792765201088,0.25016255213593636,0.08739328266317663,0.034689575293851305,0.09697273752702469,0.07786379001860175,0.02749891839795508,0.2060724498760355,0.020520578344483637,0.027320051955169358,0.060112556616646405,0.1310133858132416,0.07842710169314247,0.1209122033451589,4.515918890894595e-12,0.02504312340462275,0.012348690791897602,0.11134947906897795,0.0
812,0.12375077328018096,0.059358449249203936,0.13381399398185054,0.027421712196623326,0.1901658901967969,0.2604427863910765,0.029199517531611072,0.08789029537080854,0.11460737259356232,0.06541204216124952,0.043139731477766306,0.044764858985698985,0.09771043877082085,0.021425426102649355,0.005094731979212769,0.0022952663684354603,0.27850970572879813,0.15462682486181195,0.04552398155611395,0.2209930746721173,0.003586389176779044,0.06868169161538538,0.06169808292048499,0.11508193494792875,0.149657937732264,0.07921404294123827,0.27163449257866695,0.07631017443114865,0.002675329334256257,0.05313523048165252,0.07457775060928103,0.0923714870366768,0.22335436953580862,0.1526604805445585,0.14879986390882013,0.03944462699273611,0.036118085981488954,0.03574070115071513,0.3229694088653455,0.10855148571585772,0.05366225767018315,0.051160829472842735,0.17009306640101698,0.3280343872435124,0.15630061501762746,0.00037434720907932734,0.06320226878988225,0.010383709866187413,0.2223943362371327,0.0
813,0.13818335961008005,0.09449841080834352,0.050592191774445266,0.03033835061944963,0.08260862035327554,0.1900577812126719,0.01063225493743297,0.0836100924136974,0.38822858568499674,0.004391711283350479,0.04324979900418298,0.19695731410932468,0.25535097490937664,0.08869615829030397,8.866529064611016e-06,0.053124299002251386,0.2227372305223268,0.2888364454953927,0.14471351277023609,0.2783891444553467,0.07866343395238339,0.0009742932834131507,0.17335164048344928,0.1639849709095318,0.2142989794222954,0.0024504977045028305,0.09566978765656542,0.28256324924428095,0.04110966735893434,0.2243768701403544,0.04146770566345986,0.30583266788074354,0.28345988858632554,0.2156223859521081,0.05078221102087953,0.0293025033354905,0.13401449938056084,0.03458440379621151,0.14360442220492528,0.08271871366214527,0.0036642599379814694,0.1894990842659311,0.10168456830715686,0.07835044314377161,0.16401928423066925,8.426452872974366e-20,0.008878108664159777,0.008349310165255218,0.20216023967587973,0.0
814,0.014347559547158028,0.12734886188619315,0.1192374592511057,0.019136678888782267,0.06770135807709371,0.07449681071415368,0.146562130397887,0.2188316551135083,0.0824770988781107,0.016597670535300885,0.12248454863186423,0.12258914346737947,0.09253029802600696,0.019253639865222747,7.234471138356195e-07,0.047364234525090865,0.07020136541153864,0.14573406305107067,0.14549528341110574,0.23757551319355205,0.18141366063497033,0.0023398042949954686,0.023791238918628645,0.010103032543864972,0.07856195994879646,0.22596075766504198,0.31002360750665076,0.15544708450459957,0.020036114574665084,0.06424501688846905,0.0557686661091282,0.08958030084633659,0.22281903742377746,0.1339553711461792,0.09808931544719535,0.16920707054246156,0.029504170288900303,0.08827024893690535,0.1492742832741041,0.15915741956753296,0.060475449969139776,0.06625987441268126,0.21245281018708229,0.062041149397063504,0.15180295553594345,1.60182852877776e-14,0.016764678157404334,0.0191478515200355,0.4245654541116405,0.0
815,0.3238500555965383,0.10878168874226578,0.3092786262082186,0.08953404258429434,0.07742070337261725,0.19799183393703948,0.04021252129045373,0.0979396564218677,0.12813771397353024,0.01355209155414735,0.01210168341498582,0.13973436441147585,0.07721161553138076,0.025712260287991902,0.005184514629469863,0.0740350033623744,0.0646500653925715,0.30189398303207793,0.11106526776388191,0.18341486652349287,0.00011453763520501526,3.326078795380276e-05,0.1998601062714181,0.041378187186367626,0.2870832741932349,0.1333372399453145,0.07878332011484403,0.2294167248028867,0.02957616668353656,0.2055461389876428,0.015195211774247168,0.024367397577444716,0.1057012247582564,0.15708138529056545,0.02129433173418952,0.006592466563539593,0.01768277251237958,0.013434656702634752,0.18015041093517792,0.004895790894414146,0.051350818731957064,0.06612378236954296,0.14873300040219403,0.10332361979923688,0.2592019712139361,5.711370101296935e-09,0.0690711872624168,0.06436062910955626,0.06100812510780287,0.0
816,0.17653125275531015,0.05521222696547961,0.18919225959382935,0.033237047137890614,0.04883025366246605,0.04562854940115779,0.03689636420900311,0.15000749537159944,0.3319895630642574,0.00428782240752005,0.03489058979947266,0.09622719239110189,0.1714248848652731,5.906322987956236e-05,0.06851572979473336,0.01635198885087715,0.26805967173171746,0.14184607531125173,0.13515983649149557,0.10366410738497732,0.004272065322437663,0.004702806270513856,0.12708817582323464,0.17069074894350328,0.4329526372811111,0.0033680309450249994,0.22396307317813488,0.05628788716717099,0.1078135123373176,0.19881112756564465,0.0382358190635393,0.16853656719191676,0.045833034687145044,0.2940955659085636,0.19621491630404642,0.03372676891828625,0.064826706894965,0.057840199216553284,0.24867800681322647,0.08340315140978477,0.0892282371275958,0.15654746159876362,0.5200611000304163,0.21831457926496595,0.18481541968051338,0.0011057339451271343,0.18154786315947893,0.014546342132530587,0.06379310398191766,0.0
817,0.09283174239032733,0.05384103968150316,0.10301372673158499,0.04008846317157474,0.019872573202519696,0.10309142611370394,0.017570132606742832,0.1508007276952183,0.01849198900592744,0.00019718893221966363,0.039321860571493034,0.1852194637273621,0.24390286613897588,0.12941984753520774,3.227374034865991e-05,0.11041858479314143,0.2388935577839091,0.23006966961263747,0.08964118017011628,0.12685734882025146,0.07843931752570057,4.740947409637932e-05,0.1713871582073104,0.17345572492498437,0.1927569907041388,0.10123529598550735,0.09443203124792786,0.20538277434246957,0.25859058954684416,0.34295204544532926,0.006782726321166963,0.19484615616497386,0.09175109164444399,0.20543205723483776,0.04888537965653649,0.04309680095417665,0.026599531891808234,0.07036018077344965,0.2486132518981104,0.08534625429435728,0.0445882351919701,0.03857872086735205,0.23558004760949028,0.07977368139747841,0.21223269913949294,4.689177433162128e-08,0.14979700054420078,0.1554770516148132,0.22018076308260873,0.0
818,0.06680692453955954,0.015436692534133096,0.07967377741431117,0.18911498598124174,0.18044644010511052,0.16617878830225025,0.008425134235551988,0.29089482791132754,0.08100841728859187,0.02783348568520027,0.13950395275413843,0.1578478666648732,0.17485614028225763,0.0001291024087205477,0.0027637841212218447,0.1635648507726129,0.19861950928083913,0.1387692446989639,0.10109149317803233,0.10363137106912225,0.18532087016261922,1.8037291243052143e-11,0.06559807142705879,0.12992987267630512,0.08336394371305107,0.28088673670259784,0.22304790575757583,0.1435702748494273,0.006447791002886035,0.23322668053729112,0.004035556665038185,0.1803201356387532,0.2858808107883421,0.1255033857532059,0.09373782026472362,0.008783977895969262,0.14970494230814738,0.009556430451686875,0.05739712478262485,0.017769345120121037,0.031659019708362185,0.11056976021529334,0.11694489142360248,0.1661281745793729,0.10379743377886808,0.06813682383075673,0.09345300428708055,0.03932861380763033,0.22022055283955377,0.0
819,0.13521509844981405,0.06083851820287468,0.045003097099553815,0.06341978658295887,0.3851140176213011,0.17393599626043002,0.008508634721183496,0.24022439093552614,0.11040484925049422,0.0006736300360112731,0.04051428035408389,0.25925813139053505,0.29195466258906566,0.00027660762585891174,0.00010765605641638899,0.13464423870672362,0.15443186338667794,0.06624251760022659,0.3164800502508763,0.04736398639690071,0.029131500174390913,0.039061636669729026,0.06582741393833907,0.019113544472401052,0.03284243003095986,0.013146762616944191,0.19609743106815294,0.1239191429811492,0.06911952278592794,0.21891294914431178,7.101185751850252e-05,0.05918557060999389,0.19727138399978028,0.14833345504001308,0.1026847212118751,0.00014222392858542226,0.061180305640775326,0.012294817626142625,0.2796843287512379,0.0843955201198816,0.03559345999735218,0.059017347457259374,0.21958676603698035,0.07820176625338635,0.23789031887281684,1.2792870847570215e-07,0.020826570564375743,0.019488622482815136,0.33579069187398386,0.0
820,0.07997704609893101,0.0973297986862323,0.04377157250302148,0.1195596996687514,0.255151446427288,0.038847966022769555,0.023907297321158587,0.24387976295673575,0.20216398870554125,0.0007141088406466714,0.09319220152279341,0.1867956166753038,0.30073672458817824,0.009103398362450645,0.0047129824498891035,0.0025577501920018924,0.10187507138792976,0.20749971148108104,0.2427888638297992,0.4039420671593657,0.006280892972940087,0.001652076610899234,0.1088791441578558,0.06799529444101006,0.16210814927060402,0.09271596839388688,0.17364441570498,0.13578225532075563,0.004824643734155896,0.09035793217528541,0.03093903725039786,0.12439260268466694,0.10887498101867528,0.1859205021909131,0.07684064066505086,0.0004586402991203264,0.0935274084798008,0.0829021321257658,0.04841175530556771,0.07361720290964609,0.09642105173576995,0.12146092063658954,0.13337127114313851,0.05571773879016164,0.07733646654467,4.387963385167496e-12,0.15940262411927014,0.020489462764911735,0.138909754206177,0.0
821,0.10427855322537297,0.038702912908907525,0.12989208025935425,0.10503833585969304,0.10762598647272259,0.19061945738875655,0.08468534130257567,0.1555201852820173,0.04053498938312382,0.008421610228073745,0.04899603536192774,0.10984655168702286,0.1868223844122331,0.0007153265871861604,0.015725204677410363,0.024062810300213597,0.20956992116263448,0.26104176509560034,0.24234003991479672,0.11179621779280706,0.0024062240045068144,0.012660629187823878,0.013949794390065207,0.007448309148471648,0.16459286054353386,0.010102812402628674,0.21912127419170746,0.18754467520192217,0.08257295006145829,0.06960565163159482,0.011745014502446045,0.08683671991240481,0.2006410783321552,0.40497162801584996,0.2066938057824812,0.0016744625128815185,0.011265028827680846,0.08562484892359266,0.16107288546135595,0.03851097716583712,0.21230331093861857,0.10389452833925346,0.29669125653399253,0.04184396755200087,0.34849991657804047,0.0051757540146183945,0.07421788904839717,0.18559971166570294,0.07491382401675348,0.0
822,0.0468462248818316,0.00944229435679992,0.09678611195759432,0.10975926282328072,0.17537673276748234,0.4246667909852549,0.013587962875584045,0.2066481285315803,0.16654495536940564,0.06408173048374645,0.14218788322412443,0.21562362550618844,0.08015142420230986,0.005335191296355294,0.11567400609565903,0.038763393981112636,0.14549617689815175,0.23280650166826078,0.189609712743836,0.11153554629390876,0.032807736418139506,0.08926728954206359,0.07277817302434965,0.16934822152025775,0.10153858301014289,0.008580564966700148,0.07258326561223798,0.06088763398808121,0.00013826711760087372,0.06473690804074461,0.05209169130774557,0.10895206805437109,0.08286269666781505,0.2640406353024471,0.06279002530962598,0.0038138799074193385,0.03952832524165633,0.025062270773456272,0.1594763856185843,0.06607846730756808,0.11777205145565181,0.1495501043802816,0.23058165403706568,0.15205268157521887,0.14281571635383628,7.003767633175082e-14,0.09115608563677392,0.044169253788043525,0.11440438029670315,0.0
823,0.050158531872422855,0.18449075934077927,0.0962661673918715,0.011138617631465968,0.21251531885084815,0.2790420038130887,0.09629584554019802,0.1800296986559139,0.24353318820291633,0.0023515837043017653,0.03848085147847194,0.13845056420710633,0.054934707350648954,0.00026276860751468746,4.571755123229331e-07,0.09593110656774735,0.24405137500013835,0.26033904107514383,0.02211935440276718,0.38404215955500826,0.03908600416525814,0.00016599730733957987,0.17719872353294905,0.18590848718705083,0.0769800268134462,0.0215769529563002,0.08168846929838325,0.06797190205943358,0.0008461416483619529,0.07644919460564496,0.013468158333251755,0.024527500194063863,0.023915287786805548,0.1312581492269092,0.1408353133636059,0.07670310778856115,0.3340282733031741,0.0005330685387490219,0.16191247207459927,0.030398114795106384,0.02699176849875964,0.11881648869229397,0.11239159131877118,0.2523217333901923,0.12303835512428392,1.7599685514977984e-21,0.04075006308464089,0.09903844691404633,0.10462720883110554,0.0
824,0.12959524587810275,0.0709463699316348,0.1417215602661566,0.04867180254806956,0.24718414873884564,0.12429140631747408,0.0016021035464331558,0.1369946576249002,0.18958022394768548,0.00028869772883676896,0.10281317359905431,0.29928930509098783,0.10149866530923148,0.0002706628864616608,0.0019647279570048836,0.03653327949836559,0.19225883436272584,0.035724882124223624,0.08828819949280195,0.140060610238686,0.013119164767963556,0.006854755917008887,0.0559536340330347,0.06531926436772724,0.19343950542663896,0.010812244280122367,0.13924963116505165,0.0712658188713273,0.11909298183092619,0.0638380432746797,0.04296849713254459,0.04078304804081985,0.16074995233822179,0.26586506313686037,0.31458954458658467,0.07961861551428279,0.022636455985974663,0.014755557468290706,0.26147456049974527,0.04336785010550758,0.006427342200310578,0.16580335570102753,0.2360634930153384,0.11695835608458703,0.17473724149267544,0.0005195828036615162,0.04951033430561463,0.02614133839653131,0.255723644757918,0.0
825,0.0962134455749137,0.08974431132095806,0.07381957147505312,0.15970586436712003,0.29883339152200017,0.17468305754011726,0.15835378240433834,0.09744449298263476,0.20883966000629178,0.09819148737510916,0.07715318974597105,0.17063172314430394,0.14861137124138582,0.0006210121158835249,0.007447939851452603,0.0029711144874306843,0.36186992218007485,0.3844366424438237,0.1992119292791768,0.11060979498775186,0.048315410173797174,0.0004464500531561692,0.17255551743617867,0.1575847965989305,0.11734053729181812,0.06041982964615916,0.21030296129814444,0.31118021010614905,0.002757570070251855,0.037755629652604296,0.10684977891559336,0.00869199428621202,0.21112349636096622,0.11139197756844138,0.10505534848984668,0.004159694984910086,0.0650872408456094,0.04581588364104494,0.11956491419377864,0.09249995282704691,0.07358517614551773,0.11881708298528111,0.07581822459411444,0.0872213938777201,0.21638084549751121,4.322042309356543e-07,0.16467467816706582,0.040158556599779446,0.2735568893598224,0.0
826,0.05056078609154433,0.03580129902487284,0.12521919958723193,0.05856524577710616,0.1307255224396302,0.2609377210131711,0.011612801815194137,0.19021305700847363,0.10488104357585877,0.08273429532929882,0.0027765490731387326,0.23304123897714812,0.2623892662552084,0.04735652764786484,0.02899988349934108,0.09029048851482228,0.08549629836717872,0.09063025998127738,0.12592932866686157,0.09595107187383606,0.012961753085682585,0.00012936767301744367,0.07122341118951551,0.1164131898967011,0.10179771371035425,0.0022878478255957055,0.05393850116261367,0.0387670621892212,0.02123097048813097,0.08571943366000231,0.011725675561008344,0.06125515534432613,0.06859301781579073,0.12608783155863537,0.187688836339127,0.0002181235165362712,0.15653620913002106,0.11358692303504028,0.029405169151046625,0.10659715707086385,0.04934903339250562,0.0493598908405004,0.1832457956831293,0.399823008456203,0.36179703515313366,1.5708369490675158e-07,0.15219157308239326,0.1549446753118896,0.11434595328335383,0.0
827,0.17668404431684154,0.0840772953437481,0.05221517468201203,0.04595032105811038,0.1497797911220364,0.12617927610766916,0.07502057217675022,0.19831288157459315,0.04209035393156087,8.77093014245473e-06,0.0020270945564782182,0.08468453139803361,0.07831332994503468,0.0781474470580019,0.004903373279877579,0.016478549561504165,0.12046420423767275,0.09176084165657629,0.18250872185275197,0.07500022770695212,0.0066373580601990275,0.0003841177490563228,0.057865153883818944,0.09125284554881828,0.1506328975975554,0.06854594990057174,0.41016403552584185,0.3544943777452413,0.07865742085234298,0.05492961091105309,0.024316140720249176,0.05139865976497663,0.15893591048701697,0.05206150849782516,0.12873324369254638,0.160671983718642,0.06123603903205674,0.13629162964018263,0.1422792338197365,0.038959568093473715,0.023806143094831967,0.08664136128659697,0.2655517932073284,0.04045124337707109,0.2668752518905188,0.0036696876938832382,0.056089725681113596,0.018712993009806077,0.08939366698526596,0.0
828,0.1025049915202342,0.02372351915442235,0.14320401205118463,0.1320836923994614,0.1652335960634959,0.24812219631468857,0.0022407879193447554,0.17608653199310964,0.0594364557108063,0.018593779697212598,0.06821338981698281,0.1531931243517634,0.14097404389422077,0.010964050239611643,0.0001671970680574366,0.04088875317492784,0.38660054259146565,0.1010498911581899,0.24296904780004214,0.26050414557740653,0.022946834655080548,0.0002802957742408398,0.1323185543381819,0.044575419882796515,0.05653996076414344,0.09282155702243594,0.17695053755856174,0.061584455289992096,0.0027718585897851286,0.06818048333218307,0.01903991083808081,0.05358954522832025,0.23973288546690835,0.13503776642080154,0.07277422399597118,0.01026031339469607,0.10433147441095471,0.03637201313665074,0.18634612513501128,0.0551226962892513,0.11136745770082919,0.061759453829867084,0.21739897026403246,0.05598110780584066,0.2398678340179147,3.3324892882830876e-11,0.1162405108157614,0.005355461671601409,0.17699867868161992,0.0
829,0.07381281802420354,0.08721579233378839,0.10069113366618714,0.14028183075346926,0.04739339628144472,0.18914988486355994,0.03263827116544695,0.1709733029610577,0.07157759052344778,0.06482919046117942,0.09557121958768443,0.06669418066291097,0.14289800675124406,0.01816671184443565,0.0022058371388729817,0.008721846912177148,0.49310953935753676,0.3654991970373726,0.07626364710261106,0.4365358717879268,0.06300203473387639,0.013542747606137797,0.15194417040125818,0.048650499724072115,0.050981091856705435,0.011142450596824807,0.11656557713627216,0.1703419104540471,0.0767962363535463,0.1294729978281691,0.0025789438211530975,0.038860053923150305,0.18504802201957077,0.11622243025417342,0.056053382711969406,5.227009974233203e-05,0.15618493220977092,0.0477703716680058,0.09991648596287492,0.08524937557952034,0.1655082850966284,0.30883221115405485,0.16094565256192606,0.11756845507625333,0.10681485458211873,1.3258888238241544e-14,0.054773178294382815,0.02240129355387741,0.12402067537484499,0.0
830,0.27134696049455076,0.08226721864565946,0.15159962252621445,0.006246458966981104,0.15948529371901313,0.365949551922963,0.025710482107526873,0.15329545770016004,0.23364096306359242,0.04113330597097611,0.29492021473056534,0.1490806227203288,0.1910140285390734,1.726184527270918e-07,2.098939970839173e-05,0.005179640192623173,0.2848078061628399,0.21964577408678665,0.013646998403408512,0.22438278364624537,0.009142032984130999,2.5153864175593994e-05,0.20745104187760072,0.15792182676811084,0.2298674219547575,0.010062097729872307,0.14660647911264924,0.08075549131950947,0.014371176787920874,0.11388010879227232,0.0929368951952472,0.06372026814058654,0.0963305689791242,0.3005678379842665,0.07326951281175348,0.021239072565695752,0.11951319209648491,0.011060331444141546,0.142803955243974,0.11051218102852822,0.01932379719152403,0.08068347245526315,0.1798929806114731,0.05780787412778527,0.12732700019895174,5.535698725186532e-16,0.09729850471405825,0.058604938155827666,0.11112125521824817,0.0
831,0.07435960247103382,0.016311587548049025,0.22598284379841976,0.09524949952230959,0.09231649849594441,0.252368504092009,0.0069500336963853005,0.5048684816412301,0.07701541588276681,0.05704181750373377,0.013557340480416917,0.10144926920879144,0.08654326093340575,0.01259193318518726,0.02042898076557166,0.03810401835196697,0.18387971430348818,0.06542375718369035,0.12649878502945833,0.10916414686762135,0.0025784121433192466,6.13448554216994e-05,0.25954733959742327,0.025831061657012107,0.09707395371148317,0.11940540582077185,0.16750294110324904,0.03362137353873301,0.006600461166265541,0.03938690191796108,0.0030776974819689182,0.10460566373456355,0.22730654807818426,0.16970648633908944,0.1383682394063844,0.00777478377099571,0.05258684119647789,0.07899790713318658,0.11765008488607964,0.028493710689352976,0.034300467038458717,0.06874055103506371,0.15263545951994753,0.2218365390660128,0.17878264713025357,0.0039884174962368235,0.05501279278087771,0.11848913234492608,0.19878420060873098,0.0
832,0.07098587020960477,0.09183459927076126,0.12572637902268052,0.08486646541597247,0.40127199406018177,0.036492820310373264,0.02269814900895221,0.3750426880359491,0.014993926243146827,0.015994005522983155,0.05075857326453787,0.3312838664476885,0.2131547228149304,0.003395466226424089,0.002331031206128349,0.015850740675266078,0.2616619910409676,0.13157295146882184,0.04171583170963098,0.2283383823597329,0.0052732753918059835,0.013281441412355552,0.14354227326168983,0.061415872705168593,0.059849251755028185,0.045942319726600664,0.22800443065073217,0.032647884444194475,0.0001258572293091771,0.22809538471337834,0.02408019896006403,0.039440142704233204,0.23091268349739053,0.07948885368613343,0.17579821053179087,0.021163010541496195,0.11119763013643716,0.04917476273287579,0.24731146673178972,0.11967067742104823,0.2666655061410505,0.2846754462046112,0.12562041477965533,0.14328180493632592,0.24165140422486298,4.5236591714026357e-10,0.0613528102336884,0.0011033745534591954,0.18346894935164032,0.0
833,0.005577298741047527,0.06783275182595803,0.2711762381958968,0.1362047857832492,0.039068114413409544,0.09204695485972327,0.052313739836214755,0.11254990509689138,0.059634190131847536,0.0023227724875301854,0.040166264340825875,0.10238000366738742,0.055553162934187855,0.018045056445163507,7.576771791981413e-05,0.13785566128947357,0.10572132873910174,0.1160087471019245,0.08983886616648569,0.04909434603389394,0.014647001172732748,0.011673801572599524,0.157851479251341,0.20279047021305496,0.24653151205555485,0.147638460039008,0.12855945124847776,0.09803873713832599,0.014409119083959988,0.21082207916199383,0.0004215132353295279,0.48458440700544736,0.16975140458989757,0.1074572731893349,0.11119059151301068,0.12327611490502643,0.060954326618795435,0.04134277744270174,0.1889435883485345,0.017808717027806877,0.10858335391016173,0.024097056215105727,0.10570758886581078,0.14185196740100584,0.11524475829701968,0.0004971189543172403,0.10282755535128939,0.016967400829555786,0.051126330478483466,0.0
834,0.03074676944810504,0.0105471409935408,0.2031307230221192,0.034265735611822744,0.08713300056335299,0.17987400868668815,0.0203633646680515,0.15889409316619565,0.26244958568594573,5.112875669353994e-08,0.03143778624088568,0.20847327004798036,0.04621834667679021,0.04218721652345076,1.729316017606637e-08,0.007411397331383503,0.21764699006514335,0.10126516922017603,0.09088499506962903,0.12729020139489525,0.0008517549205678672,9.6987219884166e-06,0.09802648311693618,0.10549345320549823,0.10266128569198787,0.06662076390638902,0.17306761336660392,0.02216624072186827,0.09540704259529521,0.20387186809683594,0.013220715968619,0.06544049412743234,0.1624869774258341,0.26011945989637747,0.22392401487258382,0.056539013609996566,0.15486423889338907,0.01573033187390186,0.1359481424113015,0.11882833448406994,0.06450829383049618,0.11812780827475729,0.17933878933447023,0.09356530832465378,0.1930715899006929,8.555479477254566e-11,0.028583909587995435,0.013263736367164977,0.07427011937988082,0.0
835,0.11884298859619646,0.2636012801612032,0.09813343725875094,0.05773993298972694,0.07207664156655785,0.2244287658804645,0.08494561135035471,0.282781513442719,0.07078808964619666,0.004405377429741825,0.08548452166199201,0.09468025488617479,0.18743691231254284,0.011321919121700458,0.006926440035929222,0.013613775087002487,0.18349035261716434,0.22779957815102436,0.1345505411237299,0.20150985773678529,0.0073846562935294836,6.745311957970123e-07,0.1478466649573957,0.1637216085650528,0.18536711950064855,0.0075174120792302,0.061505578636080804,0.2112755302615863,0.13058032533214697,0.032317099803968574,0.009581967777423093,0.013897213047312439,0.15094558482226186,0.08259222018395536,0.14069679870720778,0.005840592990847623,0.0956976041691942,0.08435234011327215,0.06965955463086625,0.07405257619908588,0.06455727244289776,0.15818839238244198,0.2872370299505109,0.17621682460051874,0.1559411523639557,4.746296869977126e-19,0.16133135982699565,0.017835292263508353,0.33138254058275496,0.0
836,0.08636152056392646,0.18008673797303554,0.09701235373291638,0.13575142824849382,0.1344716823451315,0.23990719174276826,0.007024627967387203,0.1657022876122074,0.12471986160450735,0.0574747025210892,0.09525578482030807,0.12407799129513823,0.24550833836105568,0.004142783664927119,0.05497366273522035,0.012769019222004886,0.08545835041564413,0.07154280100925364,0.1201449323126398,0.28239003858061135,0.08759819284049711,0.003417276957697344,0.09686313977280644,0.005971904165016373,0.22259089439743499,0.003838324186538796,0.28322904120555453,0.1366587949010741,0.010333830224593716,0.009213194743071702,0.002414786858269955,0.0878875703802665,0.12622156742955212,0.18962935554908306,0.18817938186609734,0.0008880685298673583,0.08476200955618368,0.030123534579336277,0.1174165256151278,0.008256838063098102,0.02025230050443111,0.011678850994948744,0.2384325805151202,0.20038276369759556,0.4057851220344426,0.0004195325822423786,0.16560061435039664,0.05011294462603403,0.20167130036837774,0.0
837,0.10342736309348001,0.21044803352833533,0.22771676637626645,0.2725541194467709,0.2670790226592613,0.05612549463356784,0.009992388504035344,0.33744042714289035,0.09155027724011183,0.045997132896721235,0.023478600064389968,0.3463753286355411,0.04640441561446743,0.0001447751572057002,0.0028432629009918628,0.003933248063665613,0.13660363111187285,0.11653801647946,0.057751435398678864,0.1865669558320313,0.010315177663737728,0.12605581844756955,0.06343102839433544,0.08558429856812934,0.16514755303733827,0.00810026852647764,0.3972801202529228,0.16243248864862345,0.00013456035354105026,0.3216916771991271,0.0018570639801928736,0.09639950738819845,0.1340356312724765,0.1261108572400134,0.11551521548878843,0.001708262722626878,0.012893301511291769,0.015415019150675589,0.31770097948924647,0.05946627491746867,0.13486507550810775,0.052587101878832705,0.10190723197702369,0.019888278465467746,0.0959114314725774,2.9979580746983334e-08,0.05305271707262955,0.044925494775996416,0.24080039132150508,0.0
838,0.07210949146629404,0.19038216927537058,0.24988818505085078,0.23673669116716248,0.15795101071958217,0.37992683266667804,0.09033367964681553,0.14976596598256398,0.09856193344548239,0.013063095234729172,0.026183108265979617,0.09589348747182584,0.20064604332966582,0.009018005259987569,2.45615086647671e-10,0.08337090564731209,0.1685213673239974,0.09346484250341898,0.04527996821102963,0.12201080130234128,0.012365040463623026,0.01678598265653986,0.12539453693403996,0.006104687729680946,0.2189890685789954,0.0037271128526321826,0.07181839327562026,0.06546674464097244,0.00520613500050572,0.09879482243323731,0.016886259914556733,0.08276294992732477,0.07391285309639802,0.17967404954529892,0.03838186702188633,0.15565972035083145,0.08225939746120967,0.05585077441919092,0.3299619960179423,0.007073778537278326,0.09211538993090682,0.16792484258494028,0.39082824654961906,0.31290230953220416,0.16150467954144818,5.12008778561176e-14,0.03532938625333772,0.08064771865975771,0.27984796381939564,0.0
839,0.020259322925744776,0.0501816980011144,0.15716618191976625,0.05672750767660036,0.09571937520117585,0.07933608826536627,0.04716928734745283,0.13943016065219385,0.04309468041668476,0.032076580916678143,0.14379049190298923,0.0838087203681307,0.17689823897585955,0.010144010275759762,0.0364865257009423,0.08525165237346245,0.13114043086462243,0.3717178221206341,0.19048408704123615,0.2713224977445011,0.052299681417786736,0.0007191019755796401,0.1476882000072502,0.09919143753798132,0.11188741307671583,0.046491561684889965,0.3409366269701791,0.08258178714766456,0.00016498008915819158,0.051271301039619306,0.015206613456794174,0.23721255968451774,0.1194518849140512,0.22282220116141588,0.03336809220532895,0.09268127179763021,0.1095341447346036,0.05340509455678198,0.11858379558605239,0.15734246113157724,0.11310346539289089,0.1120790774658158,0.11697461841839511,0.16884881364898946,0.0724633722215325,6.105486536402964e-05,0.07027761812696652,0.02926717606219018,0.2415890966796634,0.0
840,0.19478971530005304,0.05822484992833415,0.16853638872508434,0.11777983628028817,0.1607499053264104,0.11730642666355252,0.010655657918526885,0.07946674995853617,0.13943456073260246,0.037274507303397875,0.005257416076949729,0.19177888840127286,0.21206239105098967,4.0993154396384246e-05,0.018027973682457326,0.00213226369202176,0.2517748092181366,0.20469129504673206,0.04595616347898229,0.05462107938062026,0.017795378779771713,0.00018843050948424644,0.33065975143650606,0.08989890356024116,0.07094834243427761,0.0009832493699707856,0.3058814731052029,0.05182654870363457,0.022202898245957847,0.17963881048405897,0.04996976971618378,0.06564598928438442,0.04596644138029773,0.27191551399797254,0.0897556906047081,0.04216681006816319,0.043055470096606804,0.006109640336679536,0.10583787009729131,0.11098361284424206,0.016688051838887136,0.056089424092050255,0.18372660674690233,0.08040249418555516,0.18243908014030405,0.010617667005179587,0.34277345373021434,0.08509686985830399,0.3446765022436301,0.0
841,0.0351692541640703,0.1141195129148013,0.303357329111902,0.0994450881823751,0.22472851963768975,0.2161226047899105,0.007498523812425309,0.17861843843698355,0.05195259641259523,0.030880827017484028,0.03240396016792458,0.08129598193974097,0.25770954915668876,0.03209181638017606,3.6292419541417426e-05,0.11693013090427698,0.29072634980707157,0.08407074895046177,0.04940133213859676,0.017910178634567286,0.03466636890985517,2.3793874051297587e-07,0.1085047267625521,0.05307883495402336,0.20695154749943964,0.11880730291814495,0.22726638646073022,0.04744110109990082,0.020160062632094893,0.017163974947475052,0.010258499916539605,0.17380994970258937,0.09337188377895195,0.28225323715125644,0.07525842873669136,0.022717096122342503,0.009139074736144368,0.07696209554735309,0.2539170727127606,0.048476797240598696,0.012699080904347104,0.0746920878334082,0.24213529358141053,0.0693737157519211,0.1588245966427893,0.0039517127238940615,0.009751662092959074,0.0570992621942698,0.03235042747998226,0.0
842,0.09964018413660451,0.05995164801440699,0.16542392023962937,0.06096253896976255,0.03291481604214058,0.13561497332118086,0.0012996886344525985,0.36846642648646444,0.11492687333228618,0.02279772485979609,0.01769514208297888,0.23609657825063168,0.21196087079618794,0.00654892522014215,2.3793364421434843e-07,0.1918332760945741,0.2250609881221972,0.1458219333441282,0.11071509746116233,0.12050384236565548,0.04248900913986549,0.027820305888987897,0.0849355077828938,0.04173370768835825,0.07708016352119743,0.02307699853041118,0.26424495226427325,0.044271806414310076,0.010303987872922528,0.022525729813535844,0.06285213491552134,0.034677650203372413,0.28554147704347344,0.1924659488822966,0.1267338833673994,0.00497519176975496,0.009179391574863863,0.02660181381581471,0.1544819756015543,0.08939528119428003,0.007715439542464787,0.15131697257647625,0.21272520700687536,0.33086638747339925,0.11965551315630409,1.2873698542166882e-12,0.05025969600060528,0.07534041628634601,0.06206623000033498,0.0
843,0.07458933085320554,0.06237006986961742,0.2540471158168402,0.0894488584278968,0.3348066603156575,0.06545907993664127,0.08661595166931713,0.2990055880223631,0.04616582984940654,0.10696174323728401,0.019435414722991477,0.1337296680861336,0.11717483655250129,0.02935840802071369,8.164644434735322e-06,0.09121396167253466,0.3727090011376836,0.37293414578991835,0.0748103222825334,0.3258361369946186,0.036363741413322034,0.002647710663444223,0.1307627054977777,0.12720419681804065,0.032277696703061035,0.02975505417274293,0.12318014337163909,0.05663807145795221,0.002477224361437529,0.061957362666507976,0.08069334917516001,0.23465490581500892,0.13868050566016607,0.36695439407178393,0.16255399592088515,0.005558716958027548,0.07876299112381256,0.01577640149782043,0.20741184506875146,0.044270657655180554,0.24767077554887987,0.0315923778099383,0.0880051147058821,0.1743970897532739,0.08685506513008731,1.0104121686340446e-06,0.012700427315087665,0.044699961906746785,0.3277398346477699,0.0
844,0.19187434899367398,0.25205963646286605,0.045940852587444625,0.10747042661284671,0.28393665924098466,0.06792375550972646,0.015012474419265124,0.10822064273010429,0.1625467112769731,0.0032412726015943437,0.05422628797601517,0.1549236574127137,0.3115191581310795,0.004339287808227687,0.004766754536970375,0.011901928728328038,0.2392483703952787,0.20903864472800227,0.1048515075622751,0.12540282766571006,0.08202967552378272,0.12690539154930253,0.11252188458042969,0.028573801077614886,0.1504332720732902,0.08550763753921857,0.2723197605553522,0.049421329395084215,0.0337167153983953,0.05952155396110149,0.0064246011446138646,0.1096153317298541,0.09982810449866673,0.24920438112085025,0.04757557991095751,0.32357027792362664,0.050705081344485786,0.07298666150148825,0.018234853864875517,0.02040831319802382,0.09169546664836174,0.06773506029915624,0.172637571279108,0.2259153611616657,0.04707674222580918,1.8445999436127605e-07,0.11031941576353906,0.009064221138276004,0.09411588852021711,0.0
845,0.13592938312879807,0.0546613230073038,0.133554669024225,0.09229954522322326,0.04746959852890023,0.2141495426276911,0.00973106539081111,0.24261590411687264,0.04304371296944732,0.007143982567106837,0.17637516381359897,0.16477479269605236,0.11586559611685114,0.004822777313406335,0.0003902626766060966,0.03600492658891914,0.13534818688620312,0.24091539291695524,0.11350824361521754,0.29576398300964923,0.0015165793093442083,7.4495433978506e-08,0.16322836422893366,0.028081375700598654,0.0747064918328442,0.0673819081480508,0.0899608595510722,0.17509856398226695,0.016477384051989785,0.021527946391183345,0.017013244716211857,0.05120910928302377,0.21991630914256682,0.14442342965906707,0.12831598716064288,0.07997575345135766,0.05609665880465802,0.02667852426797669,0.23721421725089725,0.026349415626351156,0.028972022036513962,0.07149605100600949,0.14930597303415458,0.11418521857485511,0.10712166618795115,2.438061868769441e-08,0.03412064253114272,0.014013833411907105,0.2251604821322879,0.0
846,0.15808951639466995,0.18473810098538732,0.06498463997328364,0.05452711002054266,0.07930316076659238,0.1474505636078416,0.0010884909995661878,0.24968519213210422,0.2269570608372016,0.005161830065792283,0.01791759314169203,0.05833542445429487,0.31230100819538875,9.137920949867815e-05,0.016761313957035624,0.014837904654184778,0.06879052080398802,0.2153553971376473,0.09678597955103964,0.1696758811290424,0.023467411760071645,0.0006615842945796111,0.18357998007405607,0.03086017537181896,0.07201596209813034,0.30999424574951295,0.07503452781790525,0.10584916945322603,0.01598674671222747,0.022200433765196467,0.1253485072170001,0.028579615879990188,0.14507873290701842,0.09142433011076558,0.16887567297180198,0.02722778777539834,0.08010588837864446,0.021198679767246324,0.271418277853301,0.033192935218237726,0.0062385433127040806,0.1428012186334433,0.14786368546822518,0.23493720109487295,0.10434858365118874,0.0018468560233939522,0.03013554993136809,0.02681106663981419,0.09821393525211185,0.0
847,0.1180270386407665,0.008350984519265286,0.1470039637978825,0.06141410646634621,0.1071812033298811,0.0850034199536775,0.07869733076824191,0.14589336746412224,0.11763359975815689,0.0008085774631652197,0.0002170583340845403,0.4014636204409607,0.1811787367617446,0.030050722300524097,3.960619158544562e-05,0.16863417999772026,0.02525011955890048,0.12004336787715476,0.33418969957956085,0.0986706905078434,0.01428647046810545,0.05517356389023312,0.1867934109522847,0.11572878009889212,0.11909870975813239,0.0037366432525535813,0.20032542849141394,0.12750770261491023,0.037079036725219804,0.1393847001465307,0.023687416692443855,0.13268776086173792,0.03843011257462629,0.16818053113584075,0.1065122699899702,0.007559660501194352,0.029224818729845375,0.008971349771638286,0.2228888459085419,0.015883535431750927,0.005128193375780055,0.13546894055141998,0.2696764651310795,0.10135477120761274,0.04104035593544079,2.603260991932457e-10,0.08103191398853031,0.009722724997751361,0.10490207041139821,0.0
848,0.21289501826930482,0.16017449503367912,0.03170343507031006,0.1260321212900799,0.2104487898324188,0.26948471022581844,0.109036210545273,0.2121080282618935,0.3248873248734266,0.06190040267790146,0.01582789737659304,0.2650482671261452,0.2341021332409521,0.15050694397694858,0.0008987887783692276,0.16369778590238962,0.22764057722210057,0.2483697427483057,0.083717012580557,0.1750489965123382,0.005916468500450934,9.522669885613148e-06,0.1473923382920104,0.010227360789430259,0.08985773968630345,0.03141054879496802,0.22791561164189378,0.396766656733402,0.02633387044727904,0.1465603593254255,0.1863576934447268,0.09031770127673687,0.21043069369754394,0.24427433446111935,0.10263799817055703,0.08451079013385183,0.17966814194931857,0.03857494666634216,0.0723612968918428,0.08480036562198066,0.009770944426404523,0.12559561980059375,0.17698011461009358,0.1382182504956111,0.15080346379924467,4.957012557063955e-13,0.10138308762964603,0.0236906238430735,0.21935096836123025,0.0
849,0.15694388510620386,0.12587637405850352,0.11067295662073268,0.043120549767311805,0.2456169694271601,0.29333177503816094,0.10111400956516481,0.17359798240489044,0.051763709455236104,0.15720951420979484,0.09141465844690662,0.3800593076987815,0.06114635036052578,3.744131485164906e-05,0.001086007506754305,0.02477148260159601,0.10689633175088604,0.22588363693313437,0.24558534335968102,0.12202214163723614,0.0036292908873423713,0.0014221784856852198,0.27070905172230914,0.16494379801091635,0.05516289203115955,0.00580666067392328,0.08604861341582073,0.045333547373356764,0.0007565810252031273,0.10246141432851176,0.12499140070157383,0.1413454871705663,0.20297224400767272,0.09639060145527738,0.0742962069151753,0.007938092686069018,0.09173422131153856,0.02839503082986019,0.15506789469655946,0.009963719081646012,0.09621969410673101,0.01034193003439885,0.10296459602198382,0.17778911582278958,0.0669957103500865,0.0017393043259412955,0.04177678764436025,0.03701762428175361,0.16250047012961802,0.0
850,0.061487042615203276,0.07401859059753027,0.2921000498606793,0.2305410564496081,0.08822188724329777,0.2679618872975672,0.0107998415144255,0.12638832096921787,0.15696579423411025,0.004814214194225023,0.21912436040347547,0.26403787920633426,0.15683293534376133,1.423696356231961e-07,0.0005647504707773127,0.10445356884628676,0.3675132824899922,0.1290883450043939,0.029337270092003254,0.0988973922316668,0.0021872811350952532,0.00018744030704920996,0.13340831225284086,0.08473134759624404,0.10154074417090857,0.016877956939577787,0.06721430531375648,0.016316035087530295,0.0022884011839963215,0.04357175986494778,0.00024024970126621317,0.23237633539047425,0.2132104936733265,0.17236749678030022,0.075635783839111,0.17486487551191512,0.11144399605216702,0.03424982239688664,0.22162681163195935,0.03575430865242343,0.21687356616347156,0.15174489075098202,0.1792028797185763,0.06492944117736098,0.20835692952370896,2.0583899832985662e-16,0.08301060835220617,0.018663039670867795,0.33171837540430993,0.0
851,0.2944698831241883,0.14126193478481114,0.09447054741257913,0.26135375531052557,0.2220680510222652,0.07915609273097642,0.1750482189187045,0.10731980599001768,0.12422320210131302,0.05896542008672018,0.05041931499431793,0.16450971887076396,0.17594946418259624,0.001204694686634183,2.193722074599589e-09,0.07263781123365201,0.03966433643864506,0.1746746588614202,0.06881980378083648,0.2812575668905069,0.03918187470146779,0.0003587838237080458,0.1227036697757724,0.0654561770298413,0.06146619026760055,0.04885596552242008,0.262515977833092,0.06260323800078826,0.0008710210977076219,0.033539829998978955,0.005990805432544583,0.09474353916097417,0.1330954345355535,0.05029927657878279,0.11297251378557528,0.025136994065674215,0.10558362973639712,0.03544471564547281,0.13663453559752564,0.0722646237377405,0.028246343216686433,0.1579077876800357,0.4562247224029279,0.04782808894354249,0.17937183815821978,3.745510711231946e-15,0.03171390493118473,0.09748201146210062,0.08271123667590749,0.0
852,0.020647418260418385,0.06577886121701275,0.05861272201659318,0.05784609888582406,0.1077036666777973,0.21870989244112973,0.013033291120624051,0.3254936105402669,0.19164460143120637,0.007691893575485693,0.0027689683470955993,0.12232515921788231,0.20140682580909244,8.379309970616175e-10,0.05452886974763043,0.19969305092685458,0.044198976551177514,0.1632611030719242,0.22140531991859166,0.16237313627985223,0.0020606753815999505,0.0001951383952357866,0.04829863297727168,0.04397926875510814,0.03363284443684902,0.04093594327055089,0.21682516188324147,0.22126722762455012,0.03537303133556321,0.11862813788772363,0.007071037831889667,0.0378141244970485,0.08283055978911544,0.04521079178818832,0.11377896477532969,0.0072634312104779145,0.01708395992785358,0.00927476042071747,0.13981371955500513,0.009288503029635752,0.04548021453763819,0.11779918678178893,0.22415621877326047,0.08191437917094695,0.11074653456675357,1.1117731784668306e-13,0.08763766171303,0.018612292555052506,0.2341100510982165,0.0
853,0.14612506264774142,0.1408380162479617,0.04644588076648497,0.036692170422305305,0.09461619310481084,0.13893219473931062,0.032315825225747524,0.1609969578522852,0.2578801284891071,0.0001790484618320296,0.009768483008880332,0.1939539573088891,0.09221275404684393,0.06364216886036071,0.00026034910723581576,0.04322280636175159,0.0757083676085175,0.16374876144335304,0.42771905436103524,0.1347755814900554,0.004279626923983844,0.01090524491658076,0.11556700574211982,0.01051223984825119,0.2074712841127431,0.025282726145879432,0.36239031759705037,0.11422938737023138,0.0490126692527439,0.01895969724572475,0.03066471838408807,0.11532622664262358,0.06627677843407995,0.24370230485116345,0.03421054452589027,0.00268493619876959,0.037448112540364537,0.01602447320323514,0.2600877974107764,0.005872605147639646,0.05819501181935798,0.1220610899727249,0.2340708895776739,0.10869105179516107,0.16922226203370677,0.001720742694397723,0.1016641230560904,0.10550792080061604,0.08286047719338474,0.0
854,0.06089724883233746,0.07644356112887984,0.05027617433055114,0.07451547894179167,0.0418075360744545,0.29468347372934695,0.04213827739250379,0.3756772017798987,0.02483473491068409,0.01754421360799639,0.10373336816650142,0.057648440734182745,0.1095187487529649,0.007960291779042486,0.10276575324247876,0.03679106962063176,0.4394752292196556,0.3426891195052415,0.11870112322217603,0.04252488281891274,0.0830601656277067,0.023141214637530095,0.17684773254429983,0.030068065836179207,0.10333514763254208,0.0394644639836896,0.46688303830011724,0.16299933263539185,0.007870151016950948,0.05901639038407269,0.0017679246636018318,0.1178681328892703,0.08353620764028104,0.12930481424578305,0.12959212086030042,0.07369026693554045,0.07705219661778868,0.0766863786491523,0.0822934873796436,0.03336078461044384,0.09510011878660915,0.07643411076427827,0.0857085123022752,0.1915406136286107,0.04765022491019842,3.4378792784871244e-10,0.09023855573990566,0.036801522651990576,0.2055320935386166,0.0
855,0.047422965080153874,0.11590491868059334,0.08819619267406643,0.03802968228747857,0.1737271846230314,0.036595599233006974,0.020239209397996415,0.2077424667695337,0.21177161040749615,0.04170658123973586,0.04727783713157462,0.20112756687606975,0.19129229321029687,0.011761158838015607,4.445640437073006e-06,0.025402681268797644,0.24581563254002747,0.11290737319159207,0.10185710619454662,0.39375855573926644,0.05965018645683164,0.00016653074593832345,0.08860500266297576,0.04858104284110215,0.0831842224827412,0.009438893712122184,0.23377240974006566,0.24343913170784479,0.00015777510129405726,0.09173745196484455,0.003936814618944403,0.007002915223357315,0.14610176301831382,0.1011696095986455,0.14097606424220568,0.0330945479287812,0.029960175938166064,0.01662202022636742,0.13766574023612937,0.09489876803823241,0.025122444479722207,0.01611655658571563,0.16819637215829464,0.11690824725187425,0.11743207866791243,4.0989499165781805e-08,0.008701235365122267,0.07266314552823802,0.15755776680925898,0.0
856,0.03146728913151763,0.11293231030930469,0.1393981323539813,0.02913140744039471,0.08992365452676176,0.2654657966665621,0.021176710556228096,0.11057285197998097,0.15315484695622947,0.021812062912665825,0.00010855717420450039,0.09949148077204888,0.2694024198157208,0.00848011308794528,1.5261328973422905e-07,0.07796992562460447,0.06829510111118414,0.04061281790091498,0.2307764401213671,0.1430707045629422,0.0002157934418563307,0.013145031924714548,0.2058786607593905,0.018881789742647166,0.15442486288380225,0.047017795199314885,0.21736268372322218,0.1700309266348908,0.032346408884188826,0.13190039146111343,0.003770256129942417,0.14626627073779763,0.09027949930308939,0.22848595016847184,0.05152636058293849,0.0014494748119535418,0.08709602736855528,0.21945756404756286,0.16806451462461003,0.01344232938319731,0.11768243672692222,0.14654009346325886,0.2653061398404185,0.24212411354595695,0.07053693136850102,9.490703182962516e-18,0.07938053086137069,0.0036728470437003545,0.20660204121856418,0.0
857,0.03274075050691515,0.09140895436681917,0.10380160668212367,0.018028597878058786,0.11485137958911044,0.1267134111651545,0.1883662422256236,0.26825515800350935,0.061536959340932236,0.03591714436700184,0.035297859698533586,0.48822355292517294,0.22589920141960546,0.0030304904969187282,1.76559417226517e-06,0.0029906084447108372,0.2210208372918471,0.16318760402387456,0.018612931958447387,0.1169337915305422,0.007457096688657219,0.015125413416654434,0.23378717992062936,0.059357758806361065,0.2038763371092132,0.016599915642877265,0.16623214986672535,0.10604899622427985,0.07899977714260815,0.10163432956798188,0.027458880516940412,0.2530103416142536,0.1404355525981048,0.12422102949075553,0.15859441247277536,0.1261789764474227,0.16950721027913648,0.05755750201100094,0.16640908454782594,0.02271793543430597,0.0977085626150278,0.07317855492519669,0.19183405689496166,0.27447871967877363,0.16831760442627705,3.628671170877665e-06,0.06509760954333585,0.061491840916591586,0.29286270791989455,0.0
858,0.1611057867737139,0.013279867738577712,0.02248870555352937,0.21093589028891258,0.29228060884102486,0.23308891966452913,0.10328521066466034,0.13307294367819544,0.08772033089628674,0.00845620263417631,0.039239277252845504,0.13444724393115468,0.08444053950097316,0.006731434778317657,8.315245624505474e-07,0.1632204345434992,0.12355058668701313,0.22845407243013155,0.03883189644879415,0.11304597932335164,0.01824924960701564,0.020964890528524474,0.10235161163108997,0.04765980384783423,0.07454812573057704,0.07089418362246346,0.08634318962158682,0.19223579219813167,0.02960208335986668,0.11492407950765889,0.0401658259208993,0.055030130743349046,0.06584908217033617,0.14370696564821533,0.14051565373869912,0.10396002394946488,0.08770638608023167,0.029981772392148557,0.0913718095858108,0.08739476377276674,0.09596375162354626,0.1849360634482204,0.2746106825141205,0.03987428440757249,0.18820211638178516,6.225764217774421e-13,0.03635141844708817,0.05693761201100357,0.4133617377085631,0.0
859,0.18525487548562114,0.15705893342475505,0.13977642217631647,0.031634391836518824,0.17666477684903142,0.18264894214673094,0.03712421589062652,0.18876738535944737,0.09542466309314918,0.014769862957534845,0.09634714573017028,0.14491533586993338,0.1325015616854476,0.016313153924512432,0.00030078358035250287,0.06753092109695485,0.07313013969037635,0.36448043605999053,0.024179599211145594,0.05046300019194329,0.005649136111802038,0.00513858445470376,0.07147503784853913,0.04643817959070778,0.10418602293637642,0.17404642206285803,0.11405372597175864,0.11893707975066961,0.0008062694279318821,0.06051393410436866,0.02514937917593683,0.08448502962735792,0.1770004771460308,0.18233075765008153,0.358679160658943,0.018389723604198282,0.034176463516216574,0.0742582944664698,0.14157553383572213,0.11990611979982198,0.0032946007759171296,0.01727634537778539,0.1895065458039088,0.07112312378711229,0.29914679029380725,4.2350223823080226e-07,0.03271090432239151,0.01731680863461814,0.2597078652038498,0.0
860,0.07120019142605705,0.07604618163231576,0.04945520054490334,0.15334213156851817,0.16342363494398068,0.12526937338737143,0.033663288298595356,0.09199612273664282,0.04006838374600069,0.0005470254010877554,0.03192552646897838,0.16229492303207713,0.17224184225577213,0.02894754972242888,0.0019176560653914538,0.004966498972486563,0.2292799971012282,0.14289671168172638,0.2160994899892081,0.1402716992489799,0.00988348902674407,0.00487269202533754,0.33479374650303817,0.04673619421332284,0.133169789110011,0.07021310671917128,0.021400562068303205,0.2151575728383029,0.00023311124145379021,0.02426309281211823,8.280051678956666e-05,0.11309446133933845,0.2802640292737493,0.3298231506176883,0.11249437715828954,0.04159406472862756,0.04359447456818184,0.02572802633853319,0.1128889026108029,0.004689938328675606,0.055025342483428635,0.10146586505750724,0.1601686472485653,0.16507700126157276,0.07170992120261645,1.377760582531946e-07,0.08764496850812134,0.021699416909039915,0.11209106404046235,0.0
861,0.052182012217204136,0.0969645610605209,0.07032404430054387,0.045007299656620314,0.08775269319906756,0.1147958415162281,0.009284865589688935,0.3033727131546517,0.0620115065786971,2.393222416100701e-05,0.13008326812417242,0.23641783624211982,0.3997994057848417,0.00011522284268423076,0.02074566870135729,0.027057504781272477,0.14846102022547844,0.19501174603791577,0.022271726340247384,0.12891335000885548,0.0833152029385112,2.1041964969582493e-06,0.09482006801865472,0.07452167109068909,0.13231018635590214,0.005596396010285258,0.10113212308492274,0.16346372320351252,0.0004561016418518922,0.1251328648090674,0.028145917317335095,0.10087057596143816,0.38016090427901084,0.30732520761896137,0.1639990545097727,0.0374228210106649,0.1425660724176569,0.13481239943288714,0.14125899150490517,0.045961515869447245,0.023903495429928815,0.04980667012519615,0.10318750231581188,0.13882733003227607,0.19722184994667757,0.012848587892208583,0.0666317756393637,0.00801395419801883,0.11879371060851969,0.0
862,0.2237422572287156,0.059455949404897034,0.1359012448794013,0.0133538572544545,0.04837946462126585,0.1314409357256096,0.0047644170298260504,0.19966152309793053,0.11785283090227332,0.0113258579022299,0.012259651335862693,0.25114860576173714,0.2154134889528362,0.002152661856348229,0.035368387657821736,0.015022829366699705,0.28885637906635897,0.08814918411435435,0.030073630066467925,0.04142401781905696,0.026924565978761326,0.0010731836912016381,0.13729240832525721,0.18094238887897815,0.0441091178171499,0.011038813637150882,0.20318802082664048,0.198432992511335,0.0523142171733322,0.20054097792193182,0.02810743014177704,0.2556114628585432,0.10742438380312946,0.20341283296521465,0.14387533346989098,0.0005265462999804494,0.1486699697919111,0.08386322415086711,0.0389939277945958,0.05401760803247918,0.06718968474030745,0.11410689406152336,0.3368102929584346,0.15904107595771452,0.08489467504362312,0.0002448240590423178,0.08267694573294995,0.002715191173178032,0.1912607738886738,0.0
863,0.18287635756447163,0.08738521237734809,0.22736427098802348,0.17570338082158607,0.03463943129626728,0.26770857809491827,0.02698357267285845,0.11111374643412868,0.06839307454793857,0.025809426784031895,0.004308364513644619,0.17473456419380862,0.08884484389528909,0.07530811242556334,0.002043537926319371,0.013398041642885668,0.11293081281547421,0.13940763039220683,0.02371321278171254,0.06696134204962392,0.04362133567867736,0.005554940888667042,0.06814319001268526,0.0977749169162031,0.13878247633041585,0.0009297505957382857,0.12532719603799877,0.2516158920549413,0.0026321545248751805,0.0381935265054221,0.043638656046718016,0.12836994997663712,0.07822538601445918,0.09279754669087538,0.018402119149371444,0.032695837307616694,0.01574314732594355,0.0599750273446039,0.10857010190139448,0.13624505605524356,0.15224590280082032,0.2024988268768292,0.18328262367647608,0.11774252537528455,0.25544607809274766,1.6830789695634788e-06,0.08101735018431154,0.15251180574134018,0.25024830374850787,0.0
864,0.0850696282572678,0.02587252438465592,0.01087012281848202,0.09577737822634312,0.023037129537817422,0.04895333747310148,0.008714884411598671,0.21351194355290953,0.08406442766273099,0.06869161780349535,0.037657836283144765,0.06353969413534055,0.24179942458260467,0.007903403538931741,3.7067656740104296e-07,0.03507830044576328,0.0985979270200405,0.18564878270272564,0.09369516910944406,0.1681897557407139,0.038428099144103396,0.007233865037372251,0.17579709040166258,0.050598018827435316,0.08977079879992567,0.005808227791764665,0.051306936634496286,0.06182326986496714,0.01532884297775254,0.15562994586123605,0.01730492336586064,0.029263912993518597,0.06262383389491663,0.26752600374223673,0.02564214085331513,0.04391786911663478,0.07353093395202011,0.03194364387220153,0.04335129910643214,0.024523749335801974,0.018555460944809362,0.16240561802282044,0.1629885591860917,0.040468652975149136,0.14310483275698216,4.551418837816756e-10,0.08216973643244303,0.06189403066720551,0.28935870531297875,0.0
865,0.08684842869034066,0.03496616128411646,0.12497408011942931,0.09903136204918313,0.30488967470504846,0.18165328611603393,0.0787827854538519,0.19655635082169165,0.3240493789408464,0.0693755171566437,0.034220067699771366,0.37484932280347705,0.1375937019221383,9.84719132665299e-05,1.567450305187789e-06,0.022158676732704313,0.17253263406905436,0.14311380167372972,0.06755675001748022,0.06479998556173465,0.02165519567764798,0.0002415396455988987,0.18964477067588623,0.17106463051547763,0.09973489712076411,0.05532089580584698,0.2266384912884456,0.200121864568436,4.3795028914304704e-05,0.04357592598017361,0.014213183649272479,0.17839122092427032,0.1278389382204628,0.3590030018366803,0.22297802116354282,0.01874683593557641,0.025392650825433464,0.027462015880538572,0.2036578758210413,0.09784190078736735,0.32295889856054555,0.2629499506803268,0.1489183776105584,0.2984096481981163,0.35132867179606897,1.5336692511129046e-06,0.037762468855949256,0.06192235993552606,0.18972614769707496,0.0
866,0.15443100767307288,0.06617021872008969,0.06027280558354503,0.2634189104312855,0.07807776137666997,0.16064104188764888,0.0967050158952842,0.14101101598686255,0.07828982236758435,0.04641559148165685,0.03786862358578566,0.18831038509913267,0.08682024956969833,0.05544340911680269,0.0011425827558942765,0.006417943502505123,0.3411382739075077,0.1344470899408406,0.16670113747804768,0.1910790714644567,0.005146865138804257,0.04816318040824134,0.20892863718568563,0.12057649639065975,0.04894105243105679,0.00619278293388525,0.23668545118443327,0.04112661945131459,0.004298635017429183,0.1710365548002493,0.02210890596668036,0.16829353585017956,0.25450174355864513,0.17199915856510284,0.14049571246855408,0.01067785430755966,0.059054219991663444,0.09378863736197575,0.037299130171207194,0.03602753349771782,0.1333998170799268,0.07006658803478935,0.3406792519549615,0.03903062011706125,0.10265396970238803,2.3756703159920098e-09,0.04795546250251476,0.009483966669788822,0.19532484234143724,0.0
867,0.2221584667444431,0.041546467300794365,0.11789006238129525,0.031715858338118595,0.11736761529508188,0.14234949333132862,0.002423261070978908,0.2736897898125956,0.04008353198171516,0.0031460549883038412,0.005958614296234558,0.08894114704863729,0.15627517684098982,0.004500803407592375,0.0006674486439158266,0.056308952988711594,0.15292254556126944,0.1649964039607922,0.1524087367894795,0.385501069972938,0.003800082139467007,0.017253888009297513,0.19230306246957513,0.08369380658940487,0.15961750838438404,0.09519758595873871,0.08067689283497878,0.09568763254805573,0.056338463934774125,0.2706176182764076,5.231087021108041e-05,0.06458020447357926,0.2582477885540298,0.05629248197464049,0.2975039879269103,0.00618936869040063,0.1822607032304996,0.1230624586701434,0.23276443539856173,0.024849020962748443,0.020680346112150513,0.06963632347275343,0.14335223504398972,0.13805669707810547,0.388518825967461,4.827937464005172e-08,0.05056438118286686,0.01798887977015397,0.17767104397755526,0.0
868,0.10198965726113365,0.05454807744090486,0.04369483706944608,0.10508273034582084,0.135536691260727,0.13255754261326885,0.1086442317640784,0.24752279542229325,0.28986441084944214,0.0076390085119276965,0.053050008513906455,0.1691842277545598,0.03646069028666627,0.1060167591177559,0.0069452124889225865,0.01946286903775358,0.2046843114809385,0.3422790032159747,0.07928554734443505,0.19404802043225333,0.010914179901400867,0.007019618889645205,0.11605313402373688,0.02430057434631824,0.052630610658575,0.045223652654164316,0.06031207647825806,0.020923697420932176,0.011634329436964078,0.14230765844302154,0.040771856192674136,0.10648337277618442,0.32353253451552766,0.1611210750482268,0.1794480448295265,0.020463201743815215,0.1113008399644421,0.07129308012993107,0.21469074702877933,0.017607496356896738,0.09971165150748439,0.09290326335336345,0.18381585904402395,0.09674961058761067,0.0993898857991741,1.425196719257442e-05,0.019713458412470394,0.0462655609890968,0.2218291778655316,0.0
869,0.14977336309397105,0.1122602506921482,0.24608356014756058,0.009637747962053637,0.05863469441997238,0.053339414013762264,0.06436229961173798,0.19554207241920382,0.11828582040733286,0.004338143093869679,0.034648589561168945,0.4146827500794946,0.08045146418544095,0.006555776689216117,8.499038583533851e-08,0.03575807833103468,0.0884605906765664,0.3707233160491223,0.05975480825500311,0.2580795110015986,0.0544232654686098,0.0056831165858601575,0.13154963382844492,0.03343197604677264,0.1608407709300272,0.051431780012664394,0.10542248909700946,0.17670885649594012,0.020246763386400638,0.14234585289453452,0.00027957110049682066,0.19569368896839695,0.1436495426410076,0.2006969204896216,0.17108037784872912,0.00021331624557206742,0.1021945683254442,0.03886860167724467,0.17500854060656168,0.08023931543057763,0.04423525711991145,0.14462680653931104,0.21532703586153729,0.03738666402744741,0.15229349754644422,0.00013168425658293529,0.14822040410107415,0.0009553166147898239,0.2940966813383966,0.0
870,0.04769068803277164,0.031077308838947007,0.09836912842084893,0.10842677464864636,0.22091326316822643,0.24250812205609656,0.003399565786256452,0.17999669402310955,0.021063177230728293,0.013852392157305287,0.02919684803510509,0.29397903525839797,0.06822445964400675,1.1835346780802353e-05,5.2623053484309814e-09,0.03362432067988601,0.19179573555800425,0.09642689687778018,0.09704560626827799,0.21247476744106472,0.016286660561522715,0.13969272653755432,0.12060560668003512,0.17466350827908442,0.08595687387072201,0.020315645531487292,0.07131742909681532,0.1405104940870048,0.03177543852031249,0.1524640095015702,0.003432004096853291,0.05747744854548186,0.19497885263325238,0.2927668615921029,0.1288486758104107,0.03065603551286337,0.035900391644622116,0.025496545006834404,0.15384791041152984,0.05083196522076432,0.17380819123494576,0.11466705593626099,0.2051361119754747,0.29874713379214646,0.14621243032065184,0.002966379904375603,0.050854360970326605,0.014092706121056866,0.11855393907548288,0.0
871,0.045772556679797904,0.06007567001923868,0.13821053231495486,0.20349556031891236,0.06670029313195984,0.08002890236710349,0.029962719160066383,0.1838445948418839,0.12013700242497166,0.01379815250591128,0.023255867245726067,0.22888299277497381,0.3694337434298413,0.0102981594049817,0.005735285403187029,0.10144524624598933,0.2216810078490199,0.09293051788095742,0.0966886206518738,0.0629743770012692,0.03204404568677515,2.3996435206617243e-11,0.1904157608443552,0.17287356343708268,0.24476021958920985,0.031104403027317224,0.21481191225131333,0.025155804927804563,0.017535612083257268,0.03961834352315259,0.003483612917847287,0.10045805630261612,0.3896444691420941,0.0625346383162248,0.14513490798468145,0.024824483141115385,0.07890214564265156,0.06745484434674637,0.17782644434478628,0.0445933415739689,0.21388129782171203,0.04575429775421299,0.24702633479934252,0.14722789654758112,0.12920325704078012,5.489428217229513e-10,0.03825951570606121,0.17824933963591785,0.20641965399695467,0.0
872,0.07984492777821464,0.07573976331509788,0.13090051173713282,0.05137718267402543,0.04036242173893354,0.13342236558513765,0.09659656531194476,0.27185336057017234,0.08730387090744081,0.05945392875225983,0.14189370837456156,0.23041561302345734,0.10191254219936656,0.03418846606978826,0.0553831846443601,0.0930188878590965,0.1494497801672197,0.2698911638422429,0.2392696027076978,0.3706461512012075,0.12694193579256113,0.0007992141614183104,0.13031318926053148,0.06317411671063725,0.1710164617974156,0.004282668778132608,0.38690327672982566,0.13973533122027718,0.0014151461572797562,0.015074240898489471,0.026511998493231582,0.17736094768723423,0.1052451258180133,0.18172665704760463,0.20295360577046648,0.053448511070974265,0.10096737287362485,0.018999753989430133,0.1254656452007188,0.05948934323554705,0.06019114132556114,0.21588460573897827,0.11432507968116694,0.03130918812629133,0.3000132458617234,0.017238809808613892,0.1454105917525431,0.008203835071895827,0.49017884198311473,0.0
873,0.16154104628778002,0.02836240099266852,0.2328633526954739,0.14760017257031435,0.26522566694538297,0.0519427331657932,0.009890908309789706,0.10053724071208596,0.07544609328210085,0.036996961194419316,0.08732169873459446,0.21044257535446229,0.09292454139327253,9.846836505812995e-07,3.801056210563467e-07,0.07366593077599863,0.2401194001071034,0.20749866221950558,0.1499981196297816,0.12512455786724164,0.028913654296522887,5.7726104113752785e-05,0.24736156038265494,0.02479593592516885,0.1436629347209327,0.02639755980372257,0.33040675670171793,0.05987488832499091,0.010028577076339034,0.2889579969222851,0.008211028148068627,0.061960783485902705,0.0792338323932433,0.21138390065517249,0.145803352978131,0.026788093089751993,0.028971451430144308,0.03166408502249219,0.12875326389344,0.10038870906535964,0.03415689368512119,0.02662421538158568,0.1852875231704088,0.05212030363929243,0.2236200963179696,3.8438037706035603e-10,0.09118321614609474,0.03694841470222558,0.16063332838131833,0.0
874,0.02995206920075378,0.15720742268234666,0.2871876050807448,0.1270553730153242,0.14394239540885653,0.2928278542363242,0.020714147185705557,0.10991377174975259,0.05352504034666026,0.00016256353513109106,0.15232217119763983,0.09659636618587719,0.19845658552402093,0.0016448837756342432,6.672998274496493e-05,0.06534711643853713,0.28809979910268124,0.042052496558623656,0.12450886143921178,0.08582654752970141,0.01565725822017184,2.240207853004621e-05,0.06109690310780576,0.009424537417712398,0.09174224543182506,0.05937239162232575,0.03689924099444202,0.16395159295034353,0.0030465507649067437,0.11557784704101821,0.09391164048361794,0.03912574513702025,0.1136781878786136,0.23973928043634568,0.07178672170003368,0.01730864735243889,0.011254115962084865,0.01676815802097084,0.2040626551406215,0.004383225875433594,0.12378047792818808,0.14066636630626983,0.14572659182388603,0.17041586015211627,0.14423653130208156,4.966371280709889e-09,0.110818492129165,0.035039749666205565,0.2820085518875225,0.0
875,0.1578190110949428,0.058504634521376095,0.23899151375440073,0.03192562214228363,0.06074446490703512,0.10678800040726318,0.056674501530822353,0.31709805697880666,0.09742636700175118,0.0036921411813483638,0.012144373378373183,0.30585813605086687,0.11231362776775564,7.752819239732789e-06,6.612538231059733e-06,0.011665089850330877,0.13602144849436565,0.1477283669938561,0.09710526862140352,0.15049967521134064,0.013692576421322145,0.03525555512425314,0.06781578285096229,0.07833228635890885,0.1692246246180193,0.009582400417066398,0.32637310978076584,0.11876410072011628,0.0011857568940344305,0.12311608990213707,0.0017383305488710402,0.17323028693436673,0.13409632467398416,0.18131117352037182,0.16398271247851248,0.025130282662883797,0.1265917712969264,0.03420236688962515,0.07457812646053681,0.01807350658007499,0.004526752363028512,0.15820723097302905,0.17088019493364356,0.037281690737271805,0.2802687174704084,3.596303241340158e-07,0.07635112269137583,0.04411485378204157,0.2022058198937248,0.0
876,0.12530575887471654,0.040109731238520005,0.10989446279623427,0.11920165196295639,0.24426120456356876,0.22355396259719745,0.002823894814517272,0.36990629157383,0.3389931534267555,0.0526226265848264,0.08145674238338495,0.40225740191541287,0.250808540039362,0.00014932366891441383,0.01517012104083462,0.0018204509880159795,0.09263433501752434,0.16539249625112004,0.03392703325950276,0.26233075538914835,0.05904762702998337,1.830730993764702e-07,0.05239982192273753,0.02347917852219274,0.1324516883533418,0.054423278930800165,0.21055514782158907,0.09264765490038836,0.02470939905230047,0.20038736942900734,0.031600049735700415,0.15076760069261405,0.3462419636071139,0.03545540276234736,0.2356474719560825,0.010625547387571483,0.0746572053707692,0.047233701168131755,0.14772960078900763,0.08073259924076719,0.012306517576114093,0.042218053831186084,0.15152517913906413,0.30553155207309185,0.0824774653039669,1.8030649574005434e-11,0.11244123723699857,0.13665759150808382,0.17521667535001947,0.0
877,0.10012661080097092,0.091601124091094,0.2819034396550258,0.11875494949268252,0.22191778985138047,0.12886161004429755,0.019463154442938585,0.2649364591532742,0.03163794725221025,0.05031273134107104,0.020443789533592827,0.2783277894857955,0.1605680955236424,0.00043131645353711883,0.001699135376123701,0.21141233870239667,0.12976331468928282,0.20639238938923601,0.012410545637936402,0.12029153906911529,0.01506632817561096,0.0002860016229015346,0.05244913524200225,0.010450751847927825,0.15548340922712078,0.0009939124861970956,0.19235240862116895,0.06784765516615075,0.007493373123980492,0.2007444411776511,0.07050229043215024,0.1503712061484261,0.10544253425614737,0.1394784861668775,0.06241203426959529,0.01650308927651544,0.03765353649249461,0.07828264725903862,0.05853541251452098,0.008351784282326453,0.21933701645229195,0.07460478370695739,0.07708827735110083,0.059629836077614747,0.09417204145264066,4.2053199696079653e-13,0.17911447540632072,0.08216660419081713,0.1941991685515594,0.0
878,0.1827621370563799,0.06246791509739647,0.12863866302446136,0.06916889973356041,0.12727586040568897,0.20509313774108773,0.034214370209926896,0.18922476012964135,0.07175601245524489,0.005346544455537361,0.01512192449399562,0.10378494351040947,0.059257866758079286,0.005092120571603096,0.016829401012991827,0.05155513819296913,0.34564927398564066,0.05630762533188308,0.07826186479806474,0.2410947874576918,0.008722715035850037,0.0019452028442167699,0.32472128413681095,0.06646377091488327,0.07482604441495529,0.007554032772093114,0.1870495688377097,0.058840915586207285,0.0021388294342193637,0.21979314486189527,0.043410738409772304,0.04147211444912802,0.27491319411902615,0.14659365595367232,0.058813367406026294,0.014288546343842478,0.022775496007237203,0.025010853202315834,0.05737360571120113,0.09337733396211254,0.05051053555712452,0.022512039441368203,0.22599070399350968,0.08704265147075556,0.09153630633150535,1.48638501093706e-14,0.11955750729402212,0.04181154448844347,0.14083434156083605,0.0
879,0.13362684166448988,0.18713741016635832,0.09836765740053999,0.21931009651683878,0.3640825514679303,0.0629469850581801,0.0008057529359330834,0.013889180552265939,0.2421835413156778,0.014022694217857545,0.06574749028147109,0.1813796837420733,0.3094904266456411,8.876654717084747e-08,0.111065043378141,0.017788774898333932,0.2574798410683951,0.33345429715921826,0.081108024833304,0.16173894004310008,0.04527158492789375,1.2260736428184853e-06,0.1475557705771173,0.0994193027848494,0.3693886091549314,0.0011295442535219028,0.21458367713000553,0.006529845964469706,0.00015783611938587067,0.024722599972667722,0.0026208149512275815,0.12343239801640163,0.11628392208860448,0.25304352559698723,0.02827324558458017,0.025590941354992104,0.17979698017808535,0.019992504972465602,0.06936316909488453,0.0409455176661349,0.042744095617939105,0.1591448616565354,0.1640634364646275,0.07102032742678037,0.14832997994198982,4.354596698550419e-05,0.08914784732866464,0.008377140466534864,0.11681811448577485,0.0
880,0.1007823252129807,0.08133944409844522,0.0494031527348348,0.20461232230165605,0.32139187009333586,0.4647972058403061,0.01530414283664856,0.13710443373223985,0.130512570600359,0.00990508553168343,0.048113990880081864,0.062126572754342795,0.2057986346703907,0.0063297272583831945,0.0011787939251110635,0.01894202044295557,0.12105395211838206,0.16214574016459432,0.046508348896718774,0.05403483753347468,0.004913707167694893,1.2914012509547267e-05,0.38130434265638413,0.21402500131143296,0.25150171896574514,0.02137259109429645,0.21720378623805398,0.05068977553085165,0.06182086149557307,0.10447771000808889,0.04072952910527147,0.024126503166010692,0.017330015021472227,0.06653019417045064,0.1339691258827753,0.1578981065429006,0.031531514922127725,0.13867506629738272,0.29964890020626084,0.03901518886591848,0.052719535289943775,0.030981349833881344,0.42981092076174954,0.12912345533830996,0.15645506447952864,0.0027529862259821386,0.23180071611508005,0.002276980760616984,0.09626254607181413,0.0
881,0.060104324157186355,0.30608806539868244,0.15044832082984613,0.031172437340377415,0.06346717872406123,0.19185696249615236,0.008143323541582986,0.1809660498881832,0.11311523851637016,0.04840589164087071,0.013299423450855389,0.2537474689197253,0.11848000611503094,0.00021671430737302757,0.01810201003794374,0.1263462143969213,0.09626990452986654,0.1227347330953106,0.13851323677394692,0.09699481043604183,0.021542962455635844,0.003116478348023807,0.08181513636941139,0.15318755744541596,0.18414328446405848,0.02445342150871237,0.4896326540990252,0.2841290756457567,0.025679361582915654,0.08083973996437484,0.008963344975841048,0.05978112210361403,0.24104567593842377,0.2355470397787709,0.2709209569750942,0.04957906929901172,0.16470702147825503,0.03438133544167349,0.10409862442042203,0.057617852369475364,0.01226532548704261,0.15009481055851587,0.19530804172553368,0.23547244573014783,0.28594709474267377,7.953213739056214e-08,0.21342529969201066,0.0022134576421747264,0.1042760477309002,0.0
882,0.1977987749517019,0.05834990369383408,0.06030305848625045,0.024611321006962984,0.07748205634225067,0.07610176132222166,0.03334564314556617,0.16042386343628978,0.08364288449022005,0.00042876546241884774,0.0014512209392443089,0.21195129317482786,0.20787421789415905,0.004108809489915476,0.016976683296156442,0.0009971305057800827,0.2785631353966373,0.20812032332835267,0.09087414179137097,0.1204256241473187,0.0596162482955005,0.004134321299483158,0.127984958869331,0.2098104797710645,0.14433848092253154,0.006367382012506256,0.14081257051547186,0.1709017156273205,0.03689665326108815,0.02586984347873492,0.00015481050985956957,0.09796245925560336,0.31702817025672886,0.2517150066405145,0.07953879641565709,0.04430632171105297,0.07953954618776708,0.05346511700150355,0.2684053664180593,0.034004480461145854,0.0024180662606470694,0.25648463756970175,0.22682384131585623,0.10876316145436288,0.2847275903894222,1.2954393053044257e-14,0.08598388768123612,0.06462786084399562,0.06902166435682978,0.0
883,0.21027368620951156,0.06400336345571177,0.1682581534214539,0.14824129376121528,0.2891903288528433,0.11583431226820404,0.0035202386938429273,0.20896877001881448,0.08356523907106678,0.004312598669278036,0.004733829213813812,0.3724311123966293,0.21760125825764093,0.006199522223650061,0.006646506274119401,0.11617016506375612,0.1746895052318154,0.09562217400571557,0.20194347303676116,0.12024708016528175,0.01611834096960061,0.0010200712780747,0.04364718379773382,0.11585044615898187,0.02859272298508577,0.0010380614710072122,0.05397238370813201,0.20531261457344238,0.019078303139391236,0.03965132699742278,0.02647512067178311,0.09868043370124645,0.12555649963432863,0.13562605154341273,0.29343339014738556,0.0076058583519803685,0.11051293955474566,0.013509728788492312,0.08246836809266796,0.07569133446509553,0.01865515209247012,0.11212284721941689,0.014774088631598428,0.19422221436569095,0.15894571328762797,3.5282453017926628e-09,0.1873039150098023,0.01281894512102985,0.12330605832406119,0.0
884,0.3222702442807675,0.014056912225809596,0.053484150119371264,0.04039955009263897,0.13131637597816037,0.18279336944248717,0.001562595811188995,0.15430418817741595,0.22753089390448145,0.03061207370820448,0.06539993696550103,0.498324454478359,0.11654958750771591,0.0058735219939075305,2.818896745674954e-05,0.014848936857098323,0.11747496946192931,0.0912268901213809,0.1187116948706309,0.13064040119672884,0.02814714494562606,2.084502327641629e-05,0.31039056450817715,0.14686667151486313,0.12448335468589182,0.06845841492334749,0.13354060072010385,0.08433607517728921,0.031618095102681994,0.03033038617804014,0.15129347900522688,0.06713019532764274,0.3649201798046365,0.10314334463328324,0.0691854299853591,0.05131443148091284,0.06582111101450362,0.07214185730482083,0.16521795480235563,0.0015996719794581736,0.05595903672482937,0.13113355210508232,0.22865299576416565,0.1878443247587107,0.20989870968224417,8.586024331347986e-08,0.052055257328435994,0.0016071674332602945,0.10614086233369109,0.0
885,0.08893333108444491,0.04651659692356537,0.16805602416134754,0.19350336351611716,0.12245833286090568,0.13886189657261558,0.08762583707771489,0.2581745458913294,0.19946610721043762,0.011445879035149683,0.01667233813917742,0.2247733735250332,0.12983525515499114,0.0018917643310402766,0.000303823602604262,0.08834365781896572,0.20788881086893718,0.2174063094189115,0.03666478842314686,0.17495799707891238,0.008820880502668204,4.372492469211343e-09,0.19165709053769525,0.058240712429341326,0.11173579130492267,0.004956495103778771,0.17090369309664494,0.22287003004565833,0.025126476022305166,0.09117711061975498,0.0020936490268118764,0.05724832591453299,0.1166691624235603,0.0979945465155082,0.07591915635842596,0.06027842671394287,0.1842590655787142,0.03201505105147165,0.166715901023764,0.10132293505651958,0.2067167934291713,0.039737431806788494,0.34475645607065386,0.021352144116915064,0.12070949616727125,2.307397784818854e-05,0.05412627908168376,0.01206574784078264,0.09827583394115286,0.0
886,0.13687002602284318,0.14639080422114686,0.1527220425148267,0.2694733337984266,0.05139325026707161,0.034885550996488976,0.03372649660400125,0.0962493844445331,0.1558506944984426,0.002916809616670903,0.01860020946512651,0.09334914465561708,0.09274292609950299,3.331062238623259e-05,5.9869560564665994e-05,0.009841748333795822,0.20166917330317835,0.11201183358556716,0.08820485710322311,0.2099640719044978,0.03706416303527657,0.0011805218876732664,0.11046540976616458,0.08411694055651733,0.033931916607634956,0.061439340833792724,0.13368300764471672,0.11367200060912412,0.00031432545527545016,0.11325519647954102,0.0002530363631467056,0.048172741891106215,0.17594933132151838,0.20446760535639652,0.0897464647795768,0.032927526837115,0.1384753522197175,0.06718181646841774,0.12868995443577758,0.0646215907342867,0.028694503803283946,0.13015484649614634,0.24022738146162217,0.1897721372407913,0.21210982878809248,6.411532521612772e-07,0.22652941505363747,0.03476345203124203,0.17742977335978494,0.0
887,0.07947856019848805,0.24549950286863448,0.014002656288191319,0.09670250266578295,0.1470939604073771,0.023345290841378954,0.10441718471733943,0.2508757728498755,0.14134479941379574,0.11745645703968512,0.10383475679105776,0.0971165886114589,0.1682425781306542,0.004614006367869469,0.006807507538174548,0.0849304609258862,0.07947913012287514,0.1835740250601771,0.04632938754060336,0.22801004347519466,0.0001431529548800896,0.040209443503330784,0.14660840871353875,0.08419973758659419,0.15008776185659206,0.017719831757081982,0.15145491108240397,0.08591993620612055,0.01748837282739703,0.12305770692789782,0.14099072740336346,0.01954226922305253,0.1843493789363592,0.1123272878066232,0.22080831214891686,0.2141309051279601,0.405822899440277,0.047900779672321064,0.0664426227697774,0.0657357943277003,0.00647816583228293,0.01461936747081468,0.08902050207025225,0.21606241881690005,0.2075596403181209,1.7655984863067565e-06,0.02810306666586582,0.10480099170023478,0.034006276293596475,0.0
888,0.019221468649357126,0.09549690063386876,0.11386004136136811,0.15362724869280106,0.023056750549030336,0.15868415091677698,0.04261221418173386,0.12390849999010904,0.1522228262933519,0.07836684911684769,0.005493364040418901,0.4023788502254849,0.34167611880069226,0.0007795859571293959,2.344318006782017e-08,0.07844692289742845,0.13748086100809986,0.11141642627087085,0.16779377607099746,0.11761504283652734,0.010645139039427263,2.112591517110583e-08,0.2497263280414853,0.0483051808961181,0.09216217060910556,0.05838582106208445,0.14672072018272114,0.03612447734147557,0.001058184231430441,0.0601280097263137,0.007209701215132621,0.11220517794053587,0.12572310322057761,0.2694065189383953,0.16284569739783364,0.07909677017568678,0.046860288728017674,0.03608207702225038,0.15070931789261724,0.0024740056654933636,0.03054774082712437,0.1560200875640042,0.12356725635633148,0.13803782192693545,0.193653850000474,1.935759445513269e-16,0.04028116024980345,0.057682336981522656,0.22546620019582317,0.0
889,0.10905659794342766,0.04620804357255384,0.19969344505718453,0.032539434537502354,0.048129471485156124,0.2316427024205167,0.01680602153265788,0.19604455641058802,0.26485317624704935,0.022465460204924,0.07998803429509932,0.08450839910105401,0.2029318611869343,2.74442269436217e-08,0.0010818871144958725,0.2446124123182848,0.06699861495488381,0.06802462936952822,0.10671998535962239,0.2556695260999076,0.04190592199020511,0.005152633748747631,0.08697018109698762,0.1386081977854238,0.08367500522286037,0.0037815076201242344,0.21802887912425659,0.1041161825605267,0.014666797184387606,0.09190474594862288,0.0005265804356786844,0.021202416125189066,0.14276927681514548,0.14860212757489635,0.08576338102409266,0.016260314569222133,0.06580207221435169,0.15396307171342621,0.14146181295900978,0.050693844554757,0.07884165388293567,0.05684251136581183,0.14331650710155136,0.08888131367227646,0.11265952843463915,0.00017077012325316846,0.3666958678854954,0.07209756042686283,0.26098026715383094,0.0
890,0.2136921287687543,0.15085453595402665,0.23212688137947016,0.02911285611480783,0.06488698698828917,0.23819778415756782,0.0035256670243460388,0.04670069359437798,0.0749732769033407,0.03458177954111996,0.08227591310790978,0.2080423354913107,0.11304211926398398,0.03249474765201784,0.04383612390101937,0.015254714622848798,0.05980085397195515,0.05151697136141848,0.25020770666196535,0.11279283374185577,0.033411278962037196,3.7750443533911776e-05,0.07702624811603569,0.006786874043941761,0.06385585668930432,0.008938270771677085,0.24116338230692674,0.15372265882245023,0.0065107316626280345,0.029440697418970298,0.022186515095256827,0.13640667169556814,0.17882087665030247,0.12357393617344382,0.07272675295681769,0.021016382402421756,0.13160537797216132,0.12154224195605448,0.07520209437060205,0.03215106025919401,0.08052734773002872,0.03871392864645088,0.29284094851027137,0.07914712908085264,0.15572797852841966,5.458678000572957e-10,0.054970523055569445,0.00891915671984227,0.20898244523758755,0.0
891,0.07085846878509099,0.08959553162855032,0.12284775084939761,0.16508724964490376,0.14417701456577625,0.12166508856675853,0.23489556275275836,0.32934757203183235,0.11400550067169606,0.03951674780304508,0.05631546969044542,0.23590284958719457,0.29459275734020524,4.1589104889411946e-05,0.004024542440163876,0.024076067320465796,0.16638517752931695,0.12300202812481432,0.21225551377891758,0.06680406137249818,0.012888897301040802,9.113000334539406e-08,0.1770155925390373,0.008269990656999314,0.16278130291352763,0.007759968487183115,0.1360775531488095,0.11793188851936452,0.09381216883379676,0.015589004850471544,0.00025404634224750173,0.06938912346990209,0.0741734991162386,0.3016298138455772,0.3273475092192275,0.030790091299784737,0.28880152300379985,0.10363265870747866,0.1464582954030761,0.013504129985349127,0.00613907417296151,0.11737709407154023,0.19385757857481692,0.15660257879770642,0.21255785802288585,0.0025165479572077177,0.08353410471121568,0.01763453785782656,0.07091145945124507,0.0
892,0.051625558397124814,0.12386805003022563,0.08375679640250766,0.05257579183330822,0.20287349247291678,0.11391799085110037,0.057560885547028234,0.2601737107647563,0.09163597493139428,0.007284327953794267,0.028608476252610923,0.1236245122981888,0.11793856584734826,4.333162268621349e-06,1.557365824119594e-05,0.0051826798705121736,0.08849841990234153,0.2738545752787681,0.19270668367101096,0.13960840035983232,0.0269396223320217,0.010535897774896516,0.08565518971960745,0.06073420103713084,0.16548528229972956,0.005412266962915053,0.08896560530143477,0.07852054359610412,0.024498988563996044,0.05378905001556548,0.001290387580560162,0.10932106901386707,0.06021963083689072,0.20232295963592423,0.1643432118567212,0.04023292322117062,0.10978201186236743,0.14221802808574965,0.18663393822956187,0.01629927879807601,0.04827480353600567,0.16217422384203367,0.08311513227013996,0.29545051423047664,0.3286573799188775,8.938585266695483e-06,0.19904655193893933,0.15432128504453752,0.25168367453588064,0.0
893,0.015251647167501207,0.07622480190838875,0.1250313707579067,0.044565912026513874,0.12019493333768724,0.16308469325675298,0.0864871974849672,0.292903116989194,0.08395663583108065,8.897324534609343e-05,0.04567722268611511,0.18009386247474476,0.3309618273298889,5.469163759566439e-05,0.006173239123640873,0.26348571553316474,0.06396962682737097,0.26556175959223227,0.25141416071416134,0.14869263261362062,0.05290032603597462,0.0006016634430063083,0.16875253002758067,0.023948615333301938,0.1197971600254312,0.0022659583689293725,0.10979547987540864,0.02680665485059289,0.014189155914165036,0.028230169565138127,0.0038832981442901084,0.14710778692151877,0.046210207770404875,0.11558079471836197,0.1188548413209375,0.003310524703407962,0.039694787806049514,0.15115417580519572,0.1431011424308258,0.20739709303590806,0.03821418120276341,0.024217208757586952,0.23883562694778301,0.07377754687187332,0.12091732387769046,0.0007923411816201972,0.09653878499260737,0.06988781682184728,0.28828200084329947,0.0
894,0.14520414875230384,0.11319850474191845,0.07448352284231528,0.1352524702826874,0.09662803980434201,0.12220985481094744,0.024968054253919344,0.2056888819554599,0.14099114693343578,0.15296275558908673,0.08480948051392657,0.21056086267181076,0.09777338420582561,0.0008454196175843468,0.002282103951978667,0.005609700177047563,0.3791222210267404,0.11327720792733739,0.1643122634957951,0.11632996929882876,0.0857453029503161,3.795262897656942e-14,0.0733277178550942,0.00893222668218643,0.19403900116131473,0.029967550215787755,0.10435727574047125,0.08114153642674782,0.021825288558760883,0.06663842788187516,0.09925487690918196,0.06928283555468871,0.05161314680192007,0.0847670991350338,0.21883388862924383,0.018705477524895327,0.09739514582090716,0.06036941794192184,0.1177826034981375,0.02193804585430503,0.06336223170741594,0.18840401234041634,0.24767177284903774,0.18118563995327508,0.21328391071770247,1.0847149020417037e-05,0.046922608528054834,0.0011572870403048887,0.15440749965273115,0.0
895,0.09468039247686712,0.0782539476442001,0.09381624808632583,0.1731870805234393,0.3283747357573245,0.3297656691523061,0.10029833071319755,0.2190725097327697,0.12429096378155627,0.0022340762752526885,0.0455062597395706,0.16623845581413466,0.237702336196179,0.0017663176365974062,0.0006963215249230362,0.04256945569763718,0.3705186120371346,0.03994994441710353,0.026330737045716507,0.21932949658123532,0.03749971947197889,0.00020221286537898002,0.1388021407190838,0.040094171942843544,0.0410491921869218,0.007516689757517645,0.11921341655005233,0.09665723868113357,0.017195038078099415,0.06776601403902771,0.008830097257685302,0.03529003594929874,0.144012569055997,0.262615241985889,0.05791007091709817,0.11571232329537137,0.041250383032511495,0.022014908431498958,0.2851918416875621,0.008986333546066422,0.10913154194664582,0.07833495959962855,0.22202210896699992,0.06124430096040624,0.12694079755619034,6.948184020458789e-12,0.14546656013660722,0.0018685863782450698,0.10262506980401999,0.0
896,0.2178958215331534,0.024114404986919913,0.10560053633721861,0.09699471266139743,0.07449414773627268,0.101301535655796,0.02159976257864206,0.19724240773866172,0.08032354689132626,0.022594770135741356,0.005020033778906301,0.3140655831865076,0.1468947765132108,0.00015087098702537712,0.044368465141111986,0.036032515075978204,0.13964523163171347,0.19902147073957788,0.14754464256471986,0.05896257590832888,0.0040724849987926115,9.002739449951819e-06,0.09487039572100982,0.14927912783371253,0.04914523436433031,0.03734536402783565,0.1584235257470759,0.3840108158774893,0.010727714977516583,0.05413787093466322,0.011311995422751376,0.14807034201327554,0.2586449888455606,0.19448671155363875,0.014145089476224847,0.054675107051975126,0.22073818186745137,0.10756287788311024,0.3046582662092662,0.022499879230380687,0.03578423606613373,0.15486167887054642,0.1159338892267778,0.07055016992456313,0.19493916869590966,1.006708708503887e-08,0.02500364838719574,0.1852505459477415,0.12825796052627275,0.0
897,0.0437532961711396,0.07490916157289772,0.1807538571967992,0.0835587036883104,0.130379146834845,0.10184199150349428,0.002949009915280321,0.2932943748921497,0.20678584940707062,0.10312507695251814,0.016375118104605766,0.1313422735300985,0.08959277274357243,0.024168855671020586,4.779618263698401e-05,0.13592189196597246,0.1956390706062346,0.1758774664475472,0.23844579026712265,0.3040815139416707,0.018463206704523952,0.0010474215755533584,0.09703891577730409,0.011524870013023346,0.06240241310106131,0.023005878602488285,0.11808782821936865,0.21043940090018642,0.002297465692593232,0.12504105031058707,0.0020492475666151486,0.21504942261532936,0.09637501652129458,0.2240483373912892,0.11722124121261895,0.0029524455904826117,0.061342643355973475,0.09737065408497936,0.08428712924006838,0.23689335887890595,0.06911592042593603,0.028486099035051487,0.0794272613368071,0.0877313507569547,0.3347383220600124,0.005739984405536177,0.0739149803997771,0.08252896955296089,0.24349265892447663,0.0
898,0.10809478104428526,0.1491375666409148,0.12601646504539243,0.0669189627457634,0.05185258607989459,0.14730706647443603,0.03719470182103026,0.18450115631749237,0.010684318435550236,0.03166030766462039,0.12194863541700772,0.0570033470501397,0.40499912551296985,0.0006181191175936441,0.00010751344607500033,0.02712903504880101,0.09191586159752589,0.3180905692863525,0.06040387409380394,0.07471349485363442,0.03171792616012206,0.023135517971878992,0.09430814971591775,0.02757221680156566,0.11673509195581813,0.0036888352724492555,0.08972224236996619,0.10149954629997054,0.03105536537639917,0.030642035949873265,0.0156131963498252,0.09038927347267033,0.10097147002539393,0.12489443536079728,0.1368305974142892,0.01017805780647809,0.13383532717483115,0.24239612695745058,0.12434101461764811,0.1646818221749679,0.20328073277229863,0.1404070677529837,0.039594326063455976,0.25421625575097867,0.07042500975091953,5.3604281806686644e-06,0.11054407879646341,0.03124069476489442,0.09133728570295045,0.0
899,0.06167272905246953,0.08599694003739515,0.06627714237277046,0.1549339138629282,0.15694846770742302,0.15892573176219527,0.0731857946146809,0.10290164120067292,0.13856203649058316,6.139109797201155e-05,0.010554030317072648,0.297606156820276,0.14469071389976304,8.661459200180017e-05,0.07206244906964876,0.03843887700940553,0.3694759534555444,0.057502625903268885,0.0337411999226063,0.27929571551160726,0.0278150354667627,0.003237870569712845,0.15255966909307175,0.05985323193141377,0.18425576520573134,0.013671241638818181,0.1888522749364372,0.1920445402281533,0.011926972836491604,0.26382258705739137,0.06584027307493652,0.1006866063473975,0.24033560361783818,0.11270919819824841,0.021609122699143057,0.0004292550650922242,0.28936656602036726,0.12288173267329598,0.067468991732383,0.08573965914894192,0.12989839431873965,0.19385054133604895,0.11993574000280548,0.15509202840175207,0.10697867163256584,4.001787422641529e-05,0.11173585744671428,0.041958447751396365,0.09477395261699208,0.0
900,0.19186908798821364,0.09181534896748167,0.29413786440788925,0.039716800154036565,0.3058635506694528,0.07773393696861136,0.08302374742566092,0.19708484494804562,0.025160645047750112,0.03382416771162885,0.11543917087299498,0.14901753008431254,0.07337205954999361,0.1540005110686553,2.3710970427960115e-05,0.13974260474001662,0.18328384864028688,0.21723977467906852,0.08990151035313153,0.22112615456554421,0.03394141212686912,2.6423925554609386e-05,0.36683883030591113,0.058774410732872734,0.26036539848604046,0.0013110652058933583,0.0763976364595554,0.22972737994683703,0.04508397392680022,0.16566380448775725,0.009742824129262272,0.05081973862612462,0.16339472168181324,0.24863984465142436,0.13908993947464598,0.0010580920884869023,0.15976761988529226,0.05140086727110042,0.1792879817884263,0.014198432162726395,0.11030313084837912,0.12329462220687268,0.29648046877399153,0.1289029545689761,0.10930199709323392,0.006365289282949297,0.1572913946111352,0.09844792041735972,0.20402007450955612,0.0
901,0.1394352295468567,0.01792709694162224,0.11482487641550557,0.02469828015563083,0.03728632142558416,0.051160863991892305,0.007589638188783103,0.4177152579292747,0.19295222410773621,0.13990891020478277,0.10921290971982853,0.08698318431933824,0.23819301120706393,0.08400966141097324,0.006173588057156235,0.036480242200037226,0.017645916655086847,0.04416525755729965,0.032365092303728346,0.04568381084896625,0.009986427469600836,0.0008217031568801387,0.19256757442150715,0.06386357115182548,0.11417729537029513,0.04654282131014417,0.11966861265949943,0.11140481892904835,0.07869702244781583,0.010201670215530341,0.011987797146635785,0.1267257098729093,0.2360201077022412,0.1771914747478716,0.15344546659601427,0.035503689199681776,0.06586944101038006,0.04917937184746439,0.21462089382160726,0.06661849900252989,0.20432550668709273,0.01836595741102544,0.30914283306859697,0.17256800363698332,0.0660194918143752,4.7999725867610185e-08,0.012258633217417993,0.0007574596923042077,0.04271527974353266,0.0
902,0.1365401039127264,0.1130942222274229,0.12132150433655373,0.04725624162570534,0.08482306663090641,0.25781505295068086,0.006419506293095759,0.19893888137935165,0.026586819834702114,0.011892563130198798,0.07808183323161745,0.16707753144618345,0.10577356088408693,0.00419424164142304,0.03864285399178135,0.04591941411981095,0.462710594443302,0.2749495938323897,0.11587067817637953,0.0677370556935952,0.03520668813898259,8.27312509160598e-06,0.12046345670013223,0.05955861962524291,0.16157054667033363,0.04910918101397111,0.10352148410247987,0.0566466687790392,0.009191854696771007,0.09383068742923353,0.013380771316677496,0.014627963357181929,0.15970214641531447,0.3297600014276323,0.13673733504475435,0.04592717848781059,0.06435665909394186,0.10708166052577957,0.30966368731857036,0.018192348229281514,0.01510300622054376,0.18473726645925903,0.10842837826308153,0.08709552505880662,0.09381390750260472,1.3909328965868543e-11,0.14983764461536855,0.0006580832701865354,0.2749160290998272,0.0
903,0.04522890360401421,0.004607553194754908,0.018589777739064364,0.03286947891318362,0.06147880082888548,0.3035179963244782,0.009331036485622871,0.1601387736844201,0.10570002226842973,0.011620106627481542,0.08325997572273476,0.03294611218243041,0.425706569424108,0.005683551911833547,5.329284039524681e-06,0.01635687406981802,0.0858844383175392,0.4084043461812452,0.22311151468351684,0.04361567284573132,0.02702244986592727,0.012042465645217512,0.2547256448010744,0.13718306541972927,0.10153851884963952,0.0914449166389437,0.1221778817875657,0.21535705828393803,0.015484898170672381,0.07553858100783688,0.051564411612735624,0.12028795568911202,0.2991274255058121,0.10309608751162602,0.08832907824491007,0.10660793234536436,0.083593628450341,0.05548110717319811,0.31237104425557877,0.05435253642614597,0.015168203144477093,0.024843398444993357,0.09156888973992655,0.21157232842522583,0.2421196287892295,2.8169780081717698e-05,0.040757747639844834,0.17128557092536056,0.3225177570207722,0.0
904,0.03229608652862776,0.30644804693431354,0.26796977784302617,0.04163595349165871,0.14102968231919666,0.033351678271985236,0.008578378826562623,0.34720941157313095,0.11972585277413034,1.3640313159690059e-05,6.733609548068211e-05,0.1366742481176622,0.21788387782112723,0.00011667611992860803,4.574089946812328e-05,0.015484821418825796,0.21329233549027032,0.12171283950544648,0.03489576160691407,0.15399095370076274,0.0007141427865782309,2.7039276584978748e-06,0.07897818948204866,0.040472710153404076,0.07843623324708887,0.021899763422077074,0.2448044698411379,0.09331237560444047,0.001634944895357701,0.021955420091317325,0.0006437580921107718,0.23634761255544953,0.22194710902262257,0.3390977068703848,0.07714296368423249,0.25485567742492304,0.0152189813213072,0.14442029084409527,0.2469048371614747,0.014057774389890847,0.0930801076004907,0.04391820685423458,0.2203997265982148,0.15276727350530692,0.22449172125757025,1.925177750100701e-07,0.02891810966172613,0.07689526402853737,0.21234281672308777,0.0
905,0.03146377947945215,0.1527601791592143,0.09334827047365922,0.07685633549603092,0.0954459923102457,0.07525969126072121,0.010800834973567517,0.11335257279872865,0.14278136897515797,0.07954442629854555,0.0694192532985171,0.11576002393045012,0.15958066607622062,4.373610100164694e-05,0.0007251528839396311,0.05870133755324439,0.2791576078837207,0.17226852677672236,0.18469708296308576,0.17419803885383317,0.014238787298664483,3.376788462462656e-06,0.12461859702753367,0.08173474335180286,0.07360251971505194,0.03863485474077311,0.1490550861679586,0.1087836897336847,0.030331135197036885,0.15753490436954617,0.04270324934371577,0.11564505482415255,0.16604861690845568,0.25307345931813324,0.17386089086736606,0.01015598462462461,0.02733455544020462,0.04223015636785833,0.13551467832486422,0.030389107107996218,0.058837940637535974,0.1685784767530232,0.20989649771293006,0.1654976515094821,0.21741611746692535,2.359360817760715e-06,0.1011119789178874,0.020861233224859714,0.12592705939446233,0.0
906,0.1969196470824309,0.07626838197782405,0.15367511159646102,0.14769109353646367,0.1482106083903099,0.13002746681017477,0.11992909592848687,0.08813465637343156,0.19278135336037244,0.02966974739243374,0.020913314470173333,0.3068595989118064,0.1806240780869654,0.0006511510431324924,0.000894256431209526,0.03154151715779409,0.12144927985560765,0.09060320136904716,0.09026160078826145,0.13874068659638322,0.028495465811901526,5.05199776571703e-12,0.25706618826484046,0.011556963445945066,0.09514982809232322,0.010381210026507343,0.1445398440557103,0.02789254014350477,0.029419290509090753,0.04444562111450818,0.0028339751724383573,0.07447273912204151,0.0740667558405237,0.108719518316595,0.24869313859661768,0.12024691408120308,0.17194273093775042,0.06961248564650557,0.09604984275410935,0.02291138278121684,0.15589191266419203,0.11014417917231499,0.1419202337940492,0.01560424037541621,0.3907912926129565,8.441302785576005e-08,0.12841531531595643,0.04984747596214554,0.12648406620763192,0.0
907,0.05040137337566131,0.04994607048940154,0.3345315299190738,0.11770254830824893,0.2591234383923328,0.25809685135526556,0.10886366986159145,0.21944918700567573,0.10419020367909053,5.270509576214257e-10,0.021590932250068588,0.2533242367725352,0.16995622934535268,0.0014181693778325185,1.0351856393489074e-07,0.021882664694447777,0.06815556463554218,0.029373301842917435,0.1298681584022573,0.10159902034487293,0.04982305796063997,4.173294131001611e-06,0.2617737846222421,0.09875855492825993,0.15079502768198086,0.034533159325260535,0.5385254047571539,0.13874668383621824,0.011858310513736623,0.2095677238497317,0.007570131000283472,0.0363111388227869,0.20538876569346895,0.11221372988426034,0.23634818620706835,0.0019162943169952272,0.044744124611421805,0.036357202181127694,0.1085658235659622,0.031720749569134,0.03908438994594324,0.11553332951641525,0.19956924737708792,0.15072078269187972,0.18008145053553015,9.060818034458436e-06,0.010440144071214918,0.2455305517479576,0.13617360220902747,0.0
908,0.01783252401510937,0.015849322894342235,0.03178222433944129,0.1181249629996595,0.016476261494622255,0.30445846838737634,0.07310640729223164,0.23616126311488325,0.15630440160208364,0.015534368755119212,0.022233441952717384,0.251118404745664,0.18904033036715986,0.00248176405500837,0.008991284423793669,0.1795652727528012,0.3273324625240188,0.15355651526431946,0.10772551865306886,0.27636342637879163,0.09112772040173553,0.006565995427802071,0.16367962651791668,0.11723494322307032,0.08243856677857228,0.006460109910799171,0.2788535654201312,0.1774630622778755,0.042625037141583076,0.018715744528583413,0.001333215131975931,0.05500390421954367,0.09895489571136391,0.05112321556519621,0.11618553266681525,0.09936912785027666,0.08499062442875638,0.016528577243470913,0.08633995000239618,0.1467751633712304,0.06744857316330735,0.08841177003403435,0.11589100075031711,0.16850622204484586,0.16344038631875366,8.404819731982336e-06,0.0670782411687456,0.03882055000466643,0.12763477536058163,0.0
909,0.12640833064778942,0.1834844151532846,0.10215601249382393,0.21446142063015947,0.14830699925406068,0.22569332514446822,0.01436956930723762,0.39401013474748425,0.13926877207350805,0.008396211959848394,0.00956317751362086,0.3203133212316492,0.32944442115046607,0.12054164641858459,8.84942405042381e-07,0.02145570179670391,0.3557626759097873,0.2976550248245216,0.10818602018130018,0.15063844281871094,0.06018151920197543,0.0031485020477436633,0.12825574786823002,0.2389108090589642,0.1328275072835552,0.007514048078570156,0.1274428016977605,0.2035555657901423,0.0011023627041404475,0.06920883658380864,0.006418663620798161,0.057868588185294514,0.058356252429548755,0.22008037423657134,0.10186464824981732,0.1074976002499885,0.08272120300983098,0.01266092809676424,0.014697462439440341,0.028591741203329937,0.051874115114920044,0.05436587704328562,0.3017178532021416,0.11383560960133252,0.20205800699426277,0.0018576343855062254,0.24388082660208651,0.034067060504721074,0.2218380760957066,0.0
910,0.015646635625461817,0.17642323965575812,0.041846908331595184,0.04896965208887282,0.0912775173386564,0.1020107794658065,0.036334753581175244,0.10448707867205721,0.0398155493696275,0.0024023855057427428,0.05179706758999437,0.11886769411688232,0.0743060541026376,9.16595195511809e-06,0.0005891216491036075,0.01683471921852159,0.22083455568059107,0.019403991355154217,0.11071027081418992,0.06853607242252775,0.027116383158570286,9.374854894076883e-06,0.31520574574169513,0.2579676392408974,0.07458545998833824,0.1268612319931246,0.03542275311935026,0.08438667947039044,0.029124240493212158,0.08384306900578221,0.0018523845293758547,0.12379429588874684,0.10499685412948759,0.012225868644719537,0.08251937570715581,0.02269120457434485,0.10474798464663676,0.07843726156611995,0.16605623799529184,0.0372725175333954,0.09277348531116876,0.12862236113189404,0.21797496825843585,0.09941422676254026,0.2673566332979783,0.00011246018030012003,0.10832464426171073,0.003402786851602935,0.31225236300271336,0.0
911,0.008740850245347756,0.12224839102920923,0.0366834441305745,0.042432659512446326,0.17493270153504406,0.06426721340254199,0.042882322239199855,0.1170515855643559,0.05945394815252117,0.032949820348979364,0.01027450544372086,0.18696866079526758,0.21460211064304585,0.016415555950618513,1.790021547899994e-10,0.02000070141468329,0.170947189201372,0.2893434689851961,0.08362693234991316,0.21211475787578057,0.007894458241175099,0.0006331794665859848,0.14982752142672492,0.0917014792852073,0.08459287514507047,0.007435479457594026,0.18066520912181258,0.1988458463711307,1.7234891018474505e-05,0.004694037808151453,0.03829200303354106,0.2651441963748724,0.043963321926389166,0.1077462648964954,0.13292403079155257,0.04326004560512196,0.13914519200238215,0.04470257659280387,0.14947309904354425,0.09696942589150499,0.02751890942104842,0.09056830326492636,0.20233115940041468,0.04266766482841141,0.31042271055001525,3.309905829361161e-16,0.024304497144914314,0.01945673590074112,0.08599547190826994,0.0
912,0.04479294195764407,0.055198070385832784,0.039634027683304776,0.07884784400967153,0.03824696969408277,0.0830294704939504,0.025674171716229075,0.35217407440040005,0.023469149070501454,0.008503929618642807,0.013322474792712686,0.05866504370385176,0.09702960065449226,0.025789706394227577,2.1526584558895904e-05,0.07158352790446697,0.4452371031614704,0.11291342115562046,0.2454859882665214,0.2243558804140859,0.029420970730328323,3.850981144511602e-05,0.14623563699677164,0.01227424729207456,0.12436283337856603,0.04601544517401026,0.1290264184518611,0.0633531431983317,0.020888240706925146,0.04095422203135168,0.04693869940837951,0.08508055028134076,0.19836145480699013,0.05747069415517489,0.07826380866486543,0.02531550125936385,0.08054200632326386,0.007665359708439083,0.01916038834578857,0.04950521710805766,0.04168317315854355,0.03589958843557646,0.13242859642043533,0.1795308783257677,0.17048786951192785,1.5101296174725333e-09,0.06339674210656852,0.013041161321262556,0.1350715887350602,0.0
913,0.10514171374960074,0.017483740586233348,0.08669882790599102,0.04747698745604108,0.1872105486689419,0.17183597719930874,0.1723299646164677,0.1844481462468315,0.11058255529168336,0.0008552897237661824,0.06426016638032338,0.11841592793145045,0.1788886555981226,0.0020041704741634485,0.06595652472750774,0.010847915508292045,0.2333431787407689,0.13646785239205222,0.10674262171655838,0.11183585340405257,0.08043737880347453,0.059448925474641805,0.11112410122089876,0.21275112117541087,0.06717609393680536,0.07400602152998473,0.12963546054246222,0.04841030367333397,0.0006057998475061803,0.29347363123182285,0.025367866110789408,0.24901850654962254,0.13528287083546636,0.11968643632239938,0.11224999603547761,0.007626469944767716,0.10968108617866826,0.04615264603074258,0.1966269052009155,0.05034620737216947,0.15440310653676767,0.0975475216870313,0.05744766286733442,0.05717246473505213,0.24445227072756162,0.017966729482299694,0.08632177805560119,0.017810152596100113,0.2097758619724841,0.0
914,0.07868059507865907,0.0773216855799304,0.052768800571942845,0.03562045354015055,0.218769408913257,0.19378099583156833,0.13507226754809795,0.18631049891402018,0.1330109893235174,0.055434565699806315,0.01102216145215497,0.1908716711349898,0.1344988433827207,0.0005188868558281334,7.440288972598089e-05,0.03472915117295645,0.21053487838274293,0.09692599990253918,0.013158615569375504,0.0849426123544212,0.08423627159707847,4.826744278294554e-05,0.15547740411063743,0.08676528546069094,0.07892091665199114,0.15469095772928587,0.311434649586927,0.1313748110809926,0.0017652910171177827,0.19688745153666076,0.14397071972826547,0.020973206381728247,0.2111186676401357,0.2714896295111502,0.19914856407255666,0.010213840919838228,0.1114002516877893,0.12023760573228,0.1498207381081827,0.0036687324143846217,0.11666368150480298,0.09629061065606784,0.21938906720327617,0.025182229615477277,0.12113233130446834,3.572446200107459e-05,0.04809952624043701,0.027846567468224125,0.1822543269754223,0.0
915,0.18364125173559867,0.04458769386300494,0.18097399002705172,0.05389347646440392,0.22451649024629924,0.23151136310624362,0.008483418807378934,0.07672978007043885,0.43047611757018067,0.01100115945559984,0.1249500827189022,0.16755349420073984,0.3384828092251998,0.0004556665375907216,0.0004136345683605365,0.06151134110039884,0.25943402205834915,0.0632421300697916,0.22419139961547171,0.05910476357931516,0.047787999157248996,1.561914001158741e-05,0.1547891424573682,0.04742637075641949,0.10301520274030553,0.0033773185735531475,0.276172995011757,0.06450604180553333,0.06555420563569811,0.03677117367588032,0.028467580957902822,0.1769813084761343,0.05909002617292592,0.23795591428792492,0.1284096736223048,0.0003409323435437358,0.15970297204917483,0.05667235329618575,0.08550428289592273,0.0012400197515719086,0.0742230182360212,0.21979487446739,0.08073555553729331,0.3295879367092395,0.0567783040902794,1.847576241877947e-11,0.0866560649345359,0.009034077303709354,0.10529437990037083,0.0
916,0.03910464648584461,0.056896554227069726,0.22247669435829884,0.047382967845294846,0.25665525669236927,0.15674652171512668,0.021861545202308052,0.5024923540754461,0.07183821578829445,0.028688010591403225,0.037328291552570995,0.43467785540423426,0.09793755975522193,0.0034987385279084036,0.0035440972227571226,0.07039673238867487,0.23045278243212988,0.06421161399568714,0.15876865897607945,0.400949181627937,0.0258676720822509,0.004633592005874477,0.08131247916319691,0.09460568609422487,0.16559610538627237,0.03623336511977163,0.11634980063376194,0.0804079974719459,0.14257436028212994,0.20819377752698928,0.04976606502641285,0.07307773025753896,0.4017732879719675,0.16802386794366736,0.22177868910541668,0.055473375746572975,0.042235859640002406,0.028000361395344932,0.07270168588626526,0.23289630783197657,0.026705289466661734,0.09968265828870725,0.1948562780521198,0.024225263288125777,0.15397373685791868,3.766258336319964e-09,0.007231387071448371,0.016742960914884763,0.1451304159778481,0.0
917,0.1101128432617643,0.05427384895177985,0.13550774440578986,0.054174009464316546,0.18084385752914955,0.19946546084218011,0.023709298992303486,0.10733869692994913,0.1164054875843338,0.013239660288672428,0.1204999487437576,0.09075520399402429,0.10214146990457118,3.1997291883386286e-08,2.252483663946503e-05,0.05000487015989447,0.1371734716858831,0.20540874257870811,0.116432207897519,0.1875651370820745,0.00018859561163783988,0.040624634342211786,0.12061172124342173,0.20061997101358864,0.32626810588084487,0.1601252750809316,0.14102801413364954,0.22534857039575704,0.0002345565439446778,0.3523649241135625,0.021975444073499245,0.1733920138720397,0.04659714121578134,0.24472733502819172,0.1282088515306414,0.03768605651589979,0.051871517958162326,0.18544933949966985,0.31201651369398375,0.0011726029187227223,0.04337704472881812,0.12310019971181903,0.12774597077702718,0.1145648041862959,0.23503485933600457,3.3778580328170875e-05,0.09600015132906753,0.0053826860882690755,0.1698921319518786,0.0
918,0.13212957716014617,0.24994885425756563,0.15995623459382272,0.05497649300391106,0.30804327776788476,0.13005205287435168,0.07887367606663889,0.3954329170336792,0.00548522716898457,0.00023522505398884113,0.06018778997598727,0.12038257783578243,0.38789723004247745,0.004549969754623793,9.361031537720167e-05,0.03420245678304158,0.2252284383042598,0.07404278859429243,0.1479156842852535,0.04936588852825214,0.07537109560301386,0.0013817370498235768,0.10471735339019166,0.025602907165456226,0.27037109794677244,0.021082661963558288,0.15621211567830035,0.07815413864126541,0.01147822672178077,0.10018444015704832,0.0005199004346731428,0.22285713637407883,0.21749562025142943,0.14915505381056052,0.045879556815088485,0.2744296196090546,0.3640313870995078,0.2530699693897286,0.17576409875510848,0.03503742465374405,0.056871646190539665,0.14836051518178767,0.3100817602420513,0.0774858129719399,0.38116418342236774,2.464470637753682e-05,0.04381792574116326,0.021595323291408345,0.1413464224820036,0.0
919,0.13582587371602975,0.2502174384617096,0.05932915562312291,0.035054137863606116,0.24775700561761768,0.25146228505200585,0.01675356277081599,0.2041219392780807,0.19399199314299742,0.023230171293762373,0.007882153671916952,0.39558080890871894,0.17148198700589115,0.013833013516918253,0.0007624270004302781,0.08343484068956526,0.09487944609393126,0.08980386558324988,0.037258699702690024,0.25175249766288343,0.01533743972392457,0.00015834666483727903,0.17282012059456728,0.24561149392429318,0.16192849931686712,0.1363203221643147,0.4200776606532322,0.06254977217394006,0.02306900864427468,0.023474144857554214,0.03689116258982619,0.0643246136214624,0.06474989350549866,0.03238029421253429,0.18539014493824135,0.020509200353919822,0.11213772501399845,0.008966509767584186,0.09958678652386782,0.17967661598783088,0.028753935116543224,0.0028603811714061856,0.09153239358411017,0.13543633567859997,0.339316296138994,0.009226779905075078,0.10716428631152987,0.04241059611822851,0.2504415213283715,0.0
920,0.04455256262217519,0.10217069709538239,0.24535983881828194,0.041610591798144456,0.08391117948197832,0.29715068854128907,0.12756752018259998,0.20712842751147398,0.01717864168182134,0.022985105028685743,0.2090489728249801,0.13082189858613366,0.22410989287086736,0.023954475062172857,4.761585063744972e-10,0.002456944739757724,0.10225494975875438,0.24642250436890473,0.15957488391724461,0.22363393910770263,0.041078666585103396,1.3708834346619507e-07,0.3267010240604118,0.09108379066177899,0.08089162536583945,0.05765261898956949,0.28937319186771876,0.09223362000070848,0.08815395471493637,0.03198230241268406,0.0018181079158674704,0.19923825038930626,0.0847918202721838,0.17245340046082042,0.2816111066622501,0.005162787263932694,0.15831943861561273,0.035214715050320075,0.1575396665645861,0.11911812446951227,0.02080059106779386,0.1716115732798721,0.0955924715377325,0.2062374026597812,0.1543383402198991,2.856309702842433e-17,0.036052609069257315,0.017034318728584123,0.09735106287814146,0.0
921,0.18334582317459058,0.10101479230914827,0.10663573408561433,0.14488826208578887,0.18654422671700563,0.31557067774800635,0.010161298659600406,0.13657232846805395,0.05430750858842593,0.00013484138903014116,0.05504869796962792,0.13438913156658447,0.2867494079730752,0.015161945464387,0.010988764581693199,0.1130537151185823,0.12903406836787026,0.20114586864036943,0.27734496276386444,0.07408525790706358,0.031238104296907276,1.9377512607661618e-06,0.09322638013879496,0.15455825187688388,0.0324591599077761,0.03565657264461375,0.07447592566176221,0.12357580843357396,0.012390501619254608,0.16341170590175336,0.11877122643634676,0.19477598685499706,0.1447029951286699,0.12980989721318514,0.17227261500311514,0.05457198305100005,0.01702735361655684,0.022962594052331056,0.18511498109210203,0.04024249276343882,0.07108070755918015,0.10560372577772129,0.28067538413527177,0.05191190751524833,0.21995035520311818,9.084059354068293e-05,0.07296213873740728,0.04604546772284118,0.22044690431429553,0.0
922,0.15128476569785804,0.025240376653700117,0.04063347096799785,0.020107234618095486,0.20764336015590945,0.12440516963768658,0.005363808979026239,0.546310283290864,0.16765440817802188,0.002456462385744365,0.015456579623576414,0.30624053886638847,0.11025227604536864,0.07302812744410177,5.2047113109594904e-05,0.11989414636055994,0.2912085006541236,0.1456021540609883,0.09618224268713578,0.11441898926902624,0.05578733724331573,0.03349208404489946,0.22323256659060395,0.031127369573795263,0.17838987377066257,0.17523340999175974,0.376815054075697,0.2506078548076834,0.041783313045726196,0.0022974479960761406,0.00804291790106661,0.05642163636074638,0.14606512664148313,0.19377121452713542,0.26602806411750496,0.037207952849338456,0.19977007615209488,0.010147932236093575,0.3471059364330128,0.00423175200754374,0.10436800459609863,0.025432186576367238,0.10500587411968541,0.26846283062219856,0.17421414660690504,0.0006519022516030905,0.0772081740414964,0.07698110619299957,0.02808242700813961,0.0
923,0.08844375041001734,0.2763448125917725,0.042037344282022236,0.10661562887058085,0.1058919131791724,0.16008097872541355,0.03399182085030749,0.17974494634262436,0.1017483841529711,0.0033189912168216967,0.33166097718449195,0.21228546093017778,0.2861129935596485,0.008483273997061207,0.0035353317016064536,0.026287122085242014,0.3575240604855933,0.03557077133373257,0.03166603039443313,0.17695761822485157,0.0005580332430305034,0.0005269021893927515,0.20143036059112962,0.008861947321021654,0.037053008752390065,0.029040687218416114,0.18566664329070018,0.36268343299179584,0.03003269743985941,0.14075327292749495,0.037177573567863685,0.09851985009097768,0.20711053537724636,0.0946492166803248,0.04554024652840272,0.02388428370700724,0.1348987259605919,0.04127786855647947,0.13605627410174975,0.056397424054498164,0.02720264817393735,0.027325029273704428,0.17606950855562906,0.28091179097372315,0.11852022886523812,0.00010979384063644549,0.189093993532104,0.05695075714093791,0.1762500513674736,0.0
924,0.12034849719048542,0.014947339963508435,0.2065147569793091,0.06286924794604365,0.2198411545216909,0.18951187791657148,0.09301119468330873,0.1292333907093391,0.05657179554149561,0.010630806184747803,0.007014398408228638,0.19879796450173065,0.33801444381291185,0.00019996673814973867,2.720637468064739e-05,0.010916170035162686,0.28623884722490733,0.2638070765615915,0.1157592070141244,0.188955192638924,0.012607836380928166,0.014467584530490683,0.05447135109630147,0.0601082931950647,0.1118452360450672,0.0927828265283583,0.16727740227676374,0.061446573509561335,0.22629113460461706,0.03632813072109239,0.03442264866735168,0.04022492963927888,0.16551958381758508,0.06824938618309236,0.08242561249023549,0.016967532266390105,0.11206979883456401,0.22608054309898998,0.0381150590357567,0.10985204200440979,0.005282495970017186,0.06013649694479485,0.07867378173200551,0.10015555221029386,0.36264148972600896,7.088877028686918e-11,0.007965740621355268,0.012122821897585788,0.184007851512101,0.0
925,0.11626044517352357,0.08303580681620831,0.06093215470015697,0.15523244011251192,0.21804870637340001,0.1521103033903942,0.020860169703274277,0.13891760490938554,0.11015862710064066,0.0002767706772121929,0.05527686938731559,0.4863051920346103,0.10627112413076871,0.018476510463648035,0.00958860857389307,0.029891552352144305,0.1497306185217424,0.12665311633857815,0.10640975194738654,0.17796996761135386,0.01735348919516609,1.5614974903941606e-06,0.14369295684831646,0.15013594066230088,0.17752849041518998,0.02732294878473996,0.24034534513816413,0.10022942529570739,0.01908242012377083,0.15801852991067478,0.062341545747251405,0.06831833575938985,0.14588041922143893,0.12653738566161687,0.11042648607377727,0.005926627453176092,0.09314494334956497,0.05695347688994994,0.141405688606608,0.03276415320059577,0.053407851910451686,0.15114933146439155,0.151507524356004,0.20763901190287753,0.26664566144016555,8.441714028056984e-15,0.08086728886088371,0.06804387971863457,0.2393383015904055,0.0
926,0.22572695863497735,0.028294288663335145,0.1261110102503605,0.0643258288347351,0.022426378597205417,0.15674271050978708,0.011532169375431962,0.08452269349713169,0.042494396046198035,0.04712604787572115,0.029655812787502327,0.19100741093680185,0.03740635820473466,0.010633408228145031,0.016678455494909487,0.002943741642229128,0.10946344203854602,0.2475729647388234,0.05006024063665236,0.14777691686389846,0.04492543710940191,0.01729632577725655,0.2604120293262387,0.14731604227538247,0.09413814455345926,0.006099805304654153,0.31912028011980187,0.07020411905470544,0.023986975613978362,0.029889239267312927,0.003101459024663788,0.17256639619442735,0.07687726666306283,0.17780859674411317,0.23865417871678982,0.11673613677205041,0.04136048623340069,0.010792558723148458,0.1447059928482949,0.0148175823741884,0.06272732705830099,0.16295454533037784,0.31260695322137305,0.09130342050201865,0.11777400522795732,2.572023333613952e-10,0.048442901829305704,0.030992984755823863,0.05176855772679348,0.0
927,0.047738454027412995,0.049185686803129396,0.12318944704972701,0.006883173505555384,0.16343132992495943,0.1199333961022036,0.06478733581335734,0.08526577213674288,0.11422342640295319,0.019441877766938717,0.03750323069171026,0.06773886366580616,0.1234247061572762,0.10258869333587448,8.726497317780807e-07,0.04447225146064515,0.1771923076286864,0.1976088365777935,0.08727685879298099,0.08584869026277868,0.10327986020346341,0.02561735306913113,0.04817325380191581,0.08786578730134063,0.16879529055690923,0.009528586875541638,0.3470642557906095,0.22959219780487397,0.020950694074760624,0.038082267156842174,0.07733364140439393,0.16408534761144924,0.2208295845818226,0.14678272976029613,0.058457515208289595,0.19498101346532234,0.0021622956815979325,0.028423259102623034,0.1774190189341398,0.003362316383071986,0.05966503907618757,0.03357535904311078,0.30395531989247027,0.218686656077256,0.1401780539460716,0.010438447401844811,0.01945387560901287,0.03266797887839098,0.07153732040928713,0.0
928,0.0577797922123378,0.36964568852830915,0.2663434236306176,0.05954356251741134,0.10889149928407342,0.11171624245613572,0.005374673245792067,0.40461682737558946,0.09865017674419453,0.0015749568293178644,0.031208634061060902,0.06599358163211849,0.05148394134123761,0.004199436024999328,0.0006324645689520583,0.018211271302972995,0.135820362598007,0.12455848638917086,0.12255436873893553,0.05517369417488504,0.028397751017605468,0.0002512632028915345,0.12385437482365544,0.1266939306966819,0.1456647109079014,0.06614285614572651,0.13672504471600133,0.07036327484693781,0.04147233976022196,0.050439861626364685,0.01688618306716963,0.14659143596408955,0.12148554372800272,0.1370993964395846,0.2719550353429593,0.08194777163397472,0.022418376696052136,0.04814713447717855,0.12186328201422136,0.04472353927399726,0.0672783990160412,0.32779788342955524,0.36498348983983925,0.15425666892348894,0.08880098562829455,4.4382332545809985e-08,0.021421360916361033,0.04201330764585577,0.16342293096831126,0.0
929,0.08667874830607832,0.0904110543861034,0.04400711058168218,0.1380043787228921,0.10773876051279033,0.22690112435159387,0.031166241990282506,0.15041526023773194,0.07809199034210475,0.013520540299611613,0.03603621582378753,0.265473737275926,0.26478827722251447,0.003052293091413844,0.05106231367352843,0.07813792570134356,0.20901080885550208,0.04379984644077867,0.14405434513805812,0.11985752283629621,0.09528977571485457,1.0381624972992427e-07,0.17120114635792832,0.1074617604865162,0.010326523143187842,0.016344353734401712,0.10595725025406916,0.11373933163133747,0.005973222080867601,0.12103601200069308,0.06212643741324169,0.13847271664347854,0.17125630954192397,0.09661263914182153,0.056142785925121,0.07025505133297943,0.06741252228479282,0.03185681306460462,0.1453391387883023,0.20363515457434475,0.006877145932990459,0.07207947477646318,0.3209337814993843,0.18629819794746755,0.1396037504835961,1.170649553926996e-08,0.17667198204567466,0.004821869119338896,0.2832881438530434,0.0
930,0.22150492936061095,0.14563569486947206,0.11229862782910884,0.15524801106642913,0.19270902839857562,0.35211016372335274,0.0006984569049914356,0.20384530449288618,0.2661383928302042,0.0029489450318873076,0.04386131395610022,0.3733828422205621,0.2102641200538519,0.0051775048318230266,2.7022393539463847e-08,0.04237107672112895,0.17596661843326297,0.15762406469089613,0.0986060692066928,0.12306699143239291,0.007424030866782897,0.013013312675857496,0.1751009111816995,0.02392902222802825,0.01080181721935873,0.046467664082574384,0.1590911006314879,0.16320990774282237,0.00019101036957394594,0.21188912718554162,0.0551115661589145,0.08207416861538572,0.3660183981503645,0.42504039705841395,0.19080820451157066,0.00692109425194016,0.03284974578632602,0.1611531323383278,0.15123914343288167,0.05559935236927051,0.08179220848451259,0.13012235016402632,0.08495355652715003,0.07732034028486345,0.39252350783034967,7.742512226700663e-16,0.017053475331269427,0.02282970121202228,0.1291126074194128,0.0
931,0.024152798916759016,0.1453520283716198,0.026526562059388834,0.1935666977506481,0.09755929920957672,0.25533922060486514,0.040227237472103515,0.30372980029021424,0.03524811931836461,0.012290293901619268,0.042407211544069075,0.23759221662171984,0.20252389429553216,6.629754454816544e-06,0.01260924768057412,0.07767481214996394,0.23773804143464783,0.44609230327397736,0.14852479764534685,0.10808412933146426,0.0192087248893892,3.135101007982107e-06,0.04300248397340532,0.03138816679905305,0.13818485445397377,0.05788864461878043,0.20713219320179857,0.054058550153826004,0.006383059034537855,0.20912710064208131,0.0061156483969748545,0.1007100666486699,0.1496974139812988,0.1562189556617676,0.3891100506319226,0.0020298898421886227,0.03666639710747524,0.02838635692263628,0.2489606918180798,0.06952466943031209,0.07413391637356898,0.08710815081733488,0.11755211793311784,0.22290474218604345,0.1891224170301477,2.426838557410987e-29,0.025218631771363523,0.04599683478556327,0.20440935892872342,0.0
932,0.24623211633378436,0.046082279134911544,0.17655582636045059,0.09504519632773598,0.054154053663247236,0.11728078662592951,0.08514609607827174,0.3964256981577461,0.11261245233762668,0.000680173075023411,0.045294114882815366,0.06388142348086069,0.08758770948313337,0.026690878767494892,0.08604805721500347,0.07326755049876715,0.09956614312893232,0.202620889151608,0.1165460207501179,0.19912318415786515,0.0020313207913408354,3.4143461608734745e-05,0.07191490953333499,0.03912415828551837,0.14260914235018757,0.015517347270160109,0.25290724190122205,0.1071765553124098,0.031231615817194018,0.14622436075103545,0.04083591465171016,0.0956564420790983,0.29731357053518814,0.2029095149154808,0.25533548539528395,0.14103532696065585,0.07922245508239474,0.08746641636132242,0.061857944192692284,0.008032679356109594,0.01658457601599713,0.12417057150658906,0.28151496289999334,0.39832696625872743,0.173456107214678,4.645806498169094e-27,0.10351059788843425,0.01101430532346368,0.3215025441027348,0.0
933,0.06384967377048656,0.03773769437692265,0.19541309298202547,0.04581632242006805,0.044863079844589204,0.22801954378626418,0.029235186483636114,0.09887933571123361,0.06759816219029402,0.09166668394308779,0.025699912876325177,0.15745667997524662,0.09724374912482625,0.014880884774013755,5.323901300277312e-08,0.09539388140307392,0.23306614423904967,0.18566334238126558,0.024016560008415896,0.10776491636777903,0.025302020929323092,7.175750773866175e-08,0.0996035082369637,0.0954807312699144,0.04041001921607447,0.051474430425594374,0.24281027344894457,0.11906464811079852,0.003392609283192068,0.00598510732214397,0.018576664596029618,0.012060477598201539,0.2311663377055078,0.0461031891380247,0.13018670345577066,0.0016959659535304285,0.06827647737013735,0.06711991025188747,0.2515956396832356,0.05645023531150955,0.04104789370870652,0.013455927123374468,0.21204496866360764,0.2744462668073185,0.21180297004250626,1.1773180088320914e-07,0.05901593416577787,0.002660344292023215,0.10783611762434399,0.0
934,0.04205251062780586,0.06608609823525377,0.1387001949599101,0.050651000401107774,0.14079094749660476,0.1385630446933424,0.025197409303085276,0.19489276329590877,0.08179479185636028,4.048367002819299e-05,0.16157073696152716,0.3974566009961711,0.18796984465373076,0.03244371879764522,0.000134154115823598,0.08335826099499932,0.07740541030394603,0.136575288850509,0.2532996206368872,0.05505842396145031,0.008777963182156857,0.0029381590455042016,0.2687271792458453,0.06634924660344856,0.027142344034123356,0.022640053176497907,0.18695979548911443,0.06697602411387715,0.015239766181728525,0.24823348313480145,0.00011932012048811747,0.08126752120143688,0.1545427131656188,0.28034706644612145,0.14124146021926764,0.02423890719203252,0.0833244425188507,0.13888322207741344,0.12524819388382535,0.02825644472974297,0.009279317036081636,0.1394136184038724,0.08387028816054737,0.06738638533165278,0.21202739926042444,2.037448880327136e-10,0.1080703477183887,0.05242867486325185,0.37735745403021365,0.0
935,0.32731635156649475,0.10635992276260839,0.2660721096641679,0.2504961301111457,0.06146840192907513,0.140736783593859,0.01265667549781858,0.1275550978548587,0.09564393120686368,0.052396871346478656,0.008953019104455543,0.1724275540865585,0.3239048258422815,5.749344007515776e-05,0.005840628404617689,0.054421517627898944,0.4136875741906509,0.14383426918374556,0.0784021149752835,0.26245009988239343,0.008206388491309592,0.0006626866039226111,0.08581712667295557,0.007854262563064025,0.10506056111395697,0.011024735775618593,0.2895489534001252,0.023740623063985635,0.008788398276272676,0.08271065439400264,0.03818480315196828,0.04365168526336467,0.11244108726794702,0.18263036978231761,0.18701889113915976,0.0596857465486378,0.035794030803723974,0.3028731130450421,0.052145649933925675,0.01836952247562047,0.12584972007008588,0.032252150625297994,0.30636854363714283,0.09963046018453679,0.4125017221288902,0.0288771199938932,0.08472218673979803,0.014987586373581639,0.080151115204171,0.0
936,0.10051614935656536,0.05543376777902191,0.2586082332184795,0.13246528379159175,0.30418457063427107,0.07135165474392474,0.015246197317149457,0.11380655908654917,0.04502348993692787,0.02618766055599135,0.01501344553307613,0.1945922892958531,0.09352683940917314,3.782763817225637e-07,0.0015433951166272761,0.014679068175478026,0.3201559971174615,0.2615845005821042,0.036145519609565045,0.3721914291669373,0.018597123207427776,0.0590853942253046,0.25092659824416785,0.08019674332868627,0.14735135461895216,0.012867883985919922,0.1653849407415516,0.1319360962663228,0.02288392865613109,0.13517260025686179,0.02371148845741324,0.0033164510047744623,0.31815751472500325,0.05333591253374414,0.2209078584733551,0.03923451558029379,0.1507270945796749,0.04457879705797737,0.1813831760746959,0.01733798160370805,0.007625485873971433,0.23835813894524652,0.06455961574524409,0.13941232355198277,0.06666003550161403,0.003255680898974284,0.06816409290611825,0.05288036152975406,0.22041179683516254,0.0
937,0.1396871257602313,0.11716099186696553,0.2239757700677107,0.2271686230372979,0.5507143310421496,0.13267474071821656,0.09920983863394936,0.274271561554974,0.0986097609785104,0.016438374954266,0.09655969967493011,0.4621972134385842,0.13404740928750286,6.906784007961021e-07,0.04050874447312291,0.009838082759288217,0.22436117737499808,0.08319664232315162,0.10777984164822188,0.09676084870385254,0.06852535510395558,0.012948460790430017,0.11478976516508274,0.1836586641514294,0.13128176020482035,0.0013204560172773428,0.09487629203671064,0.28765874152148985,0.0014012391124256483,0.0349538447153011,0.002402801661219723,0.19765396194674764,0.2542907518526752,0.0656750660780108,0.11501036736966144,0.001024208565928881,0.050693265575156986,0.06774245955707618,0.21450285258285703,0.018891599573474586,0.04564750601028635,0.0357883777712708,0.13008827181453458,0.0712621115648138,0.08999344405778649,4.3189466593322952e-19,0.09136300239194302,0.0606284333792379,0.059815764836319986,0.0
938,0.04406265624436044,0.016295441993423965,0.03751276186509399,0.08156399454050564,0.13531926014919082,0.30425197710252655,0.012207264892308762,0.20342765261147513,0.04842432902199434,0.0016328810248823803,0.06046064609444343,0.14317183026069244,0.18492297334997168,0.0038514141272097697,0.01310937473219453,0.07649681830436879,0.2580556304448868,0.22724989929302714,0.12682096227227052,0.13259571099399717,0.05406018400609763,6.454930551950009e-11,0.20062446639760295,0.05186399410418504,0.02550752965698069,0.004221075573462297,0.14675312255352851,0.18709744483469115,0.030661889860614765,0.010498450123573103,0.002494856469030438,0.0740126580443522,0.41943325786262786,0.2140599138908372,0.04887129839062442,0.002502810498487221,0.11097011726609383,0.05480482620397041,0.1706484395459605,0.015301122932590115,0.029389124429184916,0.11702654768896813,0.09468508323341651,0.2721355285654121,0.2810458197157811,4.844558005922141e-11,0.11916183148144327,0.01861949704852925,0.10904372537990328,0.0
939,0.021470834754391963,0.03150746561221928,0.2829065716436002,0.03292372982159519,0.13547929719581267,0.05045347696371152,0.08708537658588875,0.21080050119973454,0.203179619088345,0.03184763928725607,0.028565664574139837,0.4206797919574417,0.12611792285458687,0.0042153144448819485,4.137259423885738e-07,0.014276975108991117,0.26315861066452717,0.18969872541906796,0.027805220132720517,0.04961472897892475,0.011449527373944,1.0489818949803633e-06,0.16595223908566056,0.0131534671077152,0.14470802427229415,0.004080972588377131,0.1618469269225665,0.18916338575511712,0.014018635974055551,0.07822130538177174,0.0035991389051735125,0.0853793607907537,0.13012050310515746,0.14520848625556323,0.11340940161506445,0.09725850787378014,0.042295460866654824,0.021403432998178606,0.3205943380454128,0.03761897472525938,0.16275537054157768,0.17687232761135233,0.15149016369404103,0.0631940945322687,0.18716563151301607,2.3156064019394396e-20,0.045858237048110755,0.028197946071208534,0.18756628888836946,0.0
940,0.1073248401879822,0.01792125637956274,0.21741539195103043,0.10411228043366545,0.039196457956232604,0.11697421161322435,0.012820890354450115,0.34056185795931654,0.17617014111924195,0.018100807048213517,0.10475405321287543,0.1551339795155124,0.10405137821039877,0.06682094498161432,0.008429346292259459,0.11594430196645791,0.32594349888823376,0.09506642861437768,0.1059032602428287,0.10499698623202623,0.04730989684323822,1.2065061790122199e-07,0.092976383596562,0.12473081862928077,0.19409282488195892,0.021305189812689994,0.22750366326302324,0.2206770145296196,0.16526545356934205,0.15081143596331595,0.03447837156536918,0.038433478987283366,0.36682525423597584,0.16780086272673853,0.05946955208936498,0.004113753807859755,0.08058055567547541,0.06450719445402185,0.04107653729938435,0.0064807890743568295,0.2319938105823277,0.14405360908246098,0.13008758266162285,0.3432150816843064,0.16111290124107158,0.00012016432187662091,0.12306291401393173,0.0013751774637769567,0.27904640514913853,0.0
941,0.12395024346380194,0.1930149515873569,0.24799316135600147,0.04262912719370344,0.09829168321632817,0.3024070263350947,0.053637996024740404,0.15533228894547577,0.17586376765558034,0.0908015472721406,0.029156272154728016,0.09372614667454723,0.15668683777258724,0.038011947764884965,0.0323055028307549,0.02157652560111823,0.11798223286014131,0.07885600216064279,0.23253452338309283,0.2579619876361598,0.0020916295373862403,0.0001613686434636359,0.14595099753751145,0.03363356597723602,0.3539471539491009,0.06325865359003781,0.15652387537915344,0.08948978776074844,0.0008037983407883726,0.18617435164956805,0.017307588101194805,0.05598070822780841,0.1611051759541622,0.14527907678376234,0.04367663090945664,0.17075159648182633,0.018142379227938165,0.029924758723589358,0.09645267620316204,0.053018266835945634,0.06801712136917351,0.031197306063704144,0.285881819912338,0.3781759074479711,0.20231224513274135,0.0016790836780863788,0.036834344954067316,0.09669768648161649,0.2710815550870781,0.0
942,0.11334190908362649,0.18629406615681676,0.16840620217894253,0.004272092608740611,0.284364386445039,0.22132277782723406,0.03674866395296367,0.40718160266020553,0.06622469204821672,0.008216311091369576,0.025362010562075637,0.352041557345375,0.2033191247535453,0.0006230851528078666,0.001705606731018378,0.000849254955433218,0.12421799340786562,0.19746579690131935,0.05932062567107462,0.0925008040333806,0.007004554988212298,0.03215222352623498,0.09997865931728216,0.05548919466663487,0.11482043613037526,0.04433748306620719,0.08162334058632792,0.08167792725620007,0.04371984241417348,0.14459449061678417,0.09741614622589911,0.10905157771562025,0.12180811783796333,0.3812498722566668,0.06832957833618829,0.0075033257360678784,0.14461658506975958,0.0309924636810969,0.16672793422144572,0.014098463510625422,0.078839466512054,0.1790617108678648,0.12077233475328097,0.08538055493384829,0.037687764321400356,4.1484047463889075e-07,0.15867363653380243,0.2068083023461941,0.08193607442038432,0.0
943,0.03227898816956753,0.09419814170005447,0.11491821021611957,0.15587959387872716,0.06120004511512229,0.1082618607528677,0.08996155592055453,0.28658122478445697,0.22733048449596055,0.0015110993320515548,0.018622186546954366,0.11918929607387695,0.4416677375960251,0.040534401151989856,1.1911111960429375e-06,0.056082119523154284,0.18781429987212908,0.17491211742403576,0.07391254545766758,0.08501124221620156,0.010284828888088165,0.0008382323279066779,0.22981538177648622,0.0495246811029717,0.09312024658771789,0.0008050511248815939,0.31135862880634774,0.041718518310524845,0.03522655864837247,0.13221576050273473,0.104859292211718,0.09944616720465614,0.11166749535598534,0.1711008130931786,0.3044193147275329,0.016027765864396464,0.04748955868038667,0.07818910510253474,0.09740711783225642,0.10165018787076031,0.09061621743586423,0.08075320441442424,0.047575950916223936,0.047154452951892314,0.29769903700808303,0.017596370255406973,0.015169786967959389,0.0006513857890416161,0.21927731241360732,0.0
944,0.18813585366392294,0.16096424095019074,0.1995485329556376,0.08004726200439873,0.24190257825653125,0.13201800193492533,0.0024152974969076433,0.10189458231468658,0.09664760447761715,0.0011660743181110972,0.05240213436267225,0.1808206605866119,0.0963083913440812,0.0503146398885001,0.019433982461534396,0.14466157664643564,0.11879873195516936,0.39266217128989256,0.01900746925415401,0.058248085449905826,0.017713307371233333,0.0016920119834696649,0.11928947414341072,0.10261676845840259,0.018937023596722953,0.1836861292404563,0.07145490503616453,0.11287924700097204,0.002625188296822669,0.08833422642323004,0.03988761638468509,0.046244615826464594,0.25782172589683333,0.07795552730274088,0.11817523396051895,0.008419889242789594,0.05928646401197122,0.018826889841671576,0.06587961716256077,0.001243591911905763,0.019156812030286557,0.20218297369770066,0.20315077107308355,0.11365437612458137,0.2987980074004421,0.004187444576077396,0.03618989872604335,0.009037286198782602,0.3846781672769828,0.0
945,0.09309488801253438,0.1817599230157963,0.13359322542655525,0.2280745776435759,0.13426546865312497,0.046936528610659944,0.021888289708759227,0.13073704141693326,0.14614078818513865,0.008342285652529006,0.012952342974369048,0.5132324824758246,0.3448740113685134,0.015311700389524537,0.0008439441590303107,0.0765900653401564,0.24275044208315993,0.15142769634307596,0.13343159943514285,0.11399958258089954,0.001580163538599778,2.9700491693995838e-08,0.06732568556159375,0.0037976242382918926,0.24105463743695216,0.07866558493181275,0.21308057211996292,0.08562207019235583,0.002728246996440803,0.03569376740330565,0.005629798852299909,0.024076908080237647,0.17807014922396994,0.2146205967624489,0.2508266657076252,0.07710597387921629,0.2068399604441432,0.05677806548900187,0.08878609419865233,0.14987649023587415,0.0568143467615197,0.2386484885408462,0.09039221936818535,0.21004671327131594,0.08691229570909496,0.02631023507666781,0.010165844750903753,0.017415820842284845,0.08055900189406748,0.0
946,0.006212055932858911,0.039648362330322394,0.09967945223551711,0.11484449086754729,0.25957208795391046,0.18623986555104702,0.04969057708871893,0.26361408369189515,0.06392294075749662,0.002478826713200396,0.002117556273167168,0.07022409696317293,0.09872349434195458,0.011433510076924638,0.001077857874202742,0.03966035279986474,0.17165655530508467,0.1737973641493364,0.1129499654792457,0.4067207707636594,0.01382649557911286,0.0006182962105470546,0.06662564377963746,0.018287962564184548,0.11398073484003551,0.0646185829584291,0.22705210878536924,0.16426752921104934,0.023268152181528293,0.09233083070632944,0.029895996527398716,0.07745292076726967,0.03798703270099539,0.10710881525384999,0.118229306276185,0.19299143459542753,0.04716608432493542,0.01810003874691661,0.27179513311401493,0.04754813818353601,0.031049736921742514,0.13177510804005418,0.09985172542419998,0.11180541380670728,0.11472398135448203,2.8217555730512675e-26,0.0898002727980871,0.029209298073601352,0.1448517474462595,0.0
947,0.00858610774913981,0.07794272638765617,0.20038098654362557,0.11013780437272196,0.03583360122962842,0.09360300782215479,0.0005502830836931325,0.22892809749909573,0.047229848109193034,0.013396406563295507,0.05104411719287747,0.18985090142581681,0.08894746888231159,0.040894685971895446,0.0023776148743765114,0.08125907338979144,0.09381419718555627,0.3739915784523351,0.10913666679537054,0.20589141571178973,0.1230173395107666,1.1895301231955572e-05,0.1096988958203002,0.08475843058193949,0.059975341191109366,0.0062321672716831545,0.09778694157129486,0.12593683249165855,0.07477877899903665,0.05350175503560385,0.0013325427153169068,0.10505622707418169,0.20107374024290503,0.06344606753962502,0.07408533582532106,0.05218521853347004,0.08430026406555423,0.049229310733711285,0.1546952257806747,0.07280298308184653,0.06835627184088816,0.04013094526807316,0.23459294428089936,0.19027733123196558,0.20920705138193335,3.891399353393239e-07,0.009504070918923736,0.01698285567496403,0.32892358057844484,0.0
948,0.028557873088802307,0.17208388035324396,0.08921192188563733,0.08833047346405999,0.1330236095241675,0.1007067279361169,0.033554320034059705,0.14203519133045403,0.022094486264089646,0.08738230653938422,0.048716120527201194,0.30621852121166404,0.4345305469638963,0.01779754715539236,0.019575114855778685,0.03598771808215639,0.18055711536080216,0.19244714740165325,0.22018433695893472,0.20544819386723007,0.04192090765355569,0.06313117035464265,0.1308565727911631,0.16995814289142028,0.13070242957552614,0.010807456945543905,0.2531956921685684,0.23943819579452938,0.038949310808320904,0.05236849642477679,0.0026068212183643735,0.09142411165004788,0.2057504285669838,0.3952740784324711,0.24777662688600133,0.03192050815358805,0.03776738308980241,0.10426635918189163,0.03636977316232448,0.03661952249863687,0.017078574032710406,0.03585554858810032,0.35829122684029485,0.08868975127511138,0.10836993745554371,0.008761200259873437,0.03688915179771003,0.006211996053226463,0.12926317953623825,0.0
949,0.03144779343617477,0.19963373406349866,0.3260241863029157,0.03271125925972949,0.2262135466341409,0.08422673588096226,0.003508669367668682,0.08021995198257983,0.2641913854761269,0.0313800427672039,0.036475797330743874,0.40190825696773147,0.13288527042454368,3.1874640810820263e-06,4.113155017781843e-06,0.3581654043466667,0.09736335566156284,0.21342533985082174,0.019899882078737424,0.18490093328314167,0.10441544698461792,2.1629424293225814e-05,0.24521989142893613,0.03561312857482482,0.032604926843605476,0.029855170202693057,0.16804375434714877,0.02196803570634286,0.0031120388320170444,0.0764378932892708,0.054756199487147855,0.05320752837835426,0.19105873830100542,0.2662684577242345,0.16426808967420684,0.1794262817638652,0.1256237905102021,0.0675577987892709,0.13750767263699112,0.020617449347957967,0.05964462513576717,0.12166757357912861,0.0615811310776449,0.27236625671093917,0.10841466243851614,5.1629385064851e-07,0.006811746723115589,0.04315959944735937,0.13479538257309345,0.0
950,0.13741391812246936,0.12925142896639447,0.18601330466338187,0.052011806139616465,0.21236231916760695,0.1365139133033095,0.0005370253592842005,0.04324948872676764,0.01673958779035167,0.054898736373484455,0.053720227392342626,0.2982863814554189,0.06568571099614495,3.486563476078732e-07,0.0177581033848772,0.015715111022492408,0.32195748536436736,0.08585266976758661,0.06304027849016293,0.10550790917458755,0.018730180590387526,0.012006646523590589,0.044053317228202576,0.13187526619772075,0.06038103993548568,0.022621425476588547,0.14256846896236358,0.1948310220460549,0.04387533091206941,0.03203777706427814,0.04892013224097185,0.1384138352052098,0.06277785464562434,0.03322017598063236,0.1477942379627945,0.07778343895198532,0.035748242971593513,0.02466184712753491,0.0664294298425547,0.0825059537508101,0.01618115114127931,0.04670996275138751,0.5757476859679422,0.16669997889460214,0.09818067728675349,0.03614003206793523,0.05690193610606234,0.048251740482744596,0.2449971915667554,0.0
951,0.061097702198771135,0.03851899885306233,0.08877280792508471,0.18980186285729378,0.03487956780576232,0.09446204591796026,0.020421593773067306,0.33382410586844613,0.09884927381588214,0.17433703823336896,0.02279581676765519,0.03134126999728148,0.19693348697440288,5.5689778478399706e-05,0.018446639211282152,0.1764540239207295,0.1629427521931039,0.09942968377890533,0.08120952995924884,0.045601630261183156,0.01985270592364332,0.02509306386033449,0.24745347585474015,0.023187700427273156,0.042316727685139784,0.05026532267570493,0.2512254533397193,0.07757042068468503,0.004752868445921425,0.12283430993927705,0.0059290535260295785,0.07157179937388637,0.376029958139508,0.0749208345245194,0.07719734424414411,0.03165607054168343,0.11382655189652492,0.04756297137159174,0.2501416408303175,0.11378961005417207,0.020642239027593986,0.13443784087612837,0.21665335027181248,0.4583400473652934,0.13495744376720986,2.6913286781674047e-12,0.01652525529736292,0.034893113369590126,0.09165465881417174,0.0
952,0.038809021532461706,0.09048289971535502,0.09735043748400829,0.14073112601144988,0.0815488311192259,0.31765042450185593,0.1879154402436071,0.3067059825126175,0.053962001316556624,0.00020192842706577476,0.020720246288522336,0.17639157879584236,0.1404746850114798,0.00022805962239055882,0.053769957414648815,0.00928782702476891,0.29698617839607727,0.12635632769674723,0.1284218803033793,0.08064388451639423,0.0006392930745645761,0.0036229562711446797,0.3706438243378709,0.05899760711771369,0.09547955030908489,0.0057580555260584925,0.13154410412752135,0.15188782589164995,0.0031594364140919806,0.11991223592213002,0.05807814424392802,0.12571675010154154,0.18139002968730583,0.20170834449772507,0.08948933438736084,0.0060641362288559805,0.09520672107693595,0.05246878659621853,0.3280256732647178,0.00888741815642155,0.07040804752092046,0.17006470059958562,0.04097022432091071,0.09205477716091108,0.3560204567855509,1.1124617848257533e-05,0.3690857461315458,0.07749449134769222,0.25802561246070854,0.0
953,0.19842873811735978,0.12075473718269569,0.058208830157943536,0.04683833632120764,0.11180531959448363,0.27152710005256103,0.0007669578503445374,0.4125633680686204,0.131277552669919,0.010122122898926365,0.017266777328559777,0.2724920311622387,0.258399722495541,0.0359571497828652,0.00028004769119007307,0.0527027351503807,0.2112271010931646,0.3354590443493356,0.14383745197609607,0.17117497193838535,0.026022301747881754,0.04204692099346514,0.09753761377428809,0.01833558274528399,0.14016475340531898,0.0022733043580296756,0.18282091965806194,0.12456514674344361,0.11087795704890059,0.09905673279702124,0.06333705182360047,0.22069369488312243,0.21403341695515704,0.19367405698997323,0.10493558210583988,0.11275298429317022,0.18504261156514953,0.1489960382062,0.5179414213878154,0.04675716088917205,0.016709123841813733,0.22989846789166132,0.15338318953148486,0.09848635958488497,0.26517238849813607,1.908964162377198e-09,0.04538178277856478,0.0025620482485926477,0.1932594132287388,0.0
954,0.11393323381616945,0.06765866785965434,0.03709796822927054,0.09395513167466844,0.14029521586398525,0.19148895670176388,0.004699733574978113,0.1329035147947744,0.07549879685461676,0.00018908224388254911,0.025073573993542674,0.1701912306785189,0.24225434461041073,0.102910274708339,0.0054459209461033345,0.10188601034390195,0.17719273726788867,0.2480930832134457,0.03698851856381478,0.06082688582047524,0.014499383556717005,0.0013542667359611848,0.11618174836615468,0.09307720267854724,0.05430044428657321,0.02595850359388276,0.08468890008122848,0.09529928829165224,0.005270836126516845,0.07778958965480219,0.00016645433802628566,0.06965552495686599,0.09317116793474625,0.020580861240654662,0.15798670620472963,0.1734836946472202,0.034595931338479505,0.03302867087721156,0.19914970227313364,0.03446478774408009,0.03726969165447406,0.09974371733855275,0.102902609154321,0.08975717993614325,0.43149149081082017,0.0005044415403401368,0.04088885932367193,8.185077749843226e-05,0.24307476949983584,0.0
955,0.042423673444618344,0.04250681708294508,0.17975158308721456,0.08130857507199703,0.16529013584021784,0.081951021572698,0.10673442764594629,0.24815822913266034,0.11382176182954398,0.0019943444645097283,0.10896221710156707,0.4821660947662284,0.05694139176417025,0.00015928399129773227,0.006364916941063495,0.05510888643707408,0.13703744009009455,0.48680189119831446,0.24226822339045523,0.1680439470196998,0.009608904905364046,0.001643661289401121,0.050858622797581396,0.31537539276220594,0.05677680801348855,0.08889054575815851,0.19678877298403008,0.3039194825819252,0.061263968859808546,0.11240113115145171,0.0016297403571396512,0.01595349881341621,0.337501595005417,0.2637220767494471,0.09835021451865018,0.011066600922833986,0.11105930062148238,0.024785045454576434,0.07495273425852002,0.030778065679075373,0.07639924393618569,0.07761641298541971,0.08617602410122649,0.18645197002086694,0.08301193273552818,5.52083665876358e-09,0.07414133041904401,0.04303454232460083,0.11026447975094256,0.0
956,0.08143914226797515,0.05917373063267797,0.293478405749488,0.15357851734435377,0.1450800292751023,0.18129017740434203,0.01597518427478506,0.33529600150265393,0.2019107479910691,0.09055413500783427,0.010927015924861517,0.1361393804242014,0.1990521421492531,0.06293827757318728,7.575258197542185e-09,0.0940005458590872,0.03464850303557472,0.12441784654184064,0.20382809727899062,0.15301800535800306,0.022873278763535527,0.056062786703148286,0.145341871345818,0.0997060647284554,0.21159792750470793,0.1881936262089795,0.13713439268857033,0.05983048767925381,0.003664878522674125,0.12841867965865708,0.056460268287660764,0.1883986260871643,0.09154087876816251,0.27089617327073623,0.14987897343139645,0.0029843875764592634,0.0891792129309207,0.14055541306606006,0.336466695587058,0.0009646851421763094,0.006466987430544933,0.08466153313786876,0.27826129647116926,0.06567105849927536,0.16044606594027552,0.000586986702297082,0.11852765740160105,0.09756248859942644,0.46501066131997,0.0
957,0.09474218094092232,0.06944185322405853,0.17475078929092014,0.0961754414649052,0.14136159873496287,0.370721605161658,0.06563280543099309,0.18043272527848128,0.185076371518576,0.00020638950372636863,0.07697487761867516,0.2719613823338583,0.5021504718911258,0.04625693420769281,0.015418748074715442,0.05075300499786265,0.03988984113257655,0.1677241040561346,0.041516061664894265,0.20764084211614703,0.04779162011369437,0.06219184689416889,0.3074030281440518,0.014342923581554779,0.13861361834339003,0.008757836862952773,0.13194799295490095,0.10695550944733985,0.021755513580722936,0.14745539778881933,0.05043087631237854,0.11550165341663886,0.21306365503776953,0.2215845464793724,0.020858786351266832,0.003607467745070864,0.35859462018531496,0.030902578729556218,0.3270253228267788,0.021707136794329552,0.06500991578855404,0.08897959763813319,0.188150453616712,0.15917078864484296,0.4288547208152713,0.0017997587116066953,0.04895546063857399,0.005053443011919218,0.35635979629045783,0.0
958,0.08661045641048454,0.040551973479868005,0.28767194841731997,0.11278474463471623,0.133394888031209,0.21307905522390877,0.01003808366176835,0.07518729127449343,0.07348295216901823,0.01301752224164482,0.08188618019608518,0.09659274882555371,0.19765218282923427,0.019301535311946005,0.03579714314607011,0.06802368668527398,0.16546706372199602,0.2692217825372428,0.07046719034826669,0.31561516899784897,0.06699779607178898,0.008940671536597807,0.12230995900669227,0.15464425406226037,0.16080128511708724,0.010018641709429007,0.10483586817755526,0.032483433194981745,0.02118855503769062,0.17851756619606773,2.6513936526053334e-05,0.3760618113069616,0.04107783450030566,0.2090493905226273,0.1106391780562127,0.030762663128154313,0.06475472031498992,0.44424677340259483,0.19090644389173386,0.10239852302717913,0.04833540915992082,0.055278028989319695,0.2061567961279053,0.1930637311256759,0.24454323737551065,0.001700983886442536,0.15355337555228887,0.18004056913256172,0.1303970969123861,0.0
959,0.1527983940432952,0.0849927159448078,0.09720226906087705,0.35083748815312,0.08396842851800146,0.20214896853483774,0.06970135313199262,0.0963701574257398,0.10528011204302466,0.006394174228026668,0.0005464303709203183,0.20385330455752618,0.12965466890038363,0.000364600503400393,0.0012304098215731945,0.06184580907269984,0.2876841615691277,0.3450983569544502,0.1574994178951769,0.3363163234039562,0.01946037040151079,0.019592510780042063,0.12557156961847257,0.09118123957567564,0.16875714686317134,0.004659914917197055,0.20794378039584765,0.08295307444690923,0.03860307414091714,0.09918888593770474,0.013014697229959776,0.07937080397349722,0.04499141844899808,0.08238078317260224,0.31371096985131824,0.014802100063445713,0.07955917601307638,0.009639281751987422,0.2776682258810986,0.005938116910299569,0.011556977712524489,0.18856134531673174,0.13363888934502696,0.04698281563226811,0.3708858076195899,6.874424232561736e-10,0.08315613351392298,0.09036184472062632,0.0725786081586959,0.0
960,0.08844669930328829,0.1605941170440291,0.14364646701217387,0.16830190940075915,0.12012231838335272,0.1573375701796111,0.05886681530567419,0.18533781314862102,0.02711700795864153,0.039466746415381754,0.011515542503759739,0.25610633217087336,0.32653264595211406,0.0017367963182207129,3.5598733853943786e-05,0.02263755464349273,0.21671652575580636,0.04634109004825341,0.10379557314219871,0.22367236061114681,0.07875536926970197,0.048445594387067845,0.2624624002405864,0.07462832303537982,0.10652974984983068,0.02675170649133162,0.3204496280622038,0.015516527002119645,0.0018415562850801071,0.08480892368195736,0.049333461638555814,0.027212516566807534,0.06867450532427558,0.17785011177148682,0.22354672154907396,0.03077760631538698,0.04090449696412518,0.07190380662801664,0.36698973627139275,0.04887187537912397,0.01865273365135388,0.05172924785346908,0.02165824608567935,0.035205327532180426,0.0907943328259348,0.1729125236659866,0.06576658618975897,0.023213549580942825,0.28059549595675604,0.0
961,0.1537083145159304,0.05639976658062448,0.25042153587585253,0.0587729883466757,0.1813342456890244,0.16655947325684053,0.03026659052198029,0.11872857351354658,0.08847811046284246,0.014861642488269804,0.0010632185498042003,0.08978569290518496,0.21327561920440732,3.0940751620635665e-06,0.01086072347999544,0.01961629971466758,0.1650251637055011,0.23857195969314776,0.1766389549440098,0.2926484592785525,0.010749959817338528,0.011206135568381273,0.09857290392856308,0.1148849776886213,0.23883944115963474,0.08672592451353013,0.10206383578747003,0.1597202229543654,0.008888790304912159,0.047030932180520305,0.11532261704353723,0.21701726131508198,0.27162089005896545,0.06539778891710352,0.029147059191212365,0.024717716713822117,0.03806631493646771,0.25801428381956937,0.022512116951803125,0.09401871837662673,0.04565026496315097,0.2578567473308211,0.164344084797604,0.07919001025232016,0.05540545437449694,0.000215386089362278,0.2100270255607047,0.05777016994606128,0.14728174279762649,0.0
962,0.0764775030043134,0.1232834502457837,0.04515368309639087,0.20281609310565143,0.28705320243497534,0.14406582222926678,0.17137583588917682,0.1582272293284466,0.04913308268582913,0.009129037068204726,0.05019874224950288,0.2893232992456396,0.1998556368578876,0.02054248923103564,0.008512611976501737,0.005004739400691399,0.3635771846947025,0.1705493725395187,0.15731609127587184,0.12721988683147353,0.013235939017742202,1.946029971855881e-06,0.12240118050730575,0.1878016424055918,0.08904370116531964,0.05806719148459629,0.182004010043118,0.024990695784005854,0.14215972797460102,0.04382477094253429,0.04896884773203017,0.07430814517902194,0.24952259538679858,0.05566936307791334,0.05099892831991738,0.023758792445180588,0.01080535921252027,0.03747016711559973,0.08747204283418306,0.029387011197755913,0.014844011110205549,0.008852825259094126,0.13247890446617774,0.15159035096615367,0.20237937037140977,1.1577653561179324e-07,0.07020250426128936,0.0155974145127575,0.4139995932838378,0.0
963,0.028009541262063016,0.31864774859180794,0.1394652804243909,0.06079671407962959,0.027432872477749667,0.18951932524569656,0.025019886325880713,0.07310547080228064,0.03195613892828398,0.009128471985393303,0.252367416518277,0.20649408445423362,0.2877261375034546,0.0001793016979111762,0.005507104763323619,0.01227504898112492,0.21476580155049027,0.13982942811650553,0.17274686049056662,0.09076672328770832,0.018756529418172685,0.00095122815912637,0.2256610830316869,0.07698374657294842,0.09341875764801905,0.07597874723563067,0.040529394986418874,0.024932523720956237,0.1741017432305323,0.26368205487190605,0.03846980165532492,0.036951769123412324,0.1841821838533546,0.12177552473222847,0.148243569378052,0.13488902675908823,0.15049321674534233,0.1340442874833707,0.20586475571538668,0.08753708773904106,0.06897481226272878,0.10042243616838055,0.3450993796816394,0.08034223372757818,0.20444802795166164,1.28288803204761e-07,0.14059056348029794,0.002638761513722441,0.061464281447117027,0.0
964,0.32020947131192656,0.07182707190040317,0.038829554629039253,0.10556327138027388,0.2724780198801644,0.20807862634666344,0.10748095501347141,0.2266321722775391,0.16082053269860355,0.0005620025528099148,0.0162318841787758,0.26351276228229525,0.10195082746987838,0.00017948315417447609,0.008342446425737882,0.06168051442893533,0.033977337111822874,0.2948699569238212,0.00847190380887465,0.14968096973595932,0.007713406543970716,0.008675093809703955,0.2986825757017671,0.13229422493029355,0.20493921624960698,0.01463183848200954,0.5642479802612338,0.1973711327397882,0.014064337723800937,0.10029475329026301,0.004463508642828273,0.12121469765915485,0.23525974161171356,0.15700514306020086,0.028569489643851666,0.023709224230678772,0.022744151624320797,0.032609925221723506,0.2505205967805389,0.2596238620028192,0.004230722821967311,0.017602428980908597,0.28162551689032184,0.1772957970115787,0.24433585349180792,0.001110523818006183,0.07795953667847226,0.004615296189286406,0.15430340717900434,0.0
965,0.19321345682510835,0.0565514171157156,0.23037331482436288,0.016304018511191013,0.1934379237028971,0.09431379801688276,0.0039031454132891826,0.05158013013689145,0.14583458997584706,0.08404524195288758,0.03250192103347329,0.32093114124947086,0.22260145963034783,0.0020183852730400503,0.0005348823831419896,0.057592058311089774,0.25744619841861893,0.18456069442136686,0.1623364077317399,0.13990128182409742,0.05926658379876653,0.0004357354905361934,0.25198200291575784,0.16431526540020536,0.17076203699400438,0.06477972811173224,0.15602645460577572,0.07870895879086773,0.010076218724492617,0.0700446374294808,0.0047411164376567365,0.3290527523235438,0.13450206782689217,0.18323426123552294,0.07913176077535375,0.034823846315564164,0.048596515313010104,0.14750544278986769,0.22059801813045096,0.015494764971620775,0.012843021336709575,0.08539524375630127,0.27328145835145856,0.3958405852985127,0.23434826969735026,0.014304258677122539,0.12336950858855911,0.012911737089448165,0.041391079327670215,0.0
966,0.09849792650992754,0.17373583669735565,0.038930419050558454,0.18081852998447415,0.054169189464951174,0.3590106143993022,0.09317407421920772,0.2481318927073863,0.04100507225525205,0.02828970512576605,0.031607776479015796,0.1396334006451077,0.058221628322877514,1.3972902224284775e-05,0.0022974249409741933,0.009785129552489733,0.23065036972546626,0.08512493409126073,0.016093011027050155,0.15103553244740023,0.11629113276343171,4.5054334468327525e-05,0.09912798614901741,0.11751974478715316,0.23043932790173982,0.07391545164386877,0.11701489595350847,0.1373361404933954,0.011568301860951645,0.05605682806250906,0.06265459795634042,0.2442017009140776,0.13511965329097994,0.12346809639301104,0.07557535290088001,0.014442126526279448,0.02802318514107301,0.010445672828608652,0.17722326181655862,0.08204080585684448,0.16504382905824955,0.16556046477610242,0.33181219729454453,0.20940914041113876,0.07206194004294549,1.9570345382964325e-08,0.2912027479135067,0.05076669591508876,0.28175360518452974,0.0
967,0.04200337940784693,0.030211229669000774,0.3037652420447046,0.19623101102584065,0.1827009886139556,0.147083361048831,0.03821859315635233,0.08390800265327655,0.15713690074959194,1.8825766371873171e-06,0.05874189836457865,0.20764056065828995,0.17810772486332557,0.0024468088062461267,0.0002122374238352863,0.008600808339852476,0.2467899275783714,0.12347329696018922,0.09365208469688528,0.2594331189802955,0.014075873034156515,0.04451213781339493,0.15430225351319374,0.0809724389751888,0.02157410530954501,0.07894842299941436,0.2779727911325213,0.18655307994625328,0.0248320929346819,0.05613573184344024,0.03342246812240222,0.060187446021373825,0.14059638590679255,0.18762732434125567,0.0985464183511727,0.08321355644951837,0.06985494290636723,0.2642457467231017,0.09241283634552623,0.04821500379153181,0.038872296396481695,0.11521296693710223,0.3400922241619487,0.3467658561741799,0.10165415903882215,8.698255113025287e-13,0.018021508305874748,0.050265716864760834,0.18620365792179877,0.0
968,0.028728873134997498,0.04009738441851291,0.25024968255634406,0.13276680333883986,0.2220886087375514,0.1615865155603678,0.05170598870418722,0.11677165772998985,0.03609060485492219,0.01299141006800285,0.12118860710991983,0.4193360585062065,0.1798504642237933,2.036741872282921e-05,0.0020038648417423643,0.030366793098572254,0.25472340468254606,0.3308284179898722,0.013776510011654742,0.2362144426277536,0.03419813142831369,0.0007712943046672826,0.06702172491681459,0.011276037848221019,0.12964485412566212,0.03471599258642599,0.44014140526996937,0.05516538294786809,0.041556467660699085,0.101805880977987,0.03554315567837066,0.045449106081895535,0.053923775988961774,0.12468872939951937,0.1504381107928062,0.0754197377516152,0.1269261175699646,0.023245809033892586,0.24341557127483907,0.06332822642604864,0.02375706574278272,0.06430029028044004,0.16584395508926464,0.165269841307826,0.29432435135341367,2.178634046800391e-12,0.03465640441827626,0.04810769031022705,0.07804987398540779,0.0
969,0.06808540409647511,0.10254125637196435,0.1428519918152032,0.1489690816821462,0.28217968999829324,0.38307563597393474,0.044539609987411494,0.16592928727865108,0.0381003019049858,0.00014792389381920154,0.02002275869014426,0.05955090918978628,0.12592905030135154,5.342350575116249e-05,0.0028726396474659317,0.11952507773394296,0.2640058182087738,0.24339461329318765,0.08905135457197566,0.2896340003526746,0.020014099286104498,0.006679677689323024,0.07944667461655419,0.11386748442760927,0.14377460344891638,0.006832248602359224,0.28625750332285854,0.12975498855054002,0.09901466967647612,0.012149828592726723,0.052375242620038225,0.14627626105397876,0.4373657072523462,0.17803582281029215,0.18462595711066238,0.11828326672941432,0.13331375742670118,0.21529355811540782,0.09949294558197719,0.06048139530575566,0.11319800534112277,0.16689212704802478,0.20905451316784168,0.06340076463767065,0.017464919431643848,0.0007228566036604867,0.08605948702813355,0.007423445640098031,0.10065268677487699,0.0
970,0.03234091715645697,0.07833946348699809,0.1262634842657915,0.10141446665903922,0.16044918011468148,0.27175115550103596,0.024813258627287532,0.1408322199192816,0.1955351512086827,0.0028161080022373647,0.0036434729343028777,0.141103677378237,0.23471997137711784,0.0007929372143103209,0.00021315424895731997,0.0980483931172408,0.20766737761951667,0.11238998661425488,0.18154384113229852,0.3037527696535987,0.024198188798290877,0.01592722679642176,0.14934753125966155,0.15424699786069943,0.21810865006742147,0.08790826530037284,0.12720446908149965,0.03650497838693942,0.01361390108457689,0.059110099250163736,0.010262569129867843,0.26131328415479926,0.11217814859000504,0.3357740593074619,0.23379213545377567,0.01856524013642054,0.058396325817630435,0.06127585913988287,0.39060970362476904,0.04025646238910412,0.10766393957818991,0.13941907386036648,0.34658295236326764,0.15199023653472812,0.20624276646841586,0.06805413100237226,0.008569465159522024,0.015442150672765208,0.5117260956611981,0.0
971,0.1693132987127826,0.14425501414584974,0.308547898097798,0.14369206063488077,0.08761841010250503,0.08254893430634906,6.52158876928627e-05,0.20727469753464736,0.27992148048794574,0.0004586094784097046,0.01635561530863747,0.2194384005598794,0.05465088636175108,0.034756121693755596,0.0012952683901138234,0.13211136195264064,0.33207076389598583,0.30325555780890284,0.07108864765405738,0.1548291419967217,0.0269503477112785,3.3497965695681564e-07,0.11213725022994578,0.2412291868277183,0.0419308673173165,0.028022607287869795,0.12628100390289526,0.06925230961977012,0.0014607690247121165,0.08163194360434649,0.0036598177534124727,0.007281199842108504,0.2948706627087077,0.2543469615621505,0.15894348765781374,0.05461619557971452,0.2344345687668533,0.01642382197064844,0.056844356343030394,0.07371099853257419,0.13394491042231393,0.09805476528235116,0.1426077406240543,0.20148476780843197,0.30350527833467095,1.4242229337477457e-08,0.11334834562693034,0.029992583658193427,0.23701729852783363,0.0
972,0.3362379485200074,0.09971859080000632,0.09723528818026594,0.13598197892640435,0.1825366695745886,0.15424210058002708,0.009479901411351289,0.2705952581051416,0.10662718041120324,0.0029058695305205612,0.11411088711644268,0.14795911558516225,0.20726595842194903,0.0024393470446230268,2.22269537779854e-05,0.26601732665103883,0.22029232021383172,0.09065761139017957,0.10560994328578271,0.32663026411147283,0.00254908043377579,0.0014057745037061155,0.12289981138393893,0.054742901209232565,0.1610548078416384,0.12040548008405477,0.17832000021014854,0.07866060715417503,0.007522102589273173,0.07539362408991396,0.005059032105914603,0.04366144137687041,0.18817724004416778,0.1076320299929512,0.1859324052690159,0.11774391027898122,0.16523282855798657,0.09887853035667796,0.19436066054222897,0.04873332592296847,0.14628007421705871,0.12928651766824267,0.2661561940451265,0.195542477774894,0.16823833700981053,4.341909619549642e-07,0.04816759249594516,0.06880364394213796,0.1066151075170543,0.0
973,0.0706149534222604,0.2530046496215624,0.08743848723468124,0.08930404447927637,0.188776841966999,0.12212718104688124,0.01754364157866248,0.20182842021772615,0.08114172940757108,0.000423095485983147,0.07722275103909186,0.14307793197757965,0.18064650915701036,0.0018894602136217329,0.005222661437830947,0.08708352510818382,0.1908247338449707,0.07673735632019212,0.03773920918565591,0.05474226340875888,0.03675919375813934,0.0002330641865053354,0.07929742184258007,0.03831958697305742,0.1260611353112497,0.02270019039304373,0.20256867675548149,0.08567031713480554,3.123716325706813e-05,0.022877134745821825,0.03746509513608097,0.04891908503499962,0.17634857260445722,0.08708441736109823,0.13184405348601053,0.047477959380895336,0.2189963105568014,0.1455424345593767,0.14859434610869054,0.015964303622196398,0.06545876949539481,0.14778525715674906,0.3785070450089052,0.1581842553175749,0.25943459693520776,0.0017533033727092136,0.01963375327993348,0.07965430882922006,0.1479068804419294,0.0
974,0.18521033941100062,0.16527353141250337,0.13700511267166773,0.06177790435343935,0.09060455731564793,0.21155610060006536,0.08226706160468215,0.10807343255164799,0.011061242717778235,0.0010231010906538904,0.02577250750182529,0.21590930482376858,0.16908623525058236,0.0006054485759542878,0.0010199385262207145,0.04257553972489035,0.1282927177874391,0.2654550428971301,0.034034057659881836,0.25292671439264913,0.0005617643315440933,0.01688115650686703,0.13455368162032377,0.029518710983202627,0.05606386369106373,0.0021968507918793245,0.3545232429172438,0.09946529107632189,0.0044101860051444395,0.24791222037010266,0.03748865464193922,0.043243059065082703,0.2872885904482052,0.29080507930887545,0.14556378220068444,0.09194709171630173,0.13033732645766863,0.1388618308589334,0.07726440451847345,0.0024796688095998,0.11561091574565403,0.2953509941320994,0.045260755693126216,0.21095979836088347,0.20673408033459284,4.017588577929751e-36,0.09906018604031194,0.017470271721554326,0.265113035538845,0.0
975,0.04805345870887534,0.05955039110189478,0.12491813611174897,0.05118888555855238,0.04751849581174035,0.32608172080284964,0.12304462711764577,0.12586395866231523,0.21723432706249157,0.1248223141154691,0.0570713047514182,0.21424526337311922,0.12392746520321479,0.0010774699997339256,0.002148938940831819,0.12376321544479428,0.19407429569610846,0.10832684869317016,0.2919404073650567,0.11780594869495449,0.2377264586722335,0.013309368700839708,0.21003554117709153,0.10342832445965296,0.20100573048288983,0.02896098681853783,0.3191082152448632,0.14186713350571345,0.013817096070712787,0.20958298807073764,0.007337453142219619,0.0716831477332117,0.07314615012553517,0.17984822177662516,0.08414442224519207,0.14498013570883816,0.05720280689263955,0.01727818107951753,0.20602524880714915,0.029254800455779474,0.02064633523841781,0.11443024655760253,0.3071986428610329,0.11068062187157673,0.18237604596022222,0.0014076867601752528,0.06522670382170445,0.029423980676318594,0.4240150484427084,0.0
976,0.05680115157850719,0.07902272821308615,0.11958809560679579,0.1458342680556904,0.08069893870135561,0.1419867067968184,0.07894395938665247,0.338314070510672,0.41108757889627007,0.031686707294348825,0.030546685465469434,0.08763597735040456,0.17326695087857266,0.0015022539794286335,0.001966299145261037,0.017051829746645285,0.23640126743502948,0.017154247574258017,0.2334506065689563,0.0993246060363061,0.004753766084608064,6.78786191678238e-05,0.032866662667432926,0.041638650559645364,0.11229691272589898,0.023729871292999454,0.2952934328632545,0.1429882913863218,0.0873490330336811,0.19218038092974007,0.10926938820154754,0.11140395042792768,0.2177135530871253,0.16786607045238539,0.187598485518055,0.03794228595454232,0.04115958013651646,0.09489160767610068,0.23213565713972165,0.10417926038987542,0.08196767581451277,0.010661565278882748,0.20484212226049586,0.19509654329994464,0.25904853227646435,7.504502424832347e-08,0.056218199248301216,0.028294470552319324,0.13686335079973824,0.0
977,0.364755542654229,0.08571791366938483,0.14635313722257604,0.36876111114002,0.19465434038148913,0.21863078594714505,0.10084246711463363,0.17401392666413182,0.051627779578454054,0.01329355228735101,0.10302200110065562,0.0525662099171244,0.016954072706646783,0.09084094264733608,9.674324022385908e-07,0.08093046008072788,0.42103494776250244,0.15678120229981607,0.10835660746128466,0.1461978458480439,0.0006633597845515496,0.016027488340072,0.12601610874444522,0.22610737461703442,0.22279334444559873,0.057725764195184576,0.07736820167030381,0.06247509587743557,0.05531582355821806,0.0776474738425367,0.0033073537522593636,0.0673057542369583,0.09665778845859312,0.12789120146814176,0.0931928383064248,0.00021725932081239176,0.08291939042197564,0.09889154009864465,0.15858407670861022,0.004121899856557596,0.030818976277897148,0.05229757834766539,0.2814293809566497,0.1089016773615235,0.18231723753020376,6.201283546122053e-11,0.11371018497814007,0.008572228645584039,0.22113785837405509,0.0
978,0.08158120708437241,0.05089976872765584,0.1100967188896344,0.025252622095125923,0.15682923564572882,0.05894886815878619,0.11719843054839214,0.20650257414685155,0.17352075138141795,0.015011030362896569,0.01652690554030238,0.3261933078709343,0.07637752633019607,0.015971201915012483,0.00024364129753677382,0.17317183354126597,0.2313577967693033,0.1604130006654558,0.12920554088271002,0.203739034302385,0.019010408066406692,0.04903280196122419,0.11778445558153275,0.12285057712830626,0.027683948104242073,0.010388147075572788,0.12517354861772562,0.08868262358933454,0.10632730620648723,0.04951908398518509,0.02955967174803845,0.05832023669952093,0.11791053991741168,0.10848382525810586,0.16928351092137947,0.07196270293493612,0.024950158746739233,0.03706184175959281,0.14439300454789245,0.008616022800016004,0.0753526464408921,0.1289174959449981,0.15690984936437768,0.07577455355181731,0.21244647178010378,0.0005429253526208719,0.0602540882133747,0.08911277576649303,0.31005261801271605,0.0
979,0.1380523229186414,0.055375070105785,0.18970414606891786,0.07278998670302891,0.14933474404361818,0.18890296482935692,0.09781956078013598,0.06675719035229502,0.08509327168205473,0.004446354690235266,0.0012851224225407713,0.2801959020533775,0.13818845358895965,0.011504564330219175,0.01438978524344358,0.043575709890519676,0.1604296997734482,0.1178266234780693,0.1393848996901105,0.11848681964926987,0.0005363240406500362,0.012493302829857156,0.14328181892318526,0.05781807206309068,0.11464485559298514,0.06992625511326417,0.27023600374091644,0.21892574849141638,0.014358747672436329,0.1072860173893279,0.003900200407427389,0.028344495756986027,0.14585859985564525,0.41839449259815037,0.08890677141766035,0.12245255117905186,0.19044514810823937,0.07755651836674189,0.192424887745757,0.0450687888784001,0.07395210323550769,0.04576386863379996,0.11737022473036753,0.130755312096965,0.1646678350747016,9.210402936778801e-09,0.04245975819454862,0.03433160420694226,0.27881000625761804,0.0
980,0.06976170713849855,0.10066947018523366,0.10499279748826251,0.0727369542300304,0.27957487445491813,0.020165918962222053,0.055354227732457996,0.5093006254455559,0.04357168177311913,0.0005569228296842817,0.07705666891191292,0.2455582601584229,0.03212956954251811,0.0018637550318778772,0.003967636825189089,0.06488563849919382,0.0667264327292114,0.1297480169135082,0.08858107711424747,0.15355601632702856,0.004321500356810446,5.1299836265528914e-12,0.13450908759519226,0.25344390687122226,0.17007038333602106,0.007779615944277548,0.13475264389314867,0.1456269415881832,0.007214676631334443,0.08243708502793015,0.057566198872494895,0.025981925949947287,0.13613606368345998,0.07471699315457922,0.13563263083305213,0.007632374041479195,0.09681731063690038,0.053447946114016216,0.40418874175441677,0.11402015969037022,0.14876260868276267,0.08764678469467892,0.2774095105197612,0.04893681745703655,0.16475035719030987,1.1304916073623747e-08,0.021630682293299074,0.009190404851479246,0.13903928101492896,0.0
981,0.06161418778660232,0.01950307661648185,0.10341446595258852,0.16863624470504002,0.1752150592894165,0.29326501537159183,0.04168136366264414,0.27885970762527895,0.12157868502050918,0.0022847767472675435,0.06144004765718179,0.11202336926138422,0.18398850982385495,0.007141182574435101,0.1600666689922509,0.1821129280980833,0.14681164349568482,0.11119827271919547,0.07469589352104668,0.0693538842902054,0.003537838324432364,1.26563178434048e-05,0.1246133913816768,0.04078727770626671,0.16091927370998824,0.12019418431463177,0.28475138984945925,0.06455317789209764,0.02144670670993438,0.03350809743974007,0.025682909743688594,0.09175690408560007,0.14051603682750882,0.16940346103068166,0.3518813020297445,0.0007325113502301032,0.020322009041750626,0.003927264280043883,0.17482462847932526,0.07119275680661075,0.03211623090650129,0.05342906561933803,0.3497562156555599,0.08472262930459776,0.3071457855132693,0.009758778996173256,0.014461082413407558,0.08114336202195759,0.21994919271234847,0.0
982,0.069316685608115,0.09512920335240471,0.08730247714853401,0.13101421814644854,0.15056224671748383,0.035399999542417265,0.008277059060614576,0.1424882219718287,0.13038092569980617,0.02675753823128301,0.007739759608099458,0.16857194458281213,0.07257715314647922,0.006631888547240416,1.4155045104268914e-06,0.05966560522937983,0.2890572508590973,0.10421035965465904,0.09434509817603252,0.20488154773305656,0.01494594162870492,0.036581836592337005,0.33749184281264294,0.004020279276546882,0.0690395870151369,0.029279135473304425,0.1781528721057044,0.13863278368889598,0.03588911410348766,0.0823880733770807,0.007318508073385802,0.01241736626616924,0.08994537287168075,0.08087136402814252,0.06708508658068198,3.336565526155848e-06,0.13909414307196466,0.0727649806441349,0.07087916315957442,0.005994887269198025,0.09461352446428113,0.04073519774569072,0.09812133424123358,0.08923707838591632,0.02725049384140476,7.223884686204736e-14,0.10916246865855467,0.006653222317453141,0.11227320065151347,0.0
983,0.06808770293409225,0.189603615413631,0.10287385768600733,0.14898431317451039,0.17049638311484314,0.1527930785287572,0.0025937630372353986,0.28198813604670364,0.2002416758146907,0.006299184548115834,0.008331765335890931,0.34421268080249395,0.3154187929493727,1.7627855842865245e-05,0.06957652274558619,0.04637062683852732,0.29426678070377316,0.1587940697729363,0.0791037001419456,0.27670448530758035,0.04201619599162176,8.118856203137744e-06,0.09841506318953339,0.036373691987425176,0.07744786478814414,0.04426559815868892,0.24553276649824415,0.08701350328810957,0.0357535502948778,0.23042694329072794,0.00027922311292738624,0.1956984858222881,0.20056360126061465,0.311124077401494,0.22277006914170466,0.01641593023073843,0.16521369520582666,0.16967955373417865,0.16775885985853453,0.01927809810162951,0.05269487864984389,0.09249936450481945,0.5149837336916048,0.05799333002980643,0.09946510056085679,9.021132857953485e-07,0.1047290406931486,0.014814727719107839,0.1899437521641857,0.0
984,0.06792780360697616,0.05476847527347422,0.2354008156821519,0.059936405355511806,0.09417531402007918,0.11303638553475476,0.12834982757940272,0.38380713284750173,0.033761232057569805,0.0011750898833513411,0.14999297218239455,0.15641649533598925,0.1262955739899662,9.917051368545869e-05,0.00034709056895969217,0.004763068589621883,0.20934843519363006,0.03623507528596652,0.10170401402626167,0.03848193373209809,0.1467236904179495,3.579490272376092e-05,0.1763908666540881,0.30761680726148305,0.12479440704033996,0.02129211307401231,0.37332613814961596,0.011537596831739067,0.0056914933639076095,0.36201369542240586,0.03696713805923876,0.25275317382739254,0.20780777764633543,0.19799776910995406,0.21654187268255937,0.012398600256730534,0.12328005825050836,0.09355109020513001,0.05286548487853163,0.10588817336724625,0.009449626360522186,0.09278244792249997,0.23232553461278943,0.12053048160343584,0.19023451119905077,0.000941225129111206,0.16355912155367577,0.10637789100484368,0.22549057250013788,0.0
985,0.00976815428236757,0.05916419456471392,0.10295563839369234,0.06535568521113808,0.3458411610596579,0.14245712839643418,0.03713091623692936,0.13451342133098412,0.07913895354184784,0.035236553719799356,0.21125557896597194,0.13158411132065212,0.1820520602336501,0.00031372445428996245,0.00145027582061748,0.21885937359504065,0.29407274926300975,0.2691972531968002,0.09404282535385079,0.11081087449582351,0.019598407425511756,0.0036644236287421577,0.2225256837630577,0.018247801416894447,0.011849400701991093,0.002637523890093306,0.1580438587135726,0.08368889176104281,0.031481821341569065,0.0419784188116434,0.15549670021965198,0.0837272113731025,0.32330563876910307,0.09777493756778974,0.19646927803629305,0.001823513843675316,0.04027958957065191,0.19698117970453663,0.21212954638841286,0.0549738625817089,0.05208729483655488,0.02640146260453344,0.17377823369420067,0.22859551743415432,0.125586242871338,2.750370359836754e-06,0.034118526377625955,0.006095552897698853,0.10655269198450319,0.0
986,0.14520588019085195,0.03456601876928787,0.30834589373280546,0.16183251214988192,0.11070630172481484,0.1786476931898897,0.016316891046716884,0.37379204919905173,0.13812103816361085,0.052242486253041356,0.028605280602164745,0.13914505658481013,0.31250622886920504,0.007839012361014978,0.023980721314610678,0.03024800059212602,0.07629431735850134,0.3588171052025717,0.1790163660188322,0.11812104991235216,0.09252103880590014,0.000837552788612316,0.33502371551104543,0.10141164248207545,0.11533899833836433,0.0810536647128955,0.13358123897695617,0.198282337577145,0.05788587513984471,0.07524701418133849,0.004469634935494283,0.04956148815931008,0.23824736611039943,0.35411721623182485,0.1293207908002394,0.0076327079127025315,0.08618324164095663,0.02252439515425846,0.09185965390657345,0.10564135285682039,0.07681750437551352,0.20583414619916302,0.17553545900863565,0.21643080872882411,0.09898755294700082,1.1295270168469173e-18,0.022744273392037793,0.06442052215653454,0.24882531549876416,0.0
987,0.06310072735497495,0.039278797536562944,0.14041192444235295,0.20947358591388623,0.14317707133049293,0.27146707839682915,0.10198557618636393,0.12348581636974088,0.1264980414302865,0.006576899423811333,0.06423391228679406,0.19097606605724407,0.05681804945958637,8.689511407630469e-07,2.293492287507588e-06,0.031820138803733355,0.4163347102681499,0.11484925991346487,0.10285549146504573,0.13645283957119209,0.030043215609051682,0.013406133547186715,0.029152526022572556,0.013591892733182011,0.2053678313749182,0.010383039083853464,0.1372138441801912,0.04165838299438155,0.017797646334761285,0.2064128770149058,0.026422726985927368,0.03924084725075151,0.2910493161663677,0.12288515897659714,0.14808648649654055,0.0003314407766024183,0.07239018825165482,0.06194267319602398,0.1170241121604047,0.020873179769232173,0.02926211491995565,0.18072030854285384,0.3288871430375724,0.220718523871896,0.28058044514513064,3.840826565106984e-06,0.07899320943185642,0.038349028102968676,0.17078448209999297,0.0
988,0.07760958595218166,0.08883576769900417,0.26792080183837236,0.25092534939507094,0.22844639223665544,0.2690480824120962,0.05509462897165171,0.14359228833439386,0.1617615014465043,0.0033410175373696175,0.037181943015295246,0.31339690588513197,0.0750359969825999,0.0004469603893620233,0.004178714393917156,0.023612687997495063,0.2459723313572746,0.09556364698868558,0.1848854839055159,0.18642897571872433,0.00018528870582194498,0.002281749100604692,0.060379964061280024,0.10616240515427422,0.06745475744826487,0.0075828925328142475,0.23113237585754723,0.04164502922492144,0.010275315975920532,0.0437278694333101,0.08528901548154086,0.10206943756804016,0.1537474759260017,0.2889231256054816,0.07148475598815358,0.004500540387920865,0.0498611047290912,0.034113421785598286,0.38918420619157407,0.08735981944657195,0.07591953304030113,0.011775052163224622,0.1731927049760369,0.09946742939875053,0.08618340021061908,0.0007782583819407571,0.1827331467972721,0.05413165162866102,0.13919011904309073,0.0
989,0.10484342384268137,0.13401684795809707,0.24144115628898696,0.07531059072254886,0.11784833704864367,0.16101959861664827,0.07809859570165648,0.12861668300873758,0.08315832728376392,0.004795145247020036,0.14148654073429198,0.07694399677424306,0.3880409331002855,0.02368590922630908,6.174524731805467e-05,0.09385037512543414,0.37216628416451675,0.23698296553836468,0.40390056980179706,0.14071403391471005,0.013968642122695803,3.6788195933594753e-06,0.1562422445841683,0.03168272768357397,0.10123723544429378,0.006937447248418803,0.14179924652156953,0.19255096583037792,0.00012589336001151967,0.1530854580025812,0.024562050540601104,0.008829170459550726,0.21496040135949912,0.1948867680883134,0.08929956553256507,0.010115225072618552,0.23588615929692547,0.04950198588393676,0.0478510349667381,0.023700908763169846,0.09607293211040065,0.053813551100656075,0.11958676669954035,0.13218594631438968,0.09983137300972175,0.0001143025921009879,0.16621289587957228,0.06953545217247482,0.22331803589610216,0.0
990,0.1422535457175937,0.07258827179417035,0.1223279874190394,0.07052963160955089,0.15335497581678847,0.19218646305637743,0.03318810768836241,0.12136824031959918,0.19362696388665443,0.019650817755756386,0.014610537442497504,0.14275449505398677,0.22670299771001512,3.9265921344625743e-07,9.178040696089775e-05,0.00738032022490664,0.04464225109455574,0.08663926590040381,0.1729567554846657,0.24669827510856798,0.040628350631117714,0.037058183208747514,0.059052043568783,0.0948971394971755,0.09335796670803422,0.006384597374785365,0.3467081179538843,0.2528023022643725,0.03891529660641808,0.03553806065452971,0.03057036685813981,0.02474855884432485,0.1124751630226706,0.18035659016799208,0.09626646373407209,0.048587922579680094,0.04722456645495149,0.0387508808172604,0.2164398452403473,0.025555521214642676,0.12547069166663727,0.02905862799717746,0.29305346220898376,0.23270796584267586,0.1266227924468436,0.0025042034021429765,0.11480707773515944,0.00783266118689827,0.11738197605528583,0.0
991,0.20320328197119722,0.035283457903072114,0.20648137283266113,0.1335883353653532,0.3147089284117975,0.06998475459746516,0.11413245096032382,0.12715083119952608,0.18164273939921013,0.018090831396680333,0.008802911802167293,0.14082715892912492,0.18070810560775905,0.00011820971316003932,0.0009746460727143591,0.020798217729705193,0.21649111060563087,0.16174897886187053,0.21523037394762468,0.09712545891140936,0.05160213144787607,0.008098926067429279,0.10997237817422262,0.0002443144337630735,0.18672022990277856,0.00516017223772441,0.10377470177959432,0.02916990358799782,0.08284928608582429,0.04565637938379477,0.05079780112829198,0.06703803991013634,0.3219402476495629,0.27739791888201015,0.20583498462531172,0.0043569485903308,0.0770899603940827,0.004127925851048398,0.1250977421197179,0.044150204197597465,0.04680070244378967,0.12447188862424123,0.2650705118793064,0.11669603049826821,0.18039382707468915,1.5492449664684053e-10,0.030938662062902987,0.022680194816635017,0.2539324029879265,0.0
992,0.11289877713758216,0.02353569090493839,0.2939242820171846,0.09567577610125479,0.14568649484340965,0.14137941433485648,0.04598630605076799,0.26922811700330485,0.10367297206032064,0.002589483767933754,0.15204233351187035,0.2017287959789078,0.06261692313758864,0.0024094295004993232,1.7562469413715725e-05,0.17765345479695793,0.061361105898493515,0.24938287393835587,0.12304272816975355,0.1853879229659219,0.2369082130463764,0.0004973004124925797,0.04930194792349988,0.117987177420714,0.027917101137993453,0.013701625503067163,0.08738912641357197,0.12582961268372167,0.06590017909916905,0.05378782132798384,0.036874489088590305,0.13700802242240884,0.19341813404319994,0.1460645170367178,0.14924908388040578,0.03395952804281112,0.05530577099403484,0.20810926395663118,0.11114504684601414,0.004741241754602028,0.026570181662365966,0.3174455147010222,0.282793517528514,0.0798599661334814,0.29388132861989713,0.00016514842100683714,0.19483213677649105,0.046793932705441,0.2223204391191835,0.0
993,0.10196245104346302,0.22832407251075143,0.17284988931598183,0.03122702710835695,0.07498017866055945,0.32826570516936,0.0022787519715492185,0.050903662414929836,0.08393536143002225,0.0038596705909721,0.1454364583324675,0.13064693213263112,0.12538663958516635,0.0051621399123088,0.0001083846596481983,0.0890516674701534,0.25691193846281407,0.2976776869412654,0.0707531327513869,0.11132161595174866,0.05290471454713634,0.010318671292369125,0.1768551481739388,0.060008212088970454,0.17733250821811422,0.00976100546106606,0.2194718150998353,0.11912695447682481,1.3513591798901883e-05,0.025803430135930328,0.027616190197641374,0.1844337854159335,0.16615141979375414,0.20920852286733835,0.07055321582702838,0.045636668766264744,0.23148612514936823,0.033498337383810896,0.1946267919087458,0.11785534016525451,0.03426236431033809,0.05966066687142704,0.08035612579179831,0.16519280421897714,0.16425072046121253,1.867193581040775e-05,0.022552021687110187,0.014703728177577792,0.12318691488164316,0.0
994,0.10034206026185832,0.09319493466485212,0.3163365985829743,0.08224506028821447,0.42549863622819495,0.06971610034322447,0.15719347422228658,0.24244423517527,0.13372482850973427,0.005195175490230105,0.005523843382063695,0.38013630167622975,0.22082827955812057,0.00083288534517888,0.00014012451063311515,0.020301747831185445,0.19758589075649666,0.17016484835676085,0.17832168519183278,0.11867847017294439,0.08810613157732326,0.0014426437590388454,0.05565615658384598,0.036623059398732595,0.05879138171464407,0.005826647438461108,0.12367065890942618,0.19443401049679515,0.010114048417489127,0.11077204783913701,0.0467303757252341,0.18753299013096367,0.23373697560717596,0.15292640466436008,0.09836690471415094,0.024517410433284436,0.20962929331613933,0.20839889045443563,0.2151283702549253,0.04469252518418323,0.014351553791883145,0.16927928007681986,0.13027030501482256,0.027803506128306264,0.11026398490875675,3.547557478538049e-09,0.11182851193973754,0.05598742858022524,0.1806911446202469,0.0
995,0.23802688668890862,0.1719349251754192,0.1704751020182901,0.0613361336866662,0.04822698233449435,0.20063545820025822,0.07669994271961048,0.1502327314274433,0.3930818015601351,0.01845936468190312,0.006528253196329902,0.08595463379653014,0.21981783166737806,0.09479455619060863,0.00040449884396435005,0.1589090984899379,0.22730771601954883,0.4133696202446254,0.06301475806860928,0.09084142329959867,0.09210530968297356,0.00012081006519396054,0.18249440124688304,0.17645262062536768,0.13704350699963508,0.008968640806089188,0.21944206170591932,0.13952193213154893,2.9049856578929134e-05,0.12378287818988815,0.00828253761631503,0.1695559337283213,0.24946063124533305,0.18506509553049122,0.06719417391341857,0.027853825646718584,0.02189071992847307,0.06643247869790997,0.1020576268004004,0.09380221173511427,0.02162401026296542,0.11080685539249749,0.2726273381029987,0.029526612845216047,0.1576130305655514,8.839596208602922e-06,0.04121195446792946,0.00043187238164558317,0.30457692747846105,0.0
996,0.16870276276421156,0.04031258136221736,0.2710143786669961,0.12160429566563209,0.11690898445655735,0.10097003167566773,0.004830372967330663,0.27322516521938517,0.1728494317349647,0.034391928443635034,0.10515721027501976,0.21194498465612954,0.11391569712962031,0.10342796245822593,0.004577630203633774,0.12161607482650118,0.29002867816475003,0.26748946064605955,0.05796032175502295,0.04656847847955455,0.052142819430688415,0.005669116136053141,0.1938413598147691,0.021548100645205102,0.09517401759754884,0.018629409871477494,0.1971337326838131,0.04952524533556923,0.00034955571312728475,0.03360058867819087,0.009985161926446303,0.07990840381908645,0.1110142670027268,0.17987620585036773,0.06973732512976567,0.06575171349990122,0.06728268527847986,0.010571806621622258,0.10747640132372614,0.010230191136388418,0.03527514248336379,0.05547297253615747,0.10656691621881399,0.12415662502670105,0.0034723570869914498,2.4257580655547656e-05,0.2584243585089131,0.005273107252400462,0.16134473776157918,0.0
997,0.1524854551930815,0.05272335682851856,0.12862615641100858,0.1247496394959536,0.14143275737542932,0.10214432160176562,0.0076381979710936085,0.16560364701025881,0.011022863404214522,0.020841924527063044,0.0062113949355850715,0.2012344136998014,0.14452750525972735,8.349989694839729e-07,1.917986210414203e-07,0.04265280086663565,0.28198411195407774,0.07747524546971706,0.04972459565913616,0.036822733552565254,0.07150979598406124,6.997945840532385e-06,0.20856208135333168,0.054368287828210286,0.08041768036520112,0.01282719520847157,0.19595529810348516,0.06155388013631331,0.023933829747655417,0.0302230058351675,0.17126341827747046,0.007673118293272569,0.2411673483937756,0.11196633207852992,0.00784066529036439,0.03825229283617158,0.16118800482458517,0.029038536609978304,0.28410800354983706,0.14285420504044508,0.1878761695086739,0.0980319601364569,0.397931580545304,0.08156676539388137,0.14789990580432621,2.4142300047180818e-11,0.024998326423822714,0.01355236312221309,0.05956228282484966,0.0
998,0.09858760745185499,0.0670772782311481,0.1486702229580505,0.0504747834479673,0.05536073228822264,0.16386233347197202,0.013697604618328127,0.35260123433505,0.08817205339941818,0.06798415169102255,0.12721323954483316,0.29299639539796735,0.09930945345231032,0.007106225219535676,0.04467729716414962,0.14091927669094736,0.3890237856535474,0.15189406894732183,0.20712765495033508,0.3128987122413237,0.017109442352324006,0.006891772395210909,0.24258927282934697,0.19647851778467024,0.016073213923253817,0.07913789603552919,0.03222282831787194,0.1758234675688495,0.08085047852829798,0.04306225215222767,0.003933374890029697,0.011491422157824012,0.41891451313693506,0.07393527204664507,0.10885156174067186,0.0925772269306634,0.03454840645750502,0.13973669297638175,0.07805562798405008,0.0495023946854848,0.05185091436855679,0.08928980212407767,0.2241163510963281,0.15690787487487526,0.17519412795797396,1.3615917170443692e-06,0.10196546865660523,0.0008934153286080063,0.17914458079222595,0.0
999,0.10295770222229145,0.10059172421109579,0.11042165629087697,0.232178500447225,0.06487867365527614,0.09092913351356005,0.0023266171750980745,0.20697050364811687,0.03601086459999322,0.05674414398425535,0.037212078232581665,0.1320919451939612,0.2548974123109711,0.0001445120411060461,0.009460387158281177,0.10849950919262487,0.10497486205740165,0.08652984469364919,0.1290430043821038,0.13705835133598043,0.054142233696551606,0.0028859154456829304,0.09717337530144282,0.07950486610111089,0.08796248812332459,0.04422973832124317,0.20107873298284384,0.058161497548259916,0.0022321827879489818,0.1741762238797476,0.01105498934257422,0.21738841778757212,0.08263239808300207,0.178220258668215,0.2253721752914956,0.03342850689810509,0.056099061496604895,0.05691531303141516,0.1791378760920302,0.14456283971848377,0.16660907810996417,0.012312284231307688,0.12986714680756187,0.12505999779577678,0.19135348714270312,0.0008467643759970524,0.21053342614982024,0.018848760493044403,0.15524143852686487,0.0
